time=[0.0000000000
, 0.9588999748
, 1.9579999447
, 2.9588999748
, 3.9807000160
, 4.9890999794
, 5.9840002060
, 6.9840002060
, 7.9815001488
, 8.9840002060
, 9.9856996536
, 10.9806995392
, 11.9822998047
, 12.9756002426
, 13.9856996536
, 14.9856996536
, 15.9764995575
, 16.9655990601
, 17.9580001831
, 18.9580001831
, 19.9689006805
, 21.1098995209
, 21.9580001831
, 22.9622001648
, 23.9571990967
, 24.9571990967
, 25.9571990967
, 26.9571990967
, 27.9571990967
, 28.9571990967
, 29.9580001831
, 30.9580001831
, 31.9596996307
, 32.9580001831
, 33.9571990967
, 34.9571990967
, 35.9681015015
, 37.1072998047
, 37.9571990967
, 38.9571990967
, 39.9589004517
, 40.9580001831
, 41.9580001831
, 42.9571990967
, 43.9604988098
, 44.9571990967
, 45.9571990967
, 46.9571990967
, 47.9571990967
, 48.9597015381
, 49.9580001831
, 50.9580001831
, 51.9688987732
, 53.1072998047
, 53.9589004517
, 54.9597015381
, 55.9664001465
, 56.9571990967
, 57.9580001831
, 58.9597015381
, 59.9589004517
, 60.9580001831
, 61.9646987915
, 62.9571990967
, 63.9891014099
, 64.9589004517
, 65.9571990967
, 66.9571990967
, 67.9806976318
, 69.1324996948
, 69.9614028931
, 70.9589004517
, 71.9589004517
, 72.9857025146
, 73.9814987183
, 74.9857025146
, 75.9822998047
, 76.9849014282
, 77.9822998047
, 78.9756011963
, 79.9806976318
, 80.9730987549
, 81.9840011597
, 82.9814987183
, 83.9773025513
, 85.1383972168
, 85.9597015381
, 86.9580001831
, 87.9571990967
, 88.9571990967
, 89.9589004517
, 90.9580001831
, 91.9580001831
, 92.9571990967
, 93.9571990967
, 94.9571990967
, 95.9571990967
, 96.9589004517
, 97.9589004517
, 98.9571990967
, 99.9681015015
, 101.1032028198
, 101.9580001831
, 102.9571990967
, 103.9571990967
, 104.9571990967
, 105.9571990967
, 106.9571990967
, 107.9571990967
, 108.9571990967
, 109.9571990967
, 110.9580001831
, 111.9580001831
, 112.9571990967
, 113.9571990967
, 114.9580001831
, 115.9672012329
, 116.9621963501
, 117.9589004517
, 118.9571990967
, 119.9571990967
, 120.9580001831
, 121.9580001831
, 122.9571990967
, 123.9571990967
, 124.9571990967
, 125.9571990967
, 126.9580001831
, 127.9580001831
, 128.9579925537
, 129.9588928223
, 130.9579925537
, 131.9848937988
, 132.9857025146
, 133.9839935303
, 134.9790039063
, 135.9739990234
, 136.9848937988
, 137.9873962402
, 138.9797973633
, 139.9822998047
, 140.9714050293
, 141.9882049561
, 142.9747924805
, 143.9765014648
, 144.9698028564
, 145.9579925537
, 146.9604949951
, 147.9680938721
, 148.9671936035
, 149.9588928223
, 150.9579925537
, 151.9588928223
, 152.9579925537
, 153.9579925537
, 154.9588928223
, 155.9579925537
, 156.9579925537
, 157.9571990967
, 158.9579925537
, 159.9588928223
, 160.9588928223
, 161.9579925537
, 162.9579925537
, 163.9689025879
, 164.9597015381
, 165.9604949951
, 166.9571990967
, 167.9571990967
, 168.9571990967
, 169.9571990967
, 170.9579925537
, 171.9579925537
, 172.9571990967
, 173.9571990967
, 174.9571990967
, 175.9571990967
, 176.9571990967
, 177.9571990967
, 178.9571990967
, 179.9664001465
, 180.9588928223
, 181.9597015381
, 182.9571990967
, 183.9571990967
, 184.9571990967
, 185.9571990967
, 186.9571990967
, 187.9571990967
, 188.9571990967
, 189.9571990967
, 190.9571990967
, 191.9571990967
, 192.9571990967
, 194.0000000000
, 194.9588928223
, 195.9832000732
, 196.9864959717
, 197.9832000732
, 198.9797973633
, 199.9723052979
, 200.9797973633
, 201.9739990234
, 202.9822998047
, 203.9857025146
, 204.9790039063
, 205.9815063477
, 206.9765014648
, 207.9756011963
, 208.9656066895
, 209.9571990967
, 210.9597015381
, 211.9647064209
, 212.9579925537
, 213.9588928223
, 214.9579925537
, 215.9579925537
, 216.9631042480
, 217.9571990967
, 218.9571990967
, 219.9571990967
, 220.9571990967
, 221.9579925537
, 222.9571990967
, 223.9571990967
, 224.9588928223
, 225.9765014648
, 226.9781951904
, 227.9815063477
, 228.9781951904
, 229.9790039063
, 230.9848937988
, 231.9613952637
, 232.9579925537
, 233.9571990967
, 234.9571990967
, 236.0570068359
, 236.9579925537
, 237.9579925537
, 238.9579925537
, 239.9571990967
, 240.9579925537
, 241.9579925537
, 242.9571990967
, 243.9698028564
, 245.1072998047
, 245.9579925537
, 246.9571990967
, 247.9579925537
, 248.9571990967
, 249.9571990967
, 250.9588928223
, 251.9579925537
, 252.9579925537
, 253.9588928223
, 254.9671936035
, 255.9579925537
, 256.9580078125
, 257.9572143555
, 258.9572143555
, 259.9797973633
, 260.9831848145
, 261.9831848145
, 262.9772949219
, 263.9747924805
, 264.9797973633
, 265.9747924805
, 266.9831848145
, 267.9848937988
, 268.9840087891
, 269.9840087891
, 270.9782104492
, 271.9772949219
, 272.9706115723
, 273.9613952637
, 275.1072998047
, 275.9671936035
, 277.1040039063
, 277.9588928223
, 278.9580078125
, 279.9605102539
, 280.9605102539
, 281.9588928223
, 282.9588928223
, 283.9588928223
, 284.9580078125
, 285.9580078125
, 286.9580078125
, 287.9580078125
, 288.9580078125
, 289.9572143555
, 290.9580078125
, 291.9714050293
, 293.1072998047
, 293.9580078125
, 294.9596862793
, 295.9588928223
, 296.9580078125
, 297.9580078125
, 298.9580078125
, 299.9631042480
, 300.9588928223
, 301.9588928223
, 302.9588928223
, 303.9580078125
, 304.9580078125
, 305.9580078125
, 306.9580078125
, 307.9706115723
, 308.9739990234
, 309.9790039063
, 310.9631042480
, 311.9588928223
, 312.9588928223
, 313.9596862793
, 314.9580078125
, 315.9580078125
, 316.9596862793
, 317.9605102539
, 318.9580078125
, 319.9580078125
, 320.9580078125
, 321.9588928223
, 322.9580078125
, 323.9765014648
, 324.9873962402
, 325.9856872559
, 326.9790039063
, 327.9739990234
, 328.9831848145
, 329.9815063477
, 330.9856872559
, 331.9840087891
, 332.9822998047
, 333.9831848145
, 334.9790039063
, 335.9765014648
, 336.9697875977
, 337.9572143555
, 338.9572143555
, 339.9722900391
, 341.0964050293
, 341.9580078125
, 343.0091857910
, 343.9572143555
, 344.9572143555
, 345.9572143555
, 346.9572143555
, 347.9572143555
, 348.9588928223
, 349.9572143555
, 350.9572143555
, 351.9580078125
, 352.9621887207
, 353.9572143555
, 354.9588928223
, 355.9689025879
, 356.9580078125
, 357.9580078125
, 358.9572143555
, 359.9572143555
, 360.9572143555
, 361.9580078125
, 362.9572143555
, 363.9572143555
, 364.9580078125
, 365.9572143555
, 366.9572143555
, 367.9572143555
, 368.9572143555
, 369.9572143555
, 370.9572143555
, 371.9681091309
, 372.9580078125
, 373.9588928223
, 374.9572143555
, 375.9572143555
, 376.9572143555
, 377.9572143555
, 378.9572143555
, 379.9572143555
, 380.9588928223
, 381.9572143555
, 382.9572143555
, 383.9572143555
, 384.9572143555
, 385.9572143555
, 386.9572143555
, 387.9681091309
, 388.9605102539
, 389.9588928223
, 390.9580078125
, 391.9580078125
, 392.9572143555
, 393.9572143555
, 394.9572143555
, 395.9572143555
, 396.9572143555
, 397.9572143555
, 398.9572143555
, 399.9572143555
, 400.9580078125
, 401.9572143555
, 402.9580078125
, 403.9790039063
, 404.9906921387
, 405.9865112305
, 406.9797973633
, 407.9755859375
, 408.9797973633
, 409.9765014648
, 410.9848937988
, 411.9831848145
, 412.9831848145
, 413.9831848145
, 414.9765014648
, 415.9765014648
, 416.9739990234
, 417.9747924805
, 418.9840087891
, 419.9772949219
, 420.9840087891
, 421.9739990234
, 422.9739990234
, 423.9831848145
, 424.9580078125
, 425.9572143555
, 426.9580078125
, 427.9689025879
, 428.9681091309
, 429.9596862793
, 430.9605102539
, 431.9681091309
, 432.9621887207
, 433.9580078125
, 434.9588928223
, 435.9807128906
, 436.9596862793
, 437.9613952637
, 438.9580078125
, 439.9671936035
, 440.9613952637
, 441.9588928223
, 442.9671936035
, 443.9681091309
, 444.9596862793
, 445.9580078125
, 446.9572143555
, 447.9580078125
, 448.9580078125
, 449.9580078125
, 450.9580078125
, 451.9714050293
, 452.9588928223
, 453.9605102539
, 454.9588928223
, 455.9580078125
, 456.9572143555
, 457.9572143555
, 458.9580078125
, 459.9572143555
, 460.9580078125
, 461.9588928223
, 462.9580078125
, 463.9580078125
, 464.9588928223
, 465.9580078125
, 466.9588928223
, 467.9790039063
, 468.9906921387
, 469.9873962402
, 470.9807128906
, 471.9755859375
, 472.9822998047
, 473.9782104492
, 474.9873962402
