position=[0.0068543837
, 0.0072351829
, 0.0076159821
, 0.0079967817
, 0.0083775800
, 0.0087583791
, 0.0091391783
, 0.0099007767
, 0.0106623750
, 0.0114239734
, 0.0121855717
, 0.0129471701
, 0.0137087675
, 0.0148511650
, 0.0156127634
, 0.0167551599
, 0.0178975575
, 0.0194207542
, 0.0205631517
, 0.0217055492
, 0.0232287459
, 0.0247519426
, 0.0262751393
, 0.0277983341
, 0.0293215308
, 0.0312255267
, 0.0331295207
, 0.0346527174
, 0.0365567133
, 0.0384607092
, 0.0407455042
, 0.0426495001
, 0.0449342951
, 0.0472190902
, 0.0491230860
, 0.0517886803
, 0.0540734753
, 0.0567390658
, 0.0590238608
, 0.0616894551
, 0.0643550530
, 0.0670206398
, 0.0696862340
, 0.0723518282
, 0.0753982216
, 0.0780638158
, 0.0811102092
, 0.0841566026
, 0.0875837952
, 0.0906301886
, 0.0936765820
, 0.0971037745
, 0.1005309671
, 0.1043389589
, 0.1073853523
, 0.1111933365
, 0.1146205291
, 0.1184285209
, 0.1218557134
, 0.1256637126
, 0.1294717044
, 0.1336604804
, 0.1374684721
, 0.1416572630
, 0.1458460540
, 0.1496540457
, 0.1542236358
, 0.1584124267
, 0.1629820168
, 0.1679324061
, 0.1717403978
, 0.1759291887
, 0.1804987788
, 0.1854491681
, 0.1900187582
, 0.1949691474
, 0.1999195367
, 0.2048699260
, 0.2098203152
, 0.2147707045
, 0.2197210789
, 0.2250522673
, 0.2300026566
, 0.2353338450
, 0.2406650335
, 0.2471386194
, 0.2513274252
, 0.2570393980
, 0.2623705864
, 0.2680825591
, 0.2737945616
, 0.2795065343
, 0.2852185369
, 0.2913113236
, 0.2970232964
, 0.3031160831
, 0.3092088699
, 0.3153016567
, 0.3213944435
, 0.3274872303
, 0.3339608312
, 0.3411960006
, 0.3469080031
, 0.3533815742
, 0.3598551452
, 0.3663287461
, 0.3728023171
, 0.3796567023
, 0.3865110874
, 0.3933654726
, 0.4002198577
, 0.4070742428
, 0.4143094420
, 0.4211638272
, 0.4283989966
, 0.4356341958
, 0.4428693652
, 0.4501045346
, 0.4573397338
, 0.4649557173
, 0.4721908867
, 0.4798068702
, 0.4874228537
, 0.4950388372
, 0.5026548505
, 0.5106515884
, 0.5182675719
, 0.5262643695
, 0.5342611670
, 0.5422579050
, 0.5502547026
, 0.5586323142
, 0.5670098662
, 0.5753874779
, 0.5837650299
, 0.5917618275
, 0.6001393795
, 0.6088978052
, 0.6176561713
, 0.6260337234
, 0.6347920895
, 0.6431697011
, 0.6523088813
, 0.6610672474
, 0.6698256135
, 0.6789647937
, 0.6877232194
, 0.6968623996
, 0.7060015202
, 0.7151407003
, 0.7242798805
, 0.7337998748
, 0.7429390550
, 0.7524590492
, 0.7619790435
, 0.7714989781
, 0.7813997865
, 0.7909197211
, 0.8004397154
, 0.8103405237
, 0.8202412724
, 0.8301420808
, 0.8400428295
, 0.8503243923
, 0.8606060147
, 0.8705067635
, 0.8807883263
, 0.8910698891
, 0.9013515115
, 0.9116330743
, 0.9219146371
, 0.9325770140
, 0.9432393909
, 0.9539017677
, 0.9645641446
, 0.9752265215
, 0.9858888984
, 0.9969320893
, 1.0079752207
, 1.0186376572
, 1.0300616026
, 1.0411047935
, 1.0521479845
, 1.0631910563
, 1.0746151209
, 1.0860390663
, 1.0970822573
, 1.1088869572
, 1.1203110218
, 1.1317349672
, 1.1435396671
, 1.1549637318
, 1.1667684317
, 1.1785732508
, 1.1911395788
, 1.2025636435
, 1.2147492170
, 1.2269346714
, 1.2391202450
, 1.2509250641
, 1.2631106377
, 1.2756769657
, 1.2878625393
, 1.3000481129
, 1.3126145601
, 1.3251808882
, 1.3373664618
, 1.3499327898
, 1.3624992371
, 1.3750655651
, 1.3876320124
, 1.4001983404
, 1.4131455421
, 1.4257118702
, 1.4382781982
, 1.4512254000
, 1.4641726017
, 1.4771198034
, 1.4896861315
, 1.5026333332
, 1.5155804157
, 1.5285276175
, 1.5414748192
, 1.5544220209
, 1.5677499771
, 1.5806970596
, 1.5940250158
, 1.6073530912
, 1.6203001738
, 1.6336281300
, 1.6465753317
, 1.6599032879
, 1.6728504896
, 1.6857976913
, 1.6991256475
, 1.7124536037
, 1.7269239426
, 1.7387287617
, 1.7520567179
, 1.7653846741
, 1.7787126303
, 1.7920405865
, 1.8053685427
, 1.8186964989
, 1.8324053288
, 1.8476372957
, 1.8590612411
, 1.8723891973
, 1.8857171535
, 1.8990451097
, 1.9127539396
, 1.9260818958
, 1.9394098520
, 1.9531186819
, 1.9664466381
, 1.9801553488
, 1.9934833050
, 2.0068113804
, 2.0205199718
, 2.0338480473
, 2.0479376316
, 2.0612654686
, 2.0749742985
, 2.0883023739
, 2.1020112038
, 2.1157197952
, 2.1290478706
, 2.1427567005
, 2.1564652920
, 2.1697933674
, 2.1835021973
, 2.1968300343
, 2.2105388641
, 2.2238667011
, 2.2375755310
, 2.2531883717
, 2.2649931908
, 2.2802250385
, 2.2920298576
, 2.3053576946
, 2.3190665245
, 2.3327753544
, 2.3464841843
, 2.3601927757
, 2.3735208511
, 2.3872296810
, 2.4009382725
, 2.4146471024
, 2.4283559322
, 2.4420647621
, 2.4557733536
, 2.4694821835
, 2.4831910133
, 2.4988038540
, 2.5106084347
, 2.5243172646
, 2.5380260944
, 2.5517349243
, 2.5654435158
, 2.5791523457
, 2.5928611755
, 2.6065700054
, 2.6202785969
, 2.6339874268
, 2.6476962566
, 2.6614050865
, 2.6751136780
, 2.6888225079
, 2.7025313377
, 2.7166209221
, 2.7303295135
, 2.7436575890
, 2.7573664188
, 2.7710750103
, 2.7847838402
, 2.7984926701
, 2.8122014999
, 2.8262910843
, 2.8399996758
, 2.8537085056
, 2.8674173355
, 2.8811261654
, 2.8948347569
, 2.9085435867
, 2.9226331711
, 2.9367227554
, 2.9504315853
, 2.9641401768
, 2.9778490067
, 2.9915578365
, 3.0056474209
, 3.0193562508
, 3.0330648422
, 3.0467736721
, 3.0604825020
, 3.0741910934
, 3.0878999233
, 3.1016087532
, 3.1153175831
, 3.1290261745
, 3.1431157589
, 3.1583478451
, 3.1701526642
, 3.1850037575
, 3.1979508400
, 3.2116596699
, 3.2253684998
, 3.2390773296
, 3.2531666756
, 3.2668755054
, 3.2805843353
, 3.2942931652
, 3.3083827496
, 3.3220913410
, 3.3358001709
, 3.3495090008
, 3.3635985851
, 3.3773074150
, 3.3910160065
, 3.4047248363
, 3.4184336662
, 3.4325232506
, 3.4462318420
, 3.4599406719
, 3.4740302563
, 3.4877390862
, 3.5014479160
, 3.5151565075
, 3.5292460918
, 3.5429549217
, 3.5566637516
, 3.5703723431
, 3.5844619274
, 3.5981707573
, 3.6118795872
, 3.6259691715
, 3.6396780014
, 3.6533865929
, 3.6670954227
, 3.6811850071
, 3.6948938370
, 3.7086024284
, 3.7226920128
, 3.7364008427
, 3.7501096725
, 3.7638185024
, 3.7779078484
, 3.7916166782
, 3.8057062626
, 3.8194150925
, 3.8331239223
, 3.8468325138
, 3.8609220982
, 3.8746309280
, 3.8883397579
, 3.9024293423
, 3.9161379337
, 3.9298467636
, 3.9435555935
, 3.9576451778
, 3.9713540077
, 3.9850625992
, 3.9991521835
, 4.0128612518
, 4.0269503593
, 4.0410399437
, 4.0547490120
, 4.0684576035
, 4.0825471878
, 4.0962562561
, 4.1099648476
, 4.1240544319
, 4.1377630234
, 4.1518526077
, 4.1655616760
, 4.1792702675
, 4.1929788589
, 4.2066879272
, 4.2207775116
, 4.2348670959
, 4.2485756874
, 4.2622842789
, 4.2759933472
, 4.2897019386
, 4.3037915230
, 4.3171195984
, 4.3308281898
, 4.3449177742
, 4.3590073586
, 4.3727159500
, 4.3864250183
, 4.4001336098
, 4.4142231941
, 4.4279322624
, 4.4416408539
, 4.4553494453
, 4.4698200226
, 4.4831480980
, 4.4972376823
, 4.5109462738
, 4.5250358582
, 4.5387444496
, 4.5524535179
, 4.5665431023
, 4.5802516937
, 4.5939602852
, 4.6076693535
, 4.6213779449
, 4.6354675293
, 4.6491761208
, 4.6628851891
, 4.6769747734
, 4.6910643578
, 4.7043924332
, 4.7184815407
, 4.7321906090
, 4.7458992004
, 4.7596082687
, 4.7736978531
, 4.7874064445
, 4.8011150360
, 4.8152046204
, 4.8289136887
, 4.8426222801
, 4.8567118645
, 4.8704204559
, 4.8841295242
, 4.8978381157
, 4.9123086929
, 4.9263982773
, 4.9401068687
, 4.9538154602
, 4.9675245285
, 4.9816141129
, 4.9953227043
, 5.0090312958
, 5.0231208801
, 5.0368299484
, 5.0505385399
, 5.0642471313
, 5.0779561996
, 5.0916647911
, 5.1053738594
, 5.1190824509
, 5.1331720352
, 5.1491656303
, 5.1605896950
, 5.1746792793
, 5.1883878708
, 5.2020964622
, 5.2203750610
, 5.2298951149
, 5.2436037064
, 5.2603588104
, 5.2755908966
, 5.2851109505
, 5.2992005348
, 5.3129091263
, 5.3266177177
, 5.3403267860
, 5.3544163704
, 5.3704099655
, 5.3818340302
, 5.3955426216
, 5.4096322060
, 5.4233407974
, 5.4374303818
, 5.4511394501
, 5.4648480415
, 5.4789376259
, 5.4926462173
, 5.5063552856
, 5.5200638771
, 5.5341534615
, 5.5478620529
, 5.5615711212
, 5.5756607056
, 5.5912733078
, 5.6030778885
, 5.6171674728
, 5.6308765411
, 5.6445851326
, 5.6586747169
, 5.6723833084
, 5.6860923767
, 5.7001819611
, 5.7138905525
, 5.7275996208
, 5.7416892052
, 5.7553977966
, 5.7691063881
, 5.7831959724
