velocity=[0.0000000000
, 0.3971208632
, 0.3811421990
, 0.3804572225
, 0.3726739287
, 0.3776271343
, 0.3827511072
, 0.7615983486
, 0.7635071874
, 0.7596990466
, 0.7603062391
, 0.7654255629
, 0.7603806257
, 1.1501027346
, 0.7539835572
, 1.1423965693
, 1.1530052423
, 1.5399832726
, 1.1511449814
, 1.1423975229
, 1.5067721605
, 1.3349677324
, 1.7960093021
, 1.5168242455
, 1.5308525562
, 1.9039958715
, 1.9039939642
, 1.5231966972
, 1.9039958715
, 1.9039958715
, 2.2829661369
, 1.9039958715
, 2.2809188366
, 2.2886846066
, 1.9055223465
, 2.6655941010
, 2.2601540089
, 2.3398828506
, 2.6883127689
, 2.6655941010
, 2.6610705853
, 2.6679887772
, 2.6655941010
, 2.6677312851
, 3.0363743305
, 2.6744189262
, 3.0463933945
, 3.0463933945
, 3.4271926880
, 3.0387890339
, 3.0515851974
, 3.4271926880
, 3.3902437687
, 3.3450353146
, 3.5772559643
, 3.8049361706
, 3.4043879509
, 3.8433547020
, 3.4244492054
, 3.8015315533
, 3.8110446930
, 4.1925506592
, 3.7826533318
, 4.2204427719
, 4.0592904091
, 3.9265782833
, 4.5773777962
, 4.1887907982
, 4.4646768570
, 4.2979512215
, 4.5940127373
, 4.1992993355
, 4.5695900917
, 4.8211717606
, 4.5888810158
, 4.9296660423
, 4.9672913551
, 4.9375438690
, 4.9633021355
, 4.9837737083
, 4.9252729416
, 5.3720097542
, 4.8970003128
, 5.3445630074
, 5.3536534309
, 5.5754160881
, 5.1001873016
, 5.7217073441
, 5.3354625702
, 5.7119727135
, 5.7023010254
, 5.7171196938
, 5.7120027542
, 6.0976715088
, 5.7119727135
, 6.0927867889
, 6.0927867889
, 6.0824384689
, 6.0927867889
, 6.1031703949
, 6.4037842751
, 6.3740296364
, 6.6822886467
, 6.4787611961
, 6.4735708237
, 6.4736008644
, 6.4735708237
, 6.8543853760
, 6.8543853760
, 6.8543853760
, 6.8543853760
, 6.8488984108
, 7.2351989746
, 6.8598804474
, 7.2351694107
, 7.2294077873
, 7.1692051888
, 7.2715625763
, 7.2591247559
, 7.6289629936
, 7.2351694107
, 7.6098871231
, 7.6159834862
, 7.6220893860
, 7.6160135269
, 7.9967379570
, 7.6159834862
, 7.9903964996
, 7.9967975616
, 7.9967989922
, 7.9896049500
, 8.3851604462
, 8.1580896378
, 8.3708419800
, 8.3918933868
, 8.0368986130
, 8.4196920395
, 8.6640329361
, 8.7365036011
, 8.4416990280
, 8.7365036011
, 8.4698896408
, 8.9881792068
, 8.8774347305
, 8.7434234619
, 9.2008132935
, 8.8631019592
, 9.1163673401
, 9.0701971054
, 9.1474151611
, 9.2156772614
, 9.5285720825
, 9.1309595108
, 9.5285720825
, 9.5199947357
, 9.5113716125
, 9.9097299576
, 9.5199346542
, 9.5275535583
, 9.8929586411
, 9.8918437958
, 9.9008083344
, 9.9096698761
, 10.2815628052
, 10.1706600189
, 9.9926919937
, 10.2734117508
, 10.3155622482
, 10.2816219330
, 10.2815628052
, 10.2815628052
, 10.6539230347
, 10.6623764038
, 10.6708440781
, 10.6623764038
, 10.6623764038
, 10.6623764038
, 11.0431909561
, 11.0431308746
, 10.6624364853
, 11.3197917938
, 11.1267232895
, 11.0342674255
, 11.0707759857
, 11.4240646362
, 11.4239454269
, 11.0431909561
, 11.8046998978
, 11.4240646362
, 11.4239454269
, 11.8046998978
, 11.4240646362
, 11.8046998978
, 11.8048191071
, 12.0505533218
, 11.9138078690
, 11.8964042664
, 12.1454238892
, 12.2258691788
, 11.8451242447
, 12.2775573730
, 12.4728803635
, 12.2566413879
, 12.0852565765
, 12.5238323212
, 12.6510725021
, 12.1551561356
, 12.6295375824
, 12.5777702332
, 12.6931905746
, 12.6729965210
, 12.5349597931
, 12.8827247620
, 12.6512670517
, 12.5550251007
, 12.9588680267
, 12.9472017288
, 12.8813562393
, 12.6409749985
, 12.9472017288
, 12.9470825195
, 12.9472017288
, 12.9369363785
, 12.9574832916
, 13.3279561996
, 12.9251909256
, 13.0973300934
, 13.3055391312
, 12.9043540955
, 13.3722333908
, 12.9367399216
, 13.2499160767
, 13.2587633133
, 12.9914073944
, 13.3385400772
, 13.3279561996
, 13.1571531296
, 13.1021156311
, 13.3279561996
, 13.3279561996
, 13.3385400772
, 13.3173894882
, 13.3279561996
, 13.3385400772
, 13.5381975174
, 13.3907756805
, 13.4289913177
, 13.3385400772
, 13.3173894882
, 13.3385400772
, 13.7088298798
, 13.3054208755
, 13.3399658203
, 13.7088298798
, 13.3159685135
, 13.5958547592
, 13.4517259598
, 13.3278722763
, 13.7194776535
, 13.3280754089
, 13.7784261703
, 13.2828416824
, 13.7088298798
, 13.4070415497
, 13.7432212830
, 13.6403236389
, 13.3951168060
, 13.5947380066
, 13.6852035522
, 13.3398809433
, 13.7088298798
, 13.4055671692
, 13.7213926315
, 13.4175109863
, 13.8363494873
, 13.6249055862
, 13.7282295227
, 13.3987598419
, 13.8086004257
, 13.3396425247
, 13.6746101379
, 13.7088298798
, 13.7310390472
, 13.7085914612
, 13.3280754089
, 13.7209730148
, 13.7085914612
, 13.7088298798
, 13.7088298798
, 13.7088298798
, 13.7194776535
, 13.6979608536
, 13.5275974274
, 13.7449712753
, 13.8761835098
, 13.6858587265
, 13.7197160721
, 13.7209730148
, 13.7085914612
, 13.7088298798
, 13.6393175125
, 13.7668075562
, 13.7085914612
, 13.7088298798
, 13.7209730148
, 13.7088298798
, 13.7085914612
, 13.7088298798
, 13.5381975174
, 14.0420179367
, 13.6403236389
, 13.5434112549
, 13.7668075562
, 13.7085914612
, 13.6979608536
, 13.7318782806
, 13.7088298798
, 14.0659751892
, 13.6973056793
, 13.7432212830
, 13.7088298798
, 13.7088298798
, 13.6964702606
, 13.7209730148
, 13.8337478638
, 13.9377355576
, 13.7322978973
, 13.8008270264
, 13.7777862549
, 13.5840492249
, 14.1132726669
, 13.6517534256
, 13.7316398621
, 13.7322978973
, 13.6967077255
, 13.7661466599
, 13.7432212830
, 13.8014907837
, 13.8833894730
, 13.7085914612
, 13.8803291321
, 13.5502920151
, 13.7009992599
, 14.1280479431
, 13.6568489075
, 13.7088298798
, 13.7088298798
, 13.7088298798
, 14.0893459320
, 13.6858587265
, 13.7318782806
, 13.7088298798
, 14.0784139633
, 13.6515159607
, 13.7773637772
, 13.6858587265
, 13.9499483109
, 13.8598299026
, 13.7085914612
, 13.7197160721
, 13.7088298798
, 14.0895843506
, 13.6977224350
, 13.7197160721
, 14.0895843506
, 13.6979608536
, 13.7197160721
, 13.7085914612
, 14.0895843506
, 13.7088298798
, 13.7088298798
, 13.7085914612
, 13.9377355576
, 13.8487205505
, 13.6967077255
, 14.1132726669
, 13.7088298798
, 13.7085914612
, 13.7088298798
, 14.0895843506
, 13.7088298798
, 13.6856203079
, 14.1132726669
, 13.7088298798
, 13.7088298798
, 13.7088298798
, 14.0893459320
, 13.7088298798
, 13.9377355576
, 13.8137989044
, 13.7310390472
, 13.7207345963
, 14.0895843506
, 13.7197160721
, 13.7088298798
, 14.0895843506
, 13.7085914612
, 13.7088298798
, 13.7088298798
, 14.0895843506
, 13.7088298798
, 13.6977224350
, 14.1007728577
, 13.6981992722
, 13.7993745804
, 13.9268045425
, 13.7666254044
, 13.8012514114
, 14.1491727829
, 13.6515760422
, 13.7539234161
, 13.9723243713
, 13.7320594788
, 14.0895843506
, 13.7090682983
, 13.8008270264
, 13.7085914612
, 13.7434606552
, 14.0784139633
, 13.9609165192
, 13.8012514114
, 13.6171674728
, 13.8476800919
, 13.7085914612
, 13.9613380432
, 13.6723031998
, 13.7194776535
, 14.0784139633
, 13.9377355576
, 13.7194776535
, 13.8255186081
, 13.6973056793
, 13.9833269119
, 13.7907152176
, 13.7661466599
, 13.6964702606
, 14.1615705490
, 13.6143388748
, 14.0655469894
, 13.7551860809
, 13.9613380432
, 13.7885417938
, 13.7434606552
, 13.9735927582
, 13.6960525513
, 13.8250379562
, 13.7321176529
, 13.7194776535
, 14.0784139633
, 13.7085914612
, 13.7090682983
, 14.0895843506
, 13.9033184052
, 13.4969520569
, 14.0663557053
, 13.7312774658
, 13.7207345963
, 13.7199544907
, 14.0895843506
, 13.6977224350
, 13.7194776535
, 14.0784139633
, 13.6969461441
, 13.7207345963
, 14.0895843506
, 13.6964702606
, 13.7212114334
, 13.6964702606
, 14.1852951050
, 13.9268045425
, 13.7539234161
, 13.8008270264
, 13.7797164917
, 13.9956197739
, 13.7648811340
, 13.5838136673
, 14.1020650864
, 13.8017311096
, 13.6852035522
, 13.8012514114
, 13.6981992722
, 13.7885417938
, 13.8724832535
, 13.7085914612
, 13.9033184052
, 14.0480918884
, 13.4825773239
, 14.0895843506
, 13.7085914612
, 13.6175804138
, 13.9223432541
, 13.9407930374
, 13.6852035522
, 13.9567661285
, 13.9245357513
, 13.5249567032
, 14.0779848099
, 13.7429828644
, 13.7194776535
, 13.7090682983
, 13.9033184052
, 13.9464082718
, 13.5902614594
, 13.7085914612
, 14.1007728577
, 13.7085914612
, 14.0895843506
, 13.7090682983
, 13.7085914612
