position=[0.0045695892
, 0.0049503883
, 0.0053311875
, 0.0060927859
, 0.0072351829
, 0.0087583791
, 0.0102815758
, 0.0125663709
, 0.0148511650
, 0.0175167583
, 0.0201823525
, 0.0232287459
, 0.0270367377
, 0.0304639284
, 0.0346527174
, 0.0388415083
, 0.0434110984
, 0.0483614877
, 0.0536926761
, 0.0597854592
, 0.0647358522
, 0.0708286315
, 0.0773022175
, 0.0837758034
, 0.0906301886
, 0.0978653729
, 0.1054813564
, 0.1134781316
, 0.1214749143
, 0.1298525035
, 0.1386108696
, 0.1473692507
, 0.1565084308
, 0.1660284102
, 0.1755483896
, 0.1865915656
, 0.1957307458
, 0.2060123235
, 0.2162939012
, 0.2269562632
, 0.2376186401
, 0.2486618161
, 0.2597050071
, 0.2707481682
, 0.2821721435
, 0.2935961187
, 0.3050200939
, 0.3168248534
, 0.3286296427
, 0.3404344022
, 0.3522391617
, 0.3655671477
, 0.3766103089
, 0.3884150982
, 0.4006006718
, 0.4131670296
, 0.4253526032
, 0.4379189909
, 0.4501045346
, 0.4630517066
, 0.4752372801
, 0.4878036678
, 0.5003700256
, 0.5133172274
, 0.5258835554
, 0.5388307571
, 0.5513970852
, 0.5666290522
, 0.5776722431
, 0.5906194448
, 0.6035665870
, 0.6165137291
, 0.6294609308
, 0.6424080729
, 0.6553552747
, 0.6686832309
, 0.6816304326
, 0.6949583888
, 0.7079055309
, 0.7212334871
, 0.7341806889
, 0.7471278310
, 0.7604558468
, 0.7749261856
, 0.7867309451
, 0.8000589013
, 0.8133869171
, 0.8267148733
, 0.8400428295
, 0.8529900312
, 0.8663179874
, 0.8796459436
, 0.8933547139
, 0.9066826701
, 0.9200106263
, 0.9333386421
, 0.9466665983
, 0.9599945545
, 0.9737033248
, 0.9893161058
, 1.0007400513
, 1.0140680075
, 1.0277768373
, 1.0411047935
, 1.0544327497
, 1.0677607059
, 1.0814694166
, 1.0947974920
, 1.1081254482
, 1.1218341589
, 1.1355429888
, 1.1488709450
, 1.1621989012
, 1.1759076118
, 1.1892355680
, 1.2059907913
, 1.2166531086
, 1.2299810648
, 1.2440706491
, 1.2573986053
, 1.2707266808
, 1.2844353914
, 1.2981442213
, 1.3114721775
, 1.3251808882
, 1.3388897181
, 1.3522176743
, 1.3659263849
, 1.3796352148
, 1.3933439255
, 1.4070527554
, 1.4234271049
, 1.4344702959
, 1.4477982521
, 1.4615069628
, 1.4752157927
, 1.4889245033
, 1.5026333332
, 1.5163420439
, 1.5300508738
, 1.5437595844
, 1.5570875406
, 1.5707963705
, 1.5845050812
, 1.5982139111
, 1.6119226217
, 1.6256314516
, 1.6420058012
, 1.6534297466
, 1.6667577028
, 1.6804664135
, 1.6941752434
, 1.7078839540
, 1.7215927839
, 1.7356823683
, 1.7493910789
, 1.7630999088
, 1.7768086195
, 1.7905174494
, 1.8042261600
, 1.8179349899
, 1.8316437006
, 1.8453525305
, 1.8632500172
, 1.8727700710
, 1.8864787817
, 1.8998067379
, 1.9135155678
, 1.9272242785
, 1.9409331083
, 1.9550225735
, 1.9687314034
, 1.9824401140
, 1.9961489439
, 2.0098576546
, 2.0235664845
, 2.0372753143
, 2.0509839058
, 2.0646927357
, 2.0822095871
, 2.0924911499
, 2.1061999798
, 2.1199085712
, 2.1336174011
, 2.1473262310
, 2.1614158154
, 2.1751244068
, 2.1884524822
, 2.2025420666
, 2.2162508965
, 2.2299594879
, 2.2436683178
, 2.2573771477
, 2.2710859776
, 2.2851755619
, 2.3023114204
, 2.3125929832
, 2.3263018131
, 2.3403913975
, 2.3540999889
, 2.3678088188
, 2.3815176487
, 2.3952264786
, 2.4089350700
, 2.4226438999
, 2.4367334843
, 2.4504423141
, 2.4641511440
, 2.4778597355
, 2.4919493198
, 2.5056581497
, 2.5227940083
, 2.5338373184
, 2.5475461483
, 2.5612547398
, 2.5749635696
, 2.5886723995
, 2.6023812294
, 2.6164705753
, 2.6301794052
, 2.6438882351
, 2.6575970650
, 2.6716866493
, 2.6853952408
, 2.6991040707
, 2.7124321461
, 2.7261407375
, 2.7436575890
, 2.7543199062
, 2.7676479816
, 2.7817375660
, 2.7954461575
, 2.8091549873
, 2.8228638172
, 2.8365726471
, 2.8502812386
, 2.8643708229
, 2.8780796528
, 2.8917884827
, 2.9058780670
, 2.9195866585
, 2.9332954884
, 2.9470043182
, 2.9649019241
, 2.9751834869
, 2.9885113239
, 3.0022201538
, 3.0159289837
, 3.0300185680
, 3.0437273979
, 3.0578167439
, 3.0711448193
, 3.0852344036
, 3.0989432335
, 3.1126518250
, 3.1263606548
, 3.1400694847
, 3.1541590691
, 3.1678678989
, 3.1857652664
, 3.1964278221
, 3.2093749046
, 3.2234644890
, 3.2367923260
, 3.2508819103
, 3.2645907402
, 3.2782995701
, 3.2920084000
, 3.3060979843
, 3.3198065758
, 3.3335154057
, 3.3472242355
, 3.3609328270
, 3.3750224113
, 3.3887312412
, 3.4066288471
, 3.4176719189
, 3.4306192398
, 3.4443278313
, 3.4580366611
, 3.4721262455
, 3.4858350754
, 3.4995439053
, 3.5132524967
, 3.5269613266
, 3.5406701565
, 3.5547597408
, 3.5684685707
, 3.5821771622
, 3.5958859921
, 3.6092140675
, 3.6278731823
, 3.6381547451
, 3.6507210732
, 3.6644299030
, 3.6785194874
, 3.6922280788
, 3.7059369087
, 3.7196457386
, 3.7333545685
, 3.7474441528
, 3.7611527443
, 3.7748615742
, 3.7885704041
, 3.8026599884
, 3.8163685799
, 3.8300774097
, 3.8491175175
, 3.8590180874
, 3.8715846539
, 3.8852932453
, 3.8990020752
, 3.9127109051
, 3.9268004894
, 3.9405090809
, 3.9542179108
, 3.9679267406
, 3.9820163250
, 3.9957251549
, 4.0094337463
, 4.0235233307
, 4.0372319221
, 4.0509409904
, 4.0696001053
, 4.0798816681
, 4.0924482346
, 4.1061568260
, 4.1198654175
, 4.1335744858
, 4.1472830772
, 4.1613726616
, 4.1750812531
, 4.1887903214
, 4.2024989128
, 4.2162075043
, 4.2302970886
, 4.2440061569
, 4.2577147484
, 4.2718043327
, 4.2900829315
, 4.3015065193
, 4.3133115768
, 4.3270201683
, 4.3411097527
, 4.3548188210
, 4.3685274124
, 4.3822360039
, 4.3959450722
, 4.4100346565
, 4.4237432480
, 4.4378328323
, 4.4515414238
, 4.4652504921
, 4.4789590836
, 4.4922871590
, 4.5113272667
, 4.5219893456
, 4.5337944031
, 4.5475029945
, 4.5615925789
, 4.5753011703
, 4.5890102386
, 4.6027188301
, 4.6164274216
, 4.6305170059
, 4.6442260742
, 4.6579346657
, 4.6716432571
, 4.6857328415
, 4.6994419098
, 4.7131505013
, 4.7325711250
, 4.7447566986
, 4.7546577454
, 4.7683663368
, 4.7820754051
, 4.7957839966
, 4.8094925880
, 4.8235821724
, 4.8372912407
, 4.8509998322
, 4.8647084236
, 4.8784174919
, 4.8925070763
, 4.9062156677
, 4.9199242592
, 4.9336333275
, 4.9477229118
, 4.9614315033
, 4.9774250984
, 4.9888491631
, 5.0025577545
, 5.0166473389
, 5.0303564072
, 5.0440649986
, 5.0577735901
, 5.0718631744
, 5.0855722427
, 5.0992808342
, 5.1129894257
, 5.1282215118
, 5.1407880783
, 5.1544966698
, 5.1682057381
, 5.1841988564
, 5.1963844299
, 5.2100934982
, 5.2238020897
, 5.2378916740
, 5.2516007423
, 5.2653093338
, 5.2790179253
, 5.2927269936
, 5.3064355850
, 5.3205251694
, 5.3342337608
, 5.3479428291
, 5.3612704277
, 5.3749794960
, 5.3886880875
, 5.4027776718
, 5.4183907509
, 5.4301953316
, 5.4439039230
, 5.4579935074
, 5.4717025757
, 5.4857921600
, 5.4995007515
, 5.5132093430
, 5.5272989273
, 5.5406270027
, 5.5543355942
, 5.5680446625
, 5.5817532539
, 5.5954623222
, 5.6091709137
, 5.6232604980
, 5.6388731003
, 5.6506781578
, 5.6643867493
, 5.6780953407
, 5.6918044090
, 5.7058939934
, 5.7196025848
, 5.7333111763
, 5.7470202446
, 5.7607288361
, 5.7744379044
, 5.7885274887
, 5.8022360802
, 5.8159446716
, 5.8300342560
, 5.8437433243
, 5.8593559265
, 5.8711605072
, 5.8848695755
, 5.8985781670
, 5.9122867584
, 5.9263763428
, 5.9400854111
, 5.9537940025
, 5.9675030708
, 5.9812116623
, 5.9949202538
, 6.0090098381
, 6.0227189064
, 6.0364274979
, 6.0501360893
, 6.0642256737
, 6.0783152580
, 6.0920243263
, 6.1057329178
, 6.1194415092
, 6.1335310936
, 6.1472401619
, 6.1609487534
, 6.1746573448
, 6.1883664131
, 6.2020750046
, 6.2157840729
, 6.2294926643
, 6.2432012558
, 6.2569103241
, 6.2706189156
, 6.2847084999
, 6.2980365753
, 6.3117451668
, 6.3258347511
, 6.3395433426
, 6.3532524109
, 6.3669610023
, 6.3806700706
, 6.3943786621
, 6.4084682465
, 6.4221768379
, 6.4358859062
, 6.4495944977
, 6.4633030891
, 6.4773926735
, 6.4911017418
, 6.5048103333
, 6.5185189247
, 6.5322279930
, 6.5459365845
, 6.5600261688
, 6.5737352371
, 6.5874438286
, 6.6011524200
, 6.6148614883
, 6.6285700798
, 6.6426596642
, 6.6563682556
, 6.6700773239
, 6.6837859154
, 6.6974945068
, 6.7112035751
, 6.7252931595
, 6.7390017509
, 6.7527108192
, 6.7664194107
, 6.7801280022
, 6.7938370705
, 6.8079266548
, 6.8216352463
, 6.8353438377
, 6.8490529060
, 6.8627614975
, 6.8764700890
, 6.8905596733
, 6.9042687416
, 6.9179773331
, 6.9316864014
