velocity=[0.0000000000
, 0.0024454291
, 0.0149810249
, 0.0409654491
, 0.0872478038
, 0.1627834588
, 0.2697760463
, 0.4048588574
, 0.5713420510
, 0.7633657455
, 0.9752365351
, 1.1977617741
, 1.4310432673
, 1.6790438890
, 1.9340729713
, 2.1973035336
, 2.4647958279
, 2.7370526791
, 3.0166974068
, 3.3036632538
, 3.5912342072
, 3.8770592213
, 4.1635603905
, 4.4524073601
, 4.7384605408
, 5.0223374367
, 5.3075423241
, 5.5975842476
, 5.8926630020
, 6.1867537498
, 6.4791569710
, 6.7708311081
, 7.0571775436
, 7.3392162323
, 7.6188044548
, 7.8932199478
, 8.1649198532
, 8.4340953827
, 8.6955356598
, 8.9445056915
, 9.1820468903
, 9.4081764221
, 9.6261940002
, 9.8336801529
, 10.0285692215
, 10.2147493362
, 10.3917293549
, 10.5582447052
, 10.7188539505
, 10.8730106354
, 11.0172967911
, 11.1515140533
, 11.2814922333
, 11.4032030106
, 11.5104026794
, 11.6100330353
, 11.7089376450
, 11.8031663895
, 11.8931245804
, 11.9751567841
, 12.0551900864
, 12.1265888214
, 12.1909275055
, 12.2522287369
, 12.3153209686
, 12.3757638931
, 12.4348154068
, 12.4886398315
, 12.5431280136
, 12.5965623856
, 12.6469535828
, 12.6936502457
, 12.7351541519
, 12.7726345062
, 12.8070154190
, 12.8387117386
, 12.8733749390
, 12.9048385620
, 12.9372682571
, 12.9681844711
, 12.9983778000
, 13.0244665146
, 13.0470037460
, 13.0694169998
, 13.0881500244
, 13.1043815613
, 13.1221647263
, 13.1437377930
, 13.1671333313
, 13.1875391006
, 13.1993131638
, 13.2086658478
, 13.2204627991
, 13.2394475937
, 13.2621173859
, 13.2832927704
, 13.3003711700
, 13.3131933212
, 13.3243846893
, 13.3395805359
, 13.3553552628
, 13.3708028793
, 13.3843774796
, 13.3984146118
, 13.4097661972
, 13.4156360626
, 13.4183092117
, 13.4236135483
, 13.4333391190
, 13.4428043365
, 13.4553976059
, 13.4694614410
, 13.4803838730
, 13.4849328995
, 13.4861612320
, 13.4882278442
, 13.4971952438
, 13.5079336166
, 13.5152769089
, 13.5255413055
, 13.5346117020
, 13.5393457413
, 13.5452518463
, 13.5523662567
, 13.5560092926
, 13.5609292984
, 13.5670938492
, 13.5690107346
, 13.5717630386
, 13.5780096054
, 13.5878152847
, 13.5992155075
, 13.6100873947
, 13.6220064163
, 13.6278972626
, 13.6310272217
, 13.6354894638
, 13.6415662766
, 13.6489572525
, 13.6568374634
, 13.6635274887
, 13.6654996872
, 13.6619129181
, 13.6575222015
, 13.6544151306
, 13.6545858383
, 13.6572151184
, 13.6586208344
, 13.6630525589
, 13.6719694138
, 13.6766071320
, 13.6814517975
, 13.6878194809
, 13.6930198669
, 13.6957101822
, 13.7011623383
, 13.7080974579
, 13.7136716843
, 13.7165966034
, 13.7178525925
, 13.7190227509
, 13.7195549011
, 13.7202005386
, 13.7185802460
, 13.7176895142
, 13.7186279297
, 13.7194671631
, 13.7149972916
, 13.7092294693
, 13.7043190002
, 13.7028818130
, 13.7091217041
, 13.7191324234
, 13.7276802063
, 13.7331514359
, 13.7357873917
, 13.7363958359
, 13.7350111008
, 13.7322702408
, 13.7296094894
, 13.7315063477
, 13.7388362885
, 13.7464885712
, 13.7511024475
, 13.7524719238
, 13.7528314590
, 13.7574863434
, 13.7615175247
, 13.7595682144
, 13.7607622147
, 13.7628431320
, 13.7633943558
, 13.7617378235
, 13.7581634521
, 13.7557477951
, 13.7599735260
, 13.7639455795
, 13.7648620605
, 13.7668190002
, 13.7738504410
, 13.7808732986
, 13.7843608856
, 13.7838916779
, 13.7798967361
, 13.7732362747
, 13.7681140900
, 13.7705144882
, 13.7746286392
, 13.7763872147
, 13.7771863937
, 13.7819919586
, 13.7845849991
, 13.7863140106
, 13.7882394791
, 13.7946472168
, 13.8001298904
, 13.8005762100
, 13.7976770401
, 13.7957897186
, 13.7989730835
, 13.8027000427
, 13.8009757996
, 13.7978143692
, 13.7996377945
, 13.8027181625
, 13.8037748337
, 13.7975540161
, 13.7883186340
, 13.7816629410
, 13.7788486481
, 13.7798871994
, 13.7869968414
, 13.7944469452
, 13.7978410721
, 13.7966594696
, 13.7916755676
, 13.7865533829
, 13.7877693176
, 13.7899322510
, 13.7915582657
, 13.7976217270
, 13.8027391434
, 13.8036336899
, 13.8013954163
, 13.7988100052
, 13.7934017181
, 13.7899303436
, 13.7860326767
, 13.7835683823
, 13.7867822647
, 13.7915630341
, 13.7968578339
, 13.7971916199
, 13.7999649048
, 13.8016471863
, 13.7998304367
, 13.7945775986
, 13.7893590927
, 13.7904863358
, 13.7927284241
, 13.7960233688
, 13.8016605377
, 13.8049879074
, 13.8049211502
, 13.8039550781
, 13.8075561523
, 13.8101644516
, 13.8090267181
, 13.8062696457
, 13.8076972961
, 13.8081865311
, 13.8047065735
, 13.7991828918
, 13.7939291000
, 13.7946052551
, 13.7976770401
, 13.8017854691
, 13.8041572571
, 13.8063545227
, 13.8061408997
, 13.8040361404
, 13.8070096970
, 13.8109378815
, 13.8116283417
, 13.8090896606
, 13.8024225235
, 13.7960138321
, 13.7948579788
, 13.7947273254
, 13.7944250107
, 13.7923135757
, 13.7848281860
, 13.7795772552
, 13.7760143280
, 13.7707691193
, 13.7677812576
, 13.7721729279
, 13.7775106430
, 13.7797555923
, 13.7779102325
, 13.7746915817
, 13.7757778168
, 13.7795982361
, 13.7820415497
, 13.7837829590
, 13.7901220322
, 13.7955150604
, 13.7978439331
, 13.7981767654
, 13.7939643860
, 13.7907762527
, 13.7885246277
, 13.7847328186
, 13.7813615799
, 13.7846231461
, 13.7885627747
, 13.7894620895
, 13.7892017365
, 13.7935371399
, 13.7969045639
, 13.7978887558
, 13.7994241714
, 13.8010187149
, 13.8009843826
, 13.7980957031
, 13.7969884872
, 13.8014259338
, 13.8063478470
, 13.8077154160
, 13.8043365479
, 13.7999763489
, 13.8013172150
, 13.8030033112
, 13.8018503189
, 13.7973041534
, 13.7924861908
, 13.7936487198
, 13.7954044342
, 13.7966670990
, 13.8016548157
, 13.8068819046
, 13.8138122559
, 13.8149995804
, 13.8119869232
, 13.8118810654
, 13.8120832443
, 13.8090047836
, 13.8030147552
, 13.7987165451
, 13.8002176285
, 13.8056526184
, 13.8127994537
, 13.8170700073
, 13.8187685013
, 13.8174390793
, 13.8089990616
, 13.8021259308
, 13.7967872620
, 13.7879562378
, 13.7807683945
, 13.7802371979
, 13.7787036896
, 13.7772855759
, 13.7762184143
, 13.7762441635
, 13.7820043564
, 13.7874240875
, 13.7893400192
, 13.7897520065
, 13.7945537567
, 13.7983474731
, 13.7998638153
, 13.8017597198
, 13.8004961014
, 13.7996263504
, 13.7977590561
, 13.7933330536
, 13.7867431641
, 13.7808828354
, 13.7813730240
, 13.7834167480
, 13.7832965851
, 13.7801933289
, 13.7775554657
, 13.7811708450
, 13.7852697372
, 13.7863235474
, 13.7862777710
, 13.7905969620
, 13.7943305969
, 13.7968301773
, 13.7922000885
, 13.7858610153
, 13.7856588364
, 13.7866487503
, 13.7854938507
, 13.7840547562
, 13.7878513336
, 13.7910451889
, 13.7911949158
, 13.7888488770
, 13.7882099152
, 13.7913503647
, 13.7935647964
, 13.8050374985
, 13.8418321609
, 13.8509998322
, 13.8388309479
, 13.8200635910
, 13.8081865311
, 13.8010320663
, 13.7952079773
, 13.7896337509
, 13.7827463150
, 13.7779388428
, 13.7779731750
, 13.7792539597
, 13.7787084579
, 13.7713699341
, 13.7627286911
, 13.7559452057
, 13.7547616959
, 13.7576856613
, 13.7605648041
, 13.7612257004
, 13.7645769119
, 13.7706766129
, 13.7801256180
, 13.7874927521
, 13.7910537720
, 13.7929058075
, 13.7933168411
, 13.7899761200
, 13.7860231400
, 13.7808408737
, 13.7744836807
, 13.7683057785
, 13.7651958466
, 13.7645797729
, 13.7670288086
, 13.7691011429
, 13.7689037323
, 13.7688846588
, 13.7746391296
, 13.7804260254
, 13.7827768326
, 13.7812700272
, 13.7766876221
, 13.7724924088
, 13.7747163773
, 13.7779455185
, 13.7800312042
, 13.7832517624
, 13.7847843170
, 13.7843399048
, 13.7854242325
, 13.7853183746
, 13.7825727463
, 13.7796754837
, 13.7823467255
, 13.7854690552
, 13.7855682373
, 13.7829656601
, 13.7779903412
, 13.7737503052
, 13.7762451172
, 13.7797212601
, 13.7804727554
, 13.7785015106
, 13.7770242691
, 13.7807970047
, 13.7853260040
, 13.7868804932
, 13.7873992920
, 13.7921276093
, 13.7970199585
, 13.7997627258
, 13.7981996536
, 13.7933359146
, 13.7836894989
, 13.7732610703
, 13.7653017044
, 13.7617111206
, 13.7619771957
, 13.7640028000
, 13.7678041458
, 13.7653923035
, 13.7611370087
, 13.7633419037
, 13.7669982910
, 13.7684984207
, 13.7670164108
, 13.7633609772
, 13.7606849670
, 13.7648515701
, 13.7700576782
, 13.7726058960
, 13.7718019485
, 13.7706422806
, 13.7752485275
, 13.7794065475
, 13.7786588669
