time=[0.0000000000
, 0.9966999888
, 1.9958000183
, 2.9949998856
, 3.9958000183
, 4.9958000183
, 5.9949998856
, 6.9949998856
, 7.9958000183
, 8.9967002869
, 9.9958000183
, 11.0059003830
, 12.0227003098
, 13.0209999084
, 14.0176000595
, 15.0150995255
, 16.0160007477
, 17.0118007660
, 18.0200996399
, 19.0193004608
, 20.0217990875
, 21.0217990875
, 22.0151004791
, 23.0125999451
, 24.0076007843
, 24.9983005524
, 26.1576995850
, 27.0118007660
, 28.1485004425
, 28.9983005524
, 29.9958000183
, 30.9958000183
, 31.9950008392
, 32.9949989319
, 33.9949989319
, 34.9949989319
, 35.9949989319
, 36.9949989319
, 37.9958000183
, 38.9958000183
, 39.9975013733
, 40.9967002869
, 41.9949989319
, 43.0318984985
, 43.9958000183
, 45.1477012634
, 45.9949989319
, 46.9949989319
, 47.9975013733
, 48.9967002869
, 49.9958000183
, 50.9949989319
, 51.9949989319
, 53.0050010681
, 53.9958000183
, 54.9967002869
, 55.9958000183
, 56.9949989319
, 57.9958000183
, 59.0461997986
, 59.9967002869
, 61.1492996216
, 61.9967002869
, 62.9958000183
, 63.9949989319
, 64.9950027466
, 65.9950027466
, 66.9950027466
, 67.9950027466
, 68.9966964722
, 69.9957962036
, 70.9950027466
, 71.9950027466
, 72.9950027466
, 73.9950027466
, 75.0133972168
, 76.0201034546
, 77.0234985352
, 78.0201034546
, 79.0185012817
, 80.0185012817
, 81.0176010132
, 82.0193023682
, 83.0126037598
, 84.0210037231
, 85.0201034546
, 86.0193023682
, 87.0185012817
, 88.0101013184
, 88.9991989136
, 89.9957962036
, 91.0285034180
, 91.9957962036
, 92.9966964722
, 93.9950027466
, 94.9950027466
, 95.9950027466
, 96.9950027466
, 97.9950027466
, 98.9957962036
, 99.9957962036
, 100.9950027466
, 101.9950027466
, 102.9950027466
, 103.9950027466
, 104.9950027466
, 105.9950027466
, 107.0604019165
, 107.9957962036
, 108.9966964722
, 109.9957962036
, 110.9950027466
, 111.9950027466
, 112.9957962036
, 113.9957962036
, 114.9957962036
, 116.0150985718
, 117.0049972534
, 118.0009002686
, 119.0101013184
, 120.0092010498
, 121.0126037598
, 121.9982986450
, 123.1015014648
, 123.9966964722
, 124.9966964722
, 125.9966964722
, 126.9966964722
, 127.9957962036
, 128.9958038330
, 129.9967041016
, 130.9949951172
, 131.9949951172
, 132.9958038330
, 133.9949951172
, 134.9949951172
, 135.9949951172
, 136.9949951172
, 137.9958038330
, 139.0863952637
, 140.0184936523
, 141.0276947021
, 142.0209960938
, 143.0234985352
, 144.0478057861
, 145.0175933838
, 146.0209960938
, 147.0151062012
, 148.0252075195
, 149.0243072510
, 150.0193023682
, 151.0200958252
, 152.0117950439
, 152.9992065430
, 153.9949951172
, 155.0536956787
, 155.9958038330
, 156.9967041016
, 157.9949951172
, 158.9958038330
, 159.9958038330
, 160.9949951172
, 161.9949951172
, 162.9949951172
, 163.9949951172
, 164.9949951172
, 165.9949951172
, 166.9949951172
, 167.9949951172
, 168.9958038330
, 169.9958038330
, 171.1309051514
, 171.9958038330
, 172.9967041016
, 173.9949951172
, 174.9949951172
, 175.9967041016
, 176.9949951172
, 177.9949951172
, 178.9958038330
, 179.9958038330
, 180.9949951172
, 181.9949951172
, 182.9949951172
, 183.9949951172
, 184.9958038330
, 185.9958038330
, 187.1367950439
, 187.9967041016
, 189.1493072510
, 189.9958038330
, 190.9958038330
, 191.9949951172
, 192.9949951172
, 193.9949951172
, 194.9983062744
, 196.0034027100
, 196.9967041016
, 197.9958038330
, 198.9967041016
, 199.9958038330
, 200.9958038330
, 201.9949951172
, 203.1576995850
, 204.0175933838
, 205.0193023682
, 206.0200958252
, 207.0234985352
, 208.0209960938
, 209.0151062012
, 210.0184936523
, 211.0117950439
, 212.1141052246
, 213.0167999268
, 214.0218048096
, 215.0218048096
, 216.0142974854
, 216.9983062744
, 217.9958038330
, 219.1945953369
, 219.9974975586
, 221.1401062012
, 221.9949951172
, 223.0462036133
, 223.9958038330
, 224.9967041016
, 225.9958038330
, 226.9949951172
, 227.9974975586
, 228.9967041016
, 229.9958038330
, 230.9949951172
, 231.9949951172
, 232.9949951172
, 233.9949951172
, 235.1593933105
, 235.9958038330
, 237.1434936523
, 237.9958038330
, 238.9967041016
, 239.9958038330
, 240.9958038330
, 241.9949951172
, 242.9949951172
, 243.9949951172
, 244.9949951172
, 245.9949951172
, 246.9949951172
, 247.9949951172
, 248.9967041016
, 249.9983062744
, 251.1752929688
, 251.9958038330
, 253.1459960938
, 254.0000000000
, 254.9949951172
, 255.9958038330
, 256.9949951172
, 257.9957885742
, 258.9974975586
, 259.9957885742
, 261.0000000000
, 261.9949951172
, 262.9949951172
, 263.9957885742
, 264.9949951172
, 265.9974975586
, 267.2080993652
, 267.9957885742
, 269.1434936523
, 269.9957885742
, 270.9957885742
, 271.9949951172
, 272.9967041016
, 273.9949951172
, 274.9974975586
, 275.9967041016
, 276.9957885742
, 277.9967041016
, 278.9967041016
, 280.1108093262
, 280.9967041016
, 281.9957885742
, 283.1636047363
, 284.0989990234
, 285.1669921875
, 285.9967041016
, 286.9957885742
, 287.9957885742
, 289.0242919922
, 290.0192871094
, 291.0252075195
, 292.0192871094
, 293.0217895508
, 294.0227050781
, 295.0176086426
, 296.0192871094
, 297.0118103027
, 298.0217895508
, 299.3381042480
, 300.0285034180
, 301.0083923340
, 302.0025024414
, 302.9957885742
, 303.9949951172
, 304.9949951172
, 305.9957885742
, 306.9957885742
, 307.9949951172
, 308.9992065430
, 309.9982910156
, 311.0017089844
, 311.9974975586
, 312.9974975586
, 313.9957885742
, 315.2601013184
, 316.0083923340
, 316.9967041016
, 317.9967041016
, 318.9949951172
, 319.9957885742
, 320.9957885742
, 321.9949951172
, 322.9949951172
, 323.9949951172
, 324.9949951172
, 325.9957885742
, 326.9949951172
, 327.9949951172
, 328.9949951172
, 329.9957885742
, 331.2601013184
, 332.0201110840
, 332.9967041016
, 333.9949951172
, 334.9949951172
, 335.9949951172
, 336.9949951172
, 337.9949951172
, 338.9949951172
, 339.9949951172
, 340.9957885742
, 341.9957885742
, 342.9949951172
, 343.9949951172
, 344.9957885742
, 345.9949951172
, 347.2222900391
, 348.1492919922
, 349.0184936523
, 350.0209960938
, 351.0242919922
, 352.0201110840
, 353.0192871094
, 354.0184936523
, 355.0133972168
, 356.0184936523
, 357.0118103027
, 358.0227050781
, 359.0209960938
, 360.0151062012
, 361.0008850098
, 361.9949951172
, 363.2785034180
, 364.0477905273
, 364.9967041016
, 365.9949951172
, 366.9957885742
, 367.9949951172
, 368.9949951172
, 369.9957885742
, 370.9949951172
, 371.9949951172
, 372.9949951172
, 373.9949951172
, 374.9949951172
, 375.9957885742
, 376.9949951172
, 377.9949951172
, 379.2768859863
, 380.0628967285
, 380.9967041016
, 381.9949951172
, 382.9949951172
, 383.9949951172
, 384.9949951172
, 385.9949951172
, 386.9949951172
, 387.9949951172
, 388.9957885742
, 389.9957885742
, 390.9949951172
, 391.9949951172
, 392.9949951172
, 393.9949951172
, 395.2969970703
, 396.0704956055
, 396.9967041016
, 397.9949951172
, 398.9949951172
, 399.9967041016
, 400.9949951172
, 401.9949951172
, 402.9957885742
, 403.9949951172
, 404.9949951172
, 405.9949951172
, 406.9949951172
, 407.9949951172
, 408.9957885742
, 409.9957885742
, 411.2962036133
, 412.1258850098
, 413.0242919922
, 414.0184936523
, 415.0234985352
, 416.0227050781
, 417.0133972168
, 418.0184936523
, 419.0101013184
, 420.0242919922
, 421.0192871094
, 422.0192871094
, 423.0176086426
, 424.0101013184
, 425.0000000000
, 425.9982910156
, 427.3472900391
, 428.1032104492
, 429.1502075195
, 429.9967041016
, 430.9967041016
, 431.9957885742
, 432.9957885742
, 433.9957885742
, 434.9957885742
, 435.9967041016
, 436.9957885742
, 437.9957885742
, 438.9967041016
, 439.9967041016
, 440.9957885742
, 441.9957885742
, 443.3447875977
, 444.1182861328
, 445.1727905273
, 445.9974975586
, 446.9957885742
, 447.9957885742
, 448.9982910156
, 449.9967041016
, 450.9974975586
, 451.9957885742
, 452.9967041016
, 453.9967041016
, 455.0000000000
, 455.9949951172
, 456.9949951172
, 457.9949951172
, 459.3489990234
, 460.1224975586
, 461.1527099609
, 461.9949951172
, 462.9949951172
, 463.9949951172
, 464.9949951172
, 465.9949951172
, 466.9949951172
, 467.9949951172
, 468.9957885742
, 469.9967041016
, 470.9974975586
, 471.9949951172
, 473.0042114258
, 473.9992065430
, 474.9949951172
