position=[0.0045695892
, 0.0049503883
, 0.0053311875
, 0.0053311875
, 0.0060927859
, 0.0064735850
, 0.0068543837
, 0.0076159821
, 0.0083775800
, 0.0091391783
, 0.0102815758
, 0.0110431742
, 0.0121855717
, 0.0129471701
, 0.0140895667
, 0.0152319642
, 0.0163743626
, 0.0175167583
, 0.0190399550
, 0.0201823525
, 0.0213247500
, 0.0224671476
, 0.0239903443
, 0.0251327418
, 0.0262751393
, 0.0277983341
, 0.0289407317
, 0.0300831292
, 0.0316063277
, 0.0327487253
, 0.0338911191
, 0.0350335166
, 0.0361759141
, 0.0373183116
, 0.0384607092
, 0.0396031067
, 0.0407455042
, 0.0418879017
, 0.0430302992
, 0.0441726968
, 0.0449342951
, 0.0460766926
, 0.0472190902
, 0.0483614877
, 0.0491230860
, 0.0502654836
, 0.0514078811
, 0.0521694794
, 0.0533118770
, 0.0544542745
, 0.0552158691
, 0.0563582666
, 0.0575006641
, 0.0582622625
, 0.0594046600
, 0.0601662584
, 0.0613086559
, 0.0624510534
, 0.0632126555
, 0.0643550530
, 0.0654974505
, 0.0666398406
, 0.0674014390
, 0.0685438365
, 0.0693054348
, 0.0704478323
, 0.0715902299
, 0.0723518282
, 0.0734942257
, 0.0746366233
, 0.0753982216
, 0.0765406191
, 0.0776830167
, 0.0784446150
, 0.0795870125
, 0.0807294101
, 0.0818718076
, 0.0830142051
, 0.0837758034
, 0.0849182010
, 0.0860605985
, 0.0872029960
, 0.0879645944
, 0.0891069919
, 0.0902493894
, 0.0913917869
, 0.0921533853
, 0.0932957828
, 0.0944381803
, 0.0955805779
, 0.0963421762
, 0.0974845737
, 0.0986269712
, 0.0997693688
, 0.1005309671
, 0.1016733646
, 0.1028157622
, 0.1039581597
, 0.1047197580
, 0.1058621556
, 0.1070045531
, 0.1081469506
, 0.1089085490
, 0.1100509390
, 0.1111933365
, 0.1123357341
, 0.1130973324
, 0.1142397299
, 0.1153821275
, 0.1161437258
, 0.1172861233
, 0.1184285209
, 0.1195709184
, 0.1203325167
, 0.1214749143
, 0.1226173118
, 0.1237597093
, 0.1245213076
, 0.1256637126
, 0.1268061101
, 0.1275677085
, 0.1287101060
, 0.1298525035
, 0.1309949011
, 0.1317564845
, 0.1328988820
, 0.1340412796
, 0.1348028779
, 0.1359452754
, 0.1370876729
, 0.1382300705
, 0.1389916688
, 0.1401340663
, 0.1412764639
, 0.1424188614
, 0.1431804597
, 0.1443228573
, 0.1454652548
, 0.1466076523
, 0.1473692507
, 0.1485116482
, 0.1496540457
, 0.1507964432
, 0.1515580416
, 0.1527004391
, 0.1538428366
, 0.1546044350
, 0.1557468325
, 0.1568892300
, 0.1580316275
, 0.1587932259
, 0.1599356234
, 0.1610780209
, 0.1618396193
, 0.1629820168
, 0.1641244143
, 0.1652668118
, 0.1660284102
, 0.1671708077
, 0.1683132052
, 0.1694556028
, 0.1702172011
, 0.1713595986
, 0.1725019962
, 0.1732635945
, 0.1744059920
, 0.1755483896
, 0.1766907871
, 0.1774523854
, 0.1785947829
, 0.1797371805
, 0.1808795780
, 0.1816411763
, 0.1827835739
, 0.1839259714
, 0.1850683689
, 0.1858299673
, 0.1869723648
, 0.1881147623
, 0.1888763607
, 0.1900187582
, 0.1911611557
, 0.1923035532
, 0.1930651516
, 0.1942075491
, 0.1953499466
, 0.1964923441
, 0.1976347417
, 0.1983963400
, 0.1995387375
, 0.2006811351
, 0.2014427334
, 0.2025851309
, 0.2037275285
, 0.2048699260
, 0.2056315243
, 0.2067739218
, 0.2079163194
, 0.2090587169
, 0.2098203152
, 0.2109627128
, 0.2121051103
, 0.2132475078
, 0.2143899053
, 0.2151515037
, 0.2162939012
, 0.2174362987
, 0.2185786963
, 0.2193402797
, 0.2204826772
, 0.2216250747
, 0.2223866731
, 0.2235290706
, 0.2246714681
, 0.2258138657
, 0.2265754640
, 0.2277178615
, 0.2288602591
, 0.2296218574
, 0.2311450541
, 0.2319066525
, 0.2330490500
, 0.2338106483
, 0.2349530458
, 0.2360954434
, 0.2372378409
, 0.2379994392
, 0.2391418368
, 0.2402842343
, 0.2414266318
, 0.2421882302
, 0.2433306277
, 0.2444730252
, 0.2456154227
, 0.2463770211
, 0.2479002178
, 0.2486618161
, 0.2498042136
, 0.2505658269
, 0.2517082095
, 0.2528506219
, 0.2539930046
, 0.2547546029
, 0.2558970153
, 0.2570393980
, 0.2581818104
, 0.2589434087
, 0.2600857913
, 0.2612282038
, 0.2623705864
, 0.2631321847
, 0.2646553814
, 0.2654169798
, 0.2665593624
, 0.2673209608
, 0.2684633732
, 0.2696057558
, 0.2707481682
, 0.2718905509
, 0.2726521492
, 0.2737945616
, 0.2749369442
, 0.2760793567
, 0.2768409550
, 0.2779833376
, 0.2791257501
, 0.2802681327
, 0.2814105451
, 0.2821721435
, 0.2833145261
, 0.2844569385
, 0.2852185369
, 0.2863609195
, 0.2875033319
, 0.2886457145
, 0.2894073129
, 0.2905497253
, 0.2916921079
, 0.2928345203
, 0.2935961187
, 0.2947385013
, 0.2958809137
, 0.2966425121
, 0.2981657088
, 0.2989273071
, 0.3000696898
, 0.3008312881
, 0.3019737005
, 0.3031160831
, 0.3042584956
, 0.3054008782
, 0.3061624765
, 0.3073048890
, 0.3084472716
, 0.3095896840
, 0.3103512824
, 0.3114936650
, 0.3126360774
, 0.3133976758
, 0.3149208724
, 0.3156824708
, 0.3168248534
, 0.3175864518
, 0.3187288642
, 0.3198712468
, 0.3210136592
, 0.3217752576
, 0.3229176402
, 0.3240600526
, 0.3252024353
, 0.3259640336
, 0.3271064460
, 0.3282488286
, 0.3293912411
, 0.3301528394
, 0.3316760361
, 0.3324376345
, 0.3335800171
, 0.3343416154
, 0.3354840279
, 0.3366264105
, 0.3377688229
, 0.3385304213
, 0.3396728039
, 0.3408152163
, 0.3419575989
, 0.3427191973
, 0.3438616097
, 0.3450039923
, 0.3461464047
, 0.3469080031
, 0.3484311998
, 0.3491927981
, 0.3499543965
, 0.3510967791
, 0.3522391617
, 0.3533815742
, 0.3545239568
, 0.3552855551
, 0.3564279675
, 0.3575703502
, 0.3587127626
, 0.3594743609
, 0.3606167436
, 0.3617591560
, 0.3629015386
, 0.3636631370
, 0.3651863337
, 0.3659479320
, 0.3670903444
, 0.3678519428
, 0.3689943254
, 0.3701367378
, 0.3712791204
, 0.3720407188
, 0.3731831312
, 0.3743255138
, 0.3754679263
, 0.3762295246
, 0.3773719072
, 0.3785143197
, 0.3796567023
, 0.3804183006
, 0.3819414973
, 0.3827030957
, 0.3834646940
, 0.3846071064
, 0.3857494891
, 0.3868919015
, 0.3876534998
, 0.3887958825
, 0.3899382949
, 0.3910806775
, 0.3918422759
, 0.3929846883
, 0.3941270709
, 0.3952694833
, 0.3960310817
, 0.3971734643
, 0.3986966610
, 0.3994582593
, 0.4002198577
, 0.4013622701
, 0.4025046527
, 0.4036470652
, 0.4044086635
, 0.4055510461
, 0.4066934586
, 0.4078358412
, 0.4085974395
, 0.4097398520
, 0.4108822346
, 0.4120246470
, 0.4127862453
, 0.4139286280
, 0.4154518247
, 0.4162134230
, 0.4169750214
, 0.4181174338
, 0.4192598164
, 0.4204022288
, 0.4211638272
, 0.4223062098
, 0.4234486222
, 0.4245910048
, 0.4253526032
, 0.4264950156
, 0.4276373982
, 0.4287798107
, 0.4295414090
, 0.4306837916
, 0.4322069883
, 0.4329685867
, 0.4337301850
, 0.4348725975
, 0.4360149801
, 0.4371573925
, 0.4379189909
, 0.4390613735
, 0.4402037561
, 0.4413461685
, 0.4421077669
, 0.4432501495
, 0.4443925619
, 0.4455349445
, 0.4462965429
, 0.4474389553
, 0.4489621520
, 0.4497237504
, 0.4508661330
, 0.4516277313
, 0.4527701437
, 0.4539125264
, 0.4550549388
, 0.4558165371
, 0.4569589198
, 0.4581013322
, 0.4592437148
, 0.4600053132
, 0.4611477256
, 0.4622901082
, 0.4634325206
, 0.4641941190
, 0.4657173157
, 0.4664789140
, 0.4676212966
, 0.4683828950
, 0.4695253074
, 0.4706676900
, 0.4718101025
, 0.4729524851
, 0.4737140834
, 0.4748564959
, 0.4759988785
, 0.4771412909
, 0.4779028893
, 0.4790452719
, 0.4801876843
, 0.4813300669
, 0.4824724793
, 0.4836148620
, 0.4843764603
, 0.4855188727
, 0.4862804711
, 0.4874228537
, 0.4885652661
, 0.4897076488
, 0.4904692471
, 0.4916116595
, 0.4927540421
, 0.4935156405
, 0.4946580529
, 0.4958004355
, 0.4969428480
, 0.4977044463
, 0.4988468289
, 0.4999892414
, 0.5007508397
, 0.5018932223
, 0.5030356050
, 0.5037972331
, 0.5049396157
, 0.5060819983
, 0.5072244406
, 0.5079860091
, 0.5091283917
, 0.5102708340
, 0.5114132166
, 0.5121747851
, 0.5133172274
, 0.5144596100
, 0.5159828067
, 0.5167443752
, 0.5175060034
, 0.5186483860
, 0.5197907686
, 0.5205523968
, 0.5216947794
, 0.5228371620
, 0.5239796042
, 0.5251219869
, 0.5258835554
, 0.5270259380
, 0.5281683803
, 0.5289299488
, 0.5300723314
, 0.5312147737
, 0.5323571563
, 0.5331187248
, 0.5342611670
, 0.5354035497
, 0.5361651182
, 0.5373075604
, 0.5384499431
, 0.5395923257
, 0.5403539538
, 0.5414963365
, 0.5426387191
, 0.5437811017
, 0.5445427299
, 0.5456851125
, 0.5468274951
, 0.5479699373
, 0.5487315059
, 0.5498738885
, 0.5510163307
, 0.5521587133
, 0.5529202819
, 0.5540627241
, 0.5552051067
, 0.5559666753
, 0.5571091175
