velocity=[0.0000000000
, 0.0024451839
, 0.0149800107
, 0.0363965742
, 0.0610459298
, 0.0966546535
, 0.1375737190
, 0.1805616021
, 0.2302469611
, 0.2865404487
, 0.3486810327
, 0.4182339907
, 0.4881143570
, 0.5573331118
, 0.6204206347
, 0.6812728047
, 0.7412434816
, 0.7991589904
, 0.8558109403
, 0.9148504138
, 0.9693099856
, 1.0149191618
, 1.0534833670
, 1.0912382603
, 1.1231633425
, 1.1491092443
, 1.1737163067
, 1.1909708977
, 1.2049347162
, 1.2186530828
, 1.2315971851
, 1.2394884825
, 1.2410544157
, 1.2372739315
, 1.2297862768
, 1.2201954126
, 1.2097932100
, 1.1994985342
, 1.1898887157
, 1.1812704802
, 1.1713432074
, 1.1549208164
, 1.1383593082
, 1.1254304647
, 1.1141065359
, 1.0987260342
, 1.0838868618
, 1.0753821135
, 1.0661776066
, 1.0596508980
, 1.0555222034
, 1.0482717752
, 1.0430573225
, 1.0401654243
, 1.0341979265
, 1.0281239748
, 1.0193693638
, 1.0139988661
, 1.0123544931
, 1.0083569288
, 1.0063751936
, 1.0095359087
, 1.0133074522
, 1.0149295330
, 1.0159434080
, 1.0128394365
, 1.0115298033
, 1.0125520229
, 1.0105072260
, 1.0104157925
, 1.0124304295
, 1.0110930204
, 1.0114691257
, 1.0137711763
, 1.0125445127
, 1.0127524137
, 1.0167762041
, 1.0246129036
, 1.0328851938
, 1.0352579355
, 1.0369679928
, 1.0412086248
, 1.0458896160
, 1.0450859070
, 1.0442287922
, 1.0463085175
, 1.0492813587
, 1.0472012758
, 1.0454354286
, 1.0473235846
, 1.0506640673
, 1.0488550663
, 1.0466843843
, 1.0483433008
, 1.0513659716
, 1.0494176149
, 1.0476372242
, 1.0491274595
, 1.0516824722
, 1.0492378473
, 1.0470479727
, 1.0482705832
, 1.0507087708
, 1.0482616425
, 1.0461540222
, 1.0474919081
, 1.0500354767
, 1.0472341776
, 1.0438653231
, 1.0428433418
, 1.0386110544
, 1.0359864235
, 1.0376658440
, 1.0410463810
, 1.0397578478
, 1.0388656855
, 1.0412383080
, 1.0443327427
, 1.0425180197
, 1.0411150455
, 1.0405509472
, 1.0359104872
, 1.0327751637
, 1.0337264538
, 1.0351310968
, 1.0334448814
, 1.0332826376
, 1.0344567299
, 1.0315586329
, 1.0298860073
, 1.0323307514
, 1.0363874435
, 1.0357631445
, 1.0354993343
, 1.0385712385
, 1.0426962376
, 1.0417352915
, 1.0409023762
, 1.0433045626
, 1.0463014841
, 1.0434999466
, 1.0422883034
, 1.0449959040
, 1.0489268303
, 1.0475016832
, 1.0457409620
, 1.0452797413
, 1.0409034491
, 1.0378941298
, 1.0389271975
, 1.0416884422
, 1.0399965048
, 1.0389167070
, 1.0391612053
, 1.0356516838
, 1.0331951380
, 1.0341105461
, 1.0378365517
, 1.0375442505
, 1.0377330780
, 1.0411291122
, 1.0453720093
, 1.0443634987
, 1.0433638096
, 1.0430938005
, 1.0386185646
, 1.0354553461
, 1.0366158485
, 1.0396338701
, 1.0381648540
, 1.0372246504
, 1.0389173031
, 1.0398222208
, 1.0376722813
, 1.0371408463
, 1.0404182673
, 1.0447870493
, 1.0439486504
, 1.0431382656
, 1.0430306196
, 1.0386617184
, 1.0355644226
, 1.0367773771
, 1.0398302078
, 1.0383821726
, 1.0374593735
, 1.0400128365
, 1.0452567339
, 1.0486649275
, 1.0469596386
, 1.0442110300
, 1.0457165241
, 1.0444624424
, 1.0441063643
, 1.0470443964
, 1.0507704020
, 1.0490851402
, 1.0472948551
, 1.0488337278
, 1.0514982939
, 1.0491665602
, 1.0471023321
, 1.0484317541
, 1.0523557663
, 1.0541409254
, 1.0518076420
, 1.0503479242
, 1.0521879196
, 1.0548646450
, 1.0524166822
, 1.0502212048
, 1.0488873720
, 1.0428704023
, 1.0369660854
, 1.0375540257
, 1.0411579609
, 1.0405176878
, 1.0405334234
, 1.0417513847
, 1.0395464897
, 1.0396409035
, 1.0392832756
, 1.0368026495
, 1.0315171480
, 1.0281746387
, 1.0305954218
, 1.0354460478
, 1.0357255936
, 1.0362002850
, 1.0397325754
, 1.0440839529
, 1.0431988239
, 1.0423520803
, 1.0446803570
, 1.0479825735
, 1.0472611189
, 1.0485582352
, 1.0481384993
, 1.0447218418
, 1.0385776758
, 1.0350856781
, 1.0364609957
, 1.0398360491
, 1.0387012959
, 1.0380163193
, 1.0407298803
, 1.0445204973
, 1.0432518721
, 1.0421450138
, 1.0443035364
, 1.0474694967
, 1.0465484858
, 1.0475264788
, 1.0471315384
, 1.0438878536
, 1.0379512310
, 1.0347632170
, 1.0364069939
, 1.0424176455
, 1.0489990711
, 1.0495690107
, 1.0493838787
, 1.0516998768
, 1.0546576977
, 1.0523177385
, 1.0500247478
, 1.0510048866
, 1.0542238951
, 1.0550374985
, 1.0523570776
, 1.0495514870
, 1.0509930849
, 1.0494971275
, 1.0487334728
, 1.0511397123
, 1.0543276072
, 1.0521816015
, 1.0500602722
, 1.0511852503
, 1.0533728600
, 1.0498470068
, 1.0452394485
, 1.0442230701
, 1.0416717529
, 1.0418523550
, 1.0395802259
, 1.0359995365
, 1.0313055515
, 1.0298038721
, 1.0328346491
, 1.0393317938
, 1.0460735559
, 1.0467399359
, 1.0467876196
, 1.0494174957
, 1.0526112318
, 1.0505331755
, 1.0485477448
, 1.0475041866
, 1.0423499346
, 1.0385930538
, 1.0386662483
, 1.0409646034
, 1.0392515659
, 1.0384391546
, 1.0412364006
, 1.0451455116
, 1.0439494848
, 1.0428664684
, 1.0450055599
, 1.0480813980
, 1.0460804701
, 1.0442764759
, 1.0459376574
, 1.0488096476
, 1.0471735001
, 1.0462758541
, 1.0465532541
, 1.0473639965
, 1.0435941219
, 1.0407369137
, 1.0418349504
, 1.0445295572
, 1.0425974131
, 1.0411424637
, 1.0431783199
, 1.0463992357
, 1.0446647406
, 1.0432065725
, 1.0451157093
, 1.0481411219
, 1.0465748310
, 1.0456138849
, 1.0431044102
, 1.0360037088
, 1.0308692455
, 1.0308663845
, 1.0358600616
, 1.0420807600
, 1.0428097248
, 1.0431159735
, 1.0461504459
, 1.0497896671
, 1.0480948687
, 1.0464428663
, 1.0480240583
, 1.0506554842
, 1.0489414930
, 1.0474376678
, 1.0443471670
, 1.0440803766
, 1.0408389568
, 1.0389175415
, 1.0410227776
, 1.0445814133
, 1.0433086157
, 1.0423519611
, 1.0446406603
, 1.0480135679
, 1.0462013483
, 1.0445975065
, 1.0465725660
, 1.0500551462
, 1.0489590168
, 1.0478836298
, 1.0448688269
, 1.0375978947
, 1.0324735641
, 1.0324785709
, 1.0350072384
, 1.0335202217
, 1.0328650475
, 1.0358948708
, 1.0401700735
, 1.0394599438
, 1.0389213562
, 1.0416237116
, 1.0453134775
, 1.0439224243
, 1.0429897308
, 1.0451544523
, 1.0454111099
, 1.0408362150
, 1.0375610590
, 1.0385757685
, 1.0414123535
, 1.0397444963
, 1.0386162996
, 1.0409997702
, 1.0445604324
, 1.0431343317
, 1.0419373512
, 1.0440845490
, 1.0473239422
, 1.0455516577
, 1.0441794395
, 1.0456916094
, 1.0456404686
, 1.0411232710
, 1.0380290747
, 1.0391976833
, 1.0420958996
, 1.0404434204
, 1.0392900705
, 1.0416089296
, 1.0451070070
, 1.0436321497
, 1.0423837900
, 1.0444594622
, 1.0476187468
, 1.0457612276
, 1.0443222523
, 1.0453859568
, 1.0437355042
, 1.0379440784
, 1.0342168808
, 1.0351452827
, 1.0381799936
, 1.0369608402
, 1.0363186598
, 1.0392228365
, 1.0430012941
, 1.0417176485
, 1.0406701565
, 1.0430481434
, 1.0467451811
, 1.0456144810
, 1.0446027517
, 1.0456445217
, 1.0469766855
, 1.0478762388
, 1.0462931395
, 1.0462169647
, 1.0495258570
, 1.0535145998
, 1.0520014763
, 1.0502941608
, 1.0516291857
, 1.0539313555
, 1.0511958599
, 1.0487083197
, 1.0496499538
, 1.0518388748
, 1.0490919352
, 1.0454423428
, 1.0416882038
, 1.0386042595
, 1.0350332260
, 1.0345323086
, 1.0383428335
, 1.0457444191
, 1.0530891418
, 1.0539441109
, 1.0537183285
, 1.0558037758
, 1.0582847595
, 1.0553606749
, 1.0526063442
, 1.0532193184
, 1.0555330515
, 1.0567510128
, 1.0627356768
, 1.0659980774
, 1.0701507330
, 1.0691270828
, 1.0674037933
, 1.0680665970
, 1.0691299438
, 1.0648038387
, 1.0605839491
, 1.0573273897
, 1.0501790047
, 1.0447111130
, 1.0439252853
, 1.0451734066
, 1.0423053503
, 1.0393695831
, 1.0353212357
, 1.0293790102
, 1.0265841484
, 1.0264195204
, 1.0232019424
, 1.0217816830
, 1.0248159170
, 1.0298062563
, 1.0302361250
, 1.0310220718
, 1.0348734856
, 1.0395962000
, 1.0392853022
, 1.0391324759
, 1.0416437387
, 1.0471056700
, 1.0556582212
, 1.0589472055
, 1.0609995127
, 1.0623422861
, 1.0581467152
, 1.0545492172
, 1.0546978712
, 1.0585185289
, 1.0623935461
, 1.0605350733
, 1.0583294630
, 1.0565230846
, 1.0502685308
, 1.0455042124
, 1.0452389717
, 1.0468720198
, 1.0439864397
, 1.0421967506
, 1.0417257547
, 1.0372718573
, 1.0340561867
, 1.0354183912
, 1.0387383699
, 1.0374516249
, 1.0368250608
, 1.0397921801
, 1.0439068079
, 1.0429126024
, 1.0420426130
, 1.0443998575
, 1.0477645397
, 1.0459599495
, 1.0431714058
, 1.0421082973
, 1.0458326340
, 1.0464811325
, 1.0474131107
, 1.0485464334
, 1.0448421240
