torque=[1.4249999523
, 1.4215155840
, 1.4036535025
, 1.3731348515
, 1.3380095959
, 1.2872670889
, 1.2289574146
, 1.1676996946
, 1.0968980789
, 1.0166798830
, 0.9281295538
, 0.8290165663
, 0.7294370532
, 0.6308003068
, 0.5409005880
, 0.4541862607
, 0.3687280416
, 0.2861984372
, 0.2054694146
, 0.1213381588
, 0.0437332690
, -0.0212598052
, -0.0762137994
, -0.1300145239
, -0.1755077690
, -0.2124806792
, -0.2475457340
, -0.2721335292
, -0.2920319736
, -0.3115806580
, -0.3300260007
, -0.3412711024
, -0.3435025513
, -0.3381153643
, -0.3274454474
, -0.3137784600
, -0.2989553213
, -0.2842854261
, -0.2705914080
, -0.2583104372
, -0.2441640645
, -0.2207621634
, -0.1971620172
, -0.1787384152
, -0.1626018137
, -0.1406846046
, -0.1195387766
, -0.1074195132
, -0.0943030864
, -0.0850025266
, -0.0791191384
, -0.0687872767
, -0.0613566861
, -0.0572357289
, -0.0487320460
, -0.0400766656
, -0.0276013426
, -0.0199483838
, -0.0176051520
, -0.0119086234
, -0.0090846512
, -0.0135886697
, -0.0189631190
, -0.0212745853
, -0.0227193572
, -0.0182961971
, -0.0164299700
, -0.0178866331
, -0.0149727967
, -0.0148425046
, -0.0177133624
, -0.0158075541
, -0.0163435042
, -0.0196239259
, -0.0178759303
, -0.0181721896
, -0.0239060912
, -0.0350733884
, -0.0468614027
, -0.0502425581
, -0.0526793897
, -0.0587222911
, -0.0653927028
, -0.0642474145
, -0.0630260259
, -0.0659896359
, -0.0702259392
, -0.0672618151
, -0.0647454858
, -0.0674361065
, -0.0721962973
, -0.0696184710
, -0.0665252507
, -0.0688892007
, -0.0731965080
, -0.0704201013
, -0.0678830445
, -0.0700066313
, -0.0736475214
, -0.0701639354
, -0.0670433640
, -0.0687855780
, -0.0722599998
, -0.0687728375
, -0.0657694787
, -0.0676759705
, -0.0713005513
, -0.0673087016
, -0.0625080839
, -0.0610517636
, -0.0550207533
, -0.0512806550
, -0.0536738262
, -0.0584910922
, -0.0566549338
, -0.0553836003
, -0.0587645881
, -0.0631741583
, -0.0605881773
, -0.0585889407
, -0.0577851012
, -0.0511724427
, -0.0467046089
, -0.0480601974
, -0.0500618145
, -0.0476589575
, -0.0474277586
, -0.0491008386
, -0.0449710526
, -0.0425875597
, -0.0460713208
, -0.0518521070
, -0.0509624816
, -0.0505865514
, -0.0549640134
, -0.0608421378
, -0.0594727919
, -0.0582858846
, -0.0617090017
, -0.0659796149
, -0.0619874224
, -0.0602608323
, -0.0641191602
, -0.0697207302
, -0.0676898956
, -0.0651808679
, -0.0645236298
, -0.0582874157
, -0.0539991334
, -0.0554712564
, -0.0594060309
, -0.0569950193
, -0.0554563068
, -0.0558047183
, -0.0508036502
, -0.0473030731
, -0.0486075282
, -0.0539170876
, -0.0535005555
, -0.0537696369
, -0.0586089864
, -0.0646551102
, -0.0632179826
, -0.0617934279
, -0.0614086650
, -0.0550314561
, -0.0505238697
, -0.0521775857
, -0.0564782657
, -0.0543849170
, -0.0530451275
, -0.0554571562
, -0.0567466654
, -0.0536830015
, -0.0529257059
, -0.0575960316
, -0.0638215467
, -0.0626268238
, -0.0614720285
, -0.0613186322
, -0.0550929494
, -0.0506793037
, -0.0524077639
, -0.0567580462
, -0.0546945967
, -0.0533796065
, -0.0570182912
, -0.0644908473
, -0.0693475232
, -0.0669174865
, -0.0630007163
, -0.0651460439
, -0.0633589774
, -0.0628515705
, -0.0670382679
, -0.0723478198
, -0.0699463263
, -0.0673951656
, -0.0695880651
, -0.0733850673
, -0.0700623468
, -0.0671208203
, -0.0690152496
, -0.0746069700
, -0.0771508217
, -0.0738258883
, -0.0717457905
, -0.0743677840
, -0.0781821162
, -0.0746937692
, -0.0715652183
, -0.0696645081
, -0.0610903241
, -0.0526766703
, -0.0535144880
, -0.0586500950
, -0.0577377044
, -0.0577601269
, -0.0594957247
, -0.0563537478
, -0.0564882867
, -0.0559786670
, -0.0524437763
, -0.0449119359
, -0.0401488617
, -0.0435984768
, -0.0505106188
, -0.0509089716
, -0.0515854061
, -0.0566189215
, -0.0628196299
, -0.0615583248
, -0.0603517145
, -0.0636695102
, -0.0683751702
, -0.0673470944
, -0.0691954866
, -0.0685973614
, -0.0637286231
, -0.0549731888
, -0.0499970913
, -0.0519569181
, -0.0567663684
, -0.0551493466
, -0.0541732535
, -0.0580400787
, -0.0634417087
, -0.0616339184
, -0.0600566454
, -0.0631325394
, -0.0676440299
, -0.0663315952
, -0.0677252337
, -0.0671624392
, -0.0625401884
, -0.0540805049
, -0.0495375842
, -0.0518799648
, -0.0604451448
, -0.0698236749
, -0.0706358403
, -0.0703720301
, -0.0736723244
, -0.0778872222
, -0.0745527744
, -0.0712852627
, -0.0726819634
, -0.0772690475
, -0.0784284323
, -0.0746088326
, -0.0706108660
, -0.0726651475
, -0.0705334097
, -0.0694452003
, -0.0728740916
, -0.0774168372
, -0.0743587837
, -0.0713358894
, -0.0729389787
, -0.0760563239
, -0.0710319877
, -0.0644662157
, -0.0630178750
, -0.0593822487
, -0.0596396066
, -0.0564018227
, -0.0512993410
, -0.0446104109
, -0.0424705185
, -0.0467893742
, -0.0560478047
, -0.0656548142
, -0.0666044056
, -0.0666723549
, -0.0704199299
, -0.0749710053
, -0.0720097721
, -0.0691805333
, -0.0676934645
, -0.0603486560
, -0.0549951009
, -0.0550994053
, -0.0583745614
, -0.0559334829
, -0.0547757968
, -0.0587618724
, -0.0643323511
, -0.0626280159
, -0.0610847175
, -0.0641329214
, -0.0685159937
, -0.0656646714
, -0.0630939752
, -0.0654611588
, -0.0695537478
, -0.0672222376
, -0.0659430921
, -0.0663383901
, -0.0674936920
, -0.0621216223
, -0.0580501035
, -0.0596148036
, -0.0634546205
, -0.0607013144
, -0.0586280115
, -0.0615291074
, -0.0661189109
, -0.0636472553
, -0.0615693666
, -0.0642898828
, -0.0686011016
, -0.0663691312
, -0.0649997890
, -0.0614237860
, -0.0513052866
, -0.0439886749
, -0.0439845994
, -0.0511005893
, -0.0599650815
, -0.0610038564
, -0.0614402629
, -0.0657643825
, -0.0709502771
, -0.0685351864
, -0.0661810860
, -0.0684342831
, -0.0721840635
, -0.0697416291
, -0.0675986782
, -0.0631947145
, -0.0628145337
, -0.0581955127
, -0.0554574952
, -0.0584574565
, -0.0635285154
, -0.0617147759
, -0.0603515431
, -0.0636129379
, -0.0684193373
, -0.0658369213
, -0.0635514483
, -0.0663659051
, -0.0713285804
, -0.0697665960
, -0.0682341754
, -0.0639380813
, -0.0535769984
, -0.0462748297
, -0.0462819636
, -0.0498853140
, -0.0477663167
, -0.0468326919
, -0.0511501916
, -0.0572423562
, -0.0562304184
, -0.0554629341
, -0.0593137890
, -0.0645717084
, -0.0625894517
, -0.0612603649
, -0.0643450916
, -0.0647108331
, -0.0581916049
, -0.0535245091
, -0.0549704693
, -0.0590126030
, -0.0566359088
, -0.0550282262
, -0.0584246740
, -0.0634986162
, -0.0614664219
, -0.0597607270
, -0.0628204793
, -0.0674366206
, -0.0649111122
, -0.0629556999
, -0.0651105419
, -0.0650376678
, -0.0586006604
, -0.0541914329
, -0.0558566973
, -0.0599866584
, -0.0576318726
, -0.0559883490
, -0.0592927262
, -0.0642774850
, -0.0621758141
, -0.0603969023
, -0.0633547306
, -0.0678567141
, -0.0652097464
, -0.0631592125
, -0.0646749884
, -0.0623230934
, -0.0540703125
, -0.0487590544
, -0.0500820279
, -0.0544064902
, -0.0526691973
, -0.0517540909
, -0.0558925420
, -0.0612768456
, -0.0594476499
, -0.0579549745
, -0.0613436028
, -0.0666118860
, -0.0650006384
, -0.0635589212
, -0.0650434420
, -0.0669417754
, -0.0682236403
, -0.0659677237
, -0.0658591762
, -0.0705743432
, -0.0762583017
, -0.0741021037
, -0.0716691762
, -0.0735715926
, -0.0768521801
, -0.0729541034
, -0.0694093555
, -0.0707511827
, -0.0738703981
, -0.0699560046
, -0.0647553355
, -0.0594056919
, -0.0550110713
, -0.0499223471
, -0.0492085405
, -0.0546385385
, -0.0651858002
, -0.0756520256
, -0.0768703595
, -0.0765486211
, -0.0795203820
, -0.0830557793
, -0.0788889602
, -0.0749640390
, -0.0758375302
, -0.0791345984
, -0.0808701962
, -0.0893983394
, -0.0940472633
, -0.0999647975
, -0.0985060930
, -0.0960504040
, -0.0969948992
, -0.0985101685
, -0.0923454687
, -0.0863321275
, -0.0816915333
, -0.0715050846
, -0.0637133345
, -0.0625935346
, -0.0643721074
, -0.0602851249
, -0.0561016575
, -0.0503327623
, -0.0418650880
, -0.0378824100
, -0.0376478173
, -0.0330627672
, -0.0310388990
, -0.0353626832
, -0.0424739160
, -0.0430864766
, -0.0442064516
, -0.0496947169
, -0.0564245842
, -0.0559815541
, -0.0557637773
, -0.0593423285
, -0.0671255812
, -0.0793129653
, -0.0839997679
, -0.0869243070
, -0.0888377577
, -0.0828590691
, -0.0777326375
, -0.0779444650
