StateVariable_6=[1.0000000000
, 0.9975548387
, 0.9850199819
, 0.9636034369
, 0.9389540553
, 0.9033453465
, 0.8624262810
, 0.8194383979
, 0.7697530389
, 0.7134595513
, 0.6513189673
, 0.5817660093
, 0.5118856430
, 0.4426668882
, 0.3795793653
, 0.3187271953
, 0.2587565184
, 0.2008410096
, 0.1441890597
, 0.0851495862
, 0.0306900144
, -0.0149191618
, -0.0534833670
, -0.0912382603
, -0.1231633425
, -0.1491092443
, -0.1737163067
, -0.1909708977
, -0.2049347162
, -0.2186530828
, -0.2315971851
, -0.2394884825
, -0.2410544157
, -0.2372739315
, -0.2297862768
, -0.2201954126
, -0.2097932100
, -0.1994985342
, -0.1898887157
, -0.1812704802
, -0.1713432074
, -0.1549208164
, -0.1383593082
, -0.1254304647
, -0.1141065359
, -0.0987260342
, -0.0838868618
, -0.0753821135
, -0.0661776066
, -0.0596508980
, -0.0555222034
, -0.0482717752
, -0.0430573225
, -0.0401654243
, -0.0341979265
, -0.0281239748
, -0.0193693638
, -0.0139988661
, -0.0123544931
, -0.0083569288
, -0.0063751936
, -0.0095359087
, -0.0133074522
, -0.0149295330
, -0.0159434080
, -0.0128394365
, -0.0115298033
, -0.0125520229
, -0.0105072260
, -0.0104157925
, -0.0124304295
, -0.0110930204
, -0.0114691257
, -0.0137711763
, -0.0125445127
, -0.0127524137
, -0.0167762041
, -0.0246129036
, -0.0328851938
, -0.0352579355
, -0.0369679928
, -0.0412086248
, -0.0458896160
, -0.0450859070
, -0.0442287922
, -0.0463085175
, -0.0492813587
, -0.0472012758
, -0.0454354286
, -0.0473235846
, -0.0506640673
, -0.0488550663
, -0.0466843843
, -0.0483433008
, -0.0513659716
, -0.0494176149
, -0.0476372242
, -0.0491274595
, -0.0516824722
, -0.0492378473
, -0.0470479727
, -0.0482705832
, -0.0507087708
, -0.0482616425
, -0.0461540222
, -0.0474919081
, -0.0500354767
, -0.0472341776
, -0.0438653231
, -0.0428433418
, -0.0386110544
, -0.0359864235
, -0.0376658440
, -0.0410463810
, -0.0397578478
, -0.0388656855
, -0.0412383080
, -0.0443327427
, -0.0425180197
, -0.0411150455
, -0.0405509472
, -0.0359104872
, -0.0327751637
, -0.0337264538
, -0.0351310968
, -0.0334448814
, -0.0332826376
, -0.0344567299
, -0.0315586329
, -0.0298860073
, -0.0323307514
, -0.0363874435
, -0.0357631445
, -0.0354993343
, -0.0385712385
, -0.0426962376
, -0.0417352915
, -0.0409023762
, -0.0433045626
, -0.0463014841
, -0.0434999466
, -0.0422883034
, -0.0449959040
, -0.0489268303
, -0.0475016832
, -0.0457409620
, -0.0452797413
, -0.0409034491
, -0.0378941298
, -0.0389271975
, -0.0416884422
, -0.0399965048
, -0.0389167070
, -0.0391612053
, -0.0356516838
, -0.0331951380
, -0.0341105461
, -0.0378365517
, -0.0375442505
, -0.0377330780
, -0.0411291122
, -0.0453720093
, -0.0443634987
, -0.0433638096
, -0.0430938005
, -0.0386185646
, -0.0354553461
, -0.0366158485
, -0.0396338701
, -0.0381648540
, -0.0372246504
, -0.0389173031
, -0.0398222208
, -0.0376722813
, -0.0371408463
, -0.0404182673
, -0.0447870493
, -0.0439486504
, -0.0431382656
, -0.0430306196
, -0.0386617184
, -0.0355644226
, -0.0367773771
, -0.0398302078
, -0.0383821726
, -0.0374593735
, -0.0400128365
, -0.0452567339
, -0.0486649275
, -0.0469596386
, -0.0442110300
, -0.0457165241
, -0.0444624424
, -0.0441063643
, -0.0470443964
, -0.0507704020
, -0.0490851402
, -0.0472948551
, -0.0488337278
, -0.0514982939
, -0.0491665602
, -0.0471023321
, -0.0484317541
, -0.0523557663
, -0.0541409254
, -0.0518076420
, -0.0503479242
, -0.0521879196
, -0.0548646450
, -0.0524166822
, -0.0502212048
, -0.0488873720
, -0.0428704023
, -0.0369660854
, -0.0375540257
, -0.0411579609
, -0.0405176878
, -0.0405334234
, -0.0417513847
, -0.0395464897
, -0.0396409035
, -0.0392832756
, -0.0368026495
, -0.0315171480
, -0.0281746387
, -0.0305954218
, -0.0354460478
, -0.0357255936
, -0.0362002850
, -0.0397325754
, -0.0440839529
, -0.0431988239
, -0.0423520803
, -0.0446803570
, -0.0479825735
, -0.0472611189
, -0.0485582352
, -0.0481384993
, -0.0447218418
, -0.0385776758
, -0.0350856781
, -0.0364609957
, -0.0398360491
, -0.0387012959
, -0.0380163193
, -0.0407298803
, -0.0445204973
, -0.0432518721
, -0.0421450138
, -0.0443035364
, -0.0474694967
, -0.0465484858
, -0.0475264788
, -0.0471315384
, -0.0438878536
, -0.0379512310
, -0.0347632170
, -0.0364069939
, -0.0424176455
, -0.0489990711
, -0.0495690107
, -0.0493838787
, -0.0516998768
, -0.0546576977
, -0.0523177385
, -0.0500247478
, -0.0510048866
, -0.0542238951
, -0.0550374985
, -0.0523570776
, -0.0495514870
, -0.0509930849
, -0.0494971275
, -0.0487334728
, -0.0511397123
, -0.0543276072
, -0.0521816015
, -0.0500602722
, -0.0511852503
, -0.0533728600
, -0.0498470068
, -0.0452394485
, -0.0442230701
, -0.0416717529
, -0.0418523550
, -0.0395802259
, -0.0359995365
, -0.0313055515
, -0.0298038721
, -0.0328346491
, -0.0393317938
, -0.0460735559
, -0.0467399359
, -0.0467876196
, -0.0494174957
, -0.0526112318
, -0.0505331755
, -0.0485477448
, -0.0475041866
, -0.0423499346
, -0.0385930538
, -0.0386662483
, -0.0409646034
, -0.0392515659
, -0.0384391546
, -0.0412364006
, -0.0451455116
, -0.0439494848
, -0.0428664684
, -0.0450055599
, -0.0480813980
, -0.0460804701
, -0.0442764759
, -0.0459376574
, -0.0488096476
, -0.0471735001
, -0.0462758541
, -0.0465532541
, -0.0473639965
, -0.0435941219
, -0.0407369137
, -0.0418349504
, -0.0445295572
, -0.0425974131
, -0.0411424637
, -0.0431783199
, -0.0463992357
, -0.0446647406
, -0.0432065725
, -0.0451157093
, -0.0481411219
, -0.0465748310
, -0.0456138849
, -0.0431044102
, -0.0360037088
, -0.0308692455
, -0.0308663845
, -0.0358600616
, -0.0420807600
, -0.0428097248
, -0.0431159735
, -0.0461504459
, -0.0497896671
, -0.0480948687
, -0.0464428663
, -0.0480240583
, -0.0506554842
, -0.0489414930
, -0.0474376678
, -0.0443471670
, -0.0440803766
, -0.0408389568
, -0.0389175415
, -0.0410227776
, -0.0445814133
, -0.0433086157
, -0.0423519611
, -0.0446406603
, -0.0480135679
, -0.0462013483
, -0.0445975065
, -0.0465725660
, -0.0500551462
, -0.0489590168
, -0.0478836298
, -0.0448688269
, -0.0375978947
, -0.0324735641
, -0.0324785709
, -0.0350072384
, -0.0335202217
, -0.0328650475
, -0.0358948708
, -0.0401700735
, -0.0394599438
, -0.0389213562
, -0.0416237116
, -0.0453134775
, -0.0439224243
, -0.0429897308
, -0.0451544523
, -0.0454111099
, -0.0408362150
, -0.0375610590
, -0.0385757685
, -0.0414123535
, -0.0397444963
, -0.0386162996
, -0.0409997702
, -0.0445604324
, -0.0431343317
, -0.0419373512
, -0.0440845490
, -0.0473239422
, -0.0455516577
, -0.0441794395
, -0.0456916094
, -0.0456404686
, -0.0411232710
, -0.0380290747
, -0.0391976833
, -0.0420958996
, -0.0404434204
, -0.0392900705
, -0.0416089296
, -0.0451070070
, -0.0436321497
, -0.0423837900
, -0.0444594622
, -0.0476187468
, -0.0457612276
, -0.0443222523
, -0.0453859568
, -0.0437355042
, -0.0379440784
, -0.0342168808
, -0.0351452827
, -0.0381799936
, -0.0369608402
, -0.0363186598
, -0.0392228365
, -0.0430012941
, -0.0417176485
, -0.0406701565
, -0.0430481434
, -0.0467451811
, -0.0456144810
, -0.0446027517
, -0.0456445217
, -0.0469766855
, -0.0478762388
, -0.0462931395
, -0.0462169647
, -0.0495258570
, -0.0535145998
, -0.0520014763
, -0.0502941608
, -0.0516291857
, -0.0539313555
, -0.0511958599
, -0.0487083197
, -0.0496499538
, -0.0518388748
, -0.0490919352
, -0.0454423428
, -0.0416882038
, -0.0386042595
, -0.0350332260
, -0.0345323086
, -0.0383428335
, -0.0457444191
, -0.0530891418
, -0.0539441109
, -0.0537183285
, -0.0558037758
, -0.0582847595
, -0.0553606749
, -0.0526063442
, -0.0532193184
, -0.0555330515
, -0.0567510128
, -0.0627356768
, -0.0659980774
, -0.0701507330
, -0.0691270828
, -0.0674037933
, -0.0680665970
, -0.0691299438
, -0.0648038387
, -0.0605839491
, -0.0573273897
, -0.0501790047
, -0.0447111130
, -0.0439252853
, -0.0451734066
, -0.0423053503
, -0.0393695831
, -0.0353212357
, -0.0293790102
, -0.0265841484
, -0.0264195204
, -0.0232019424
, -0.0217816830
, -0.0248159170
, -0.0298062563
, -0.0302361250
, -0.0310220718
, -0.0348734856
, -0.0395962000
, -0.0392853022
, -0.0391324759
, -0.0416437387
, -0.0471056700
, -0.0556582212
, -0.0589472055
, -0.0609995127
, -0.0623422861
, -0.0581467152
, -0.0545492172
, -0.0546978712
