StateVariable_7=[0.0000000000
, 0.0009942629
, 0.0019783964
, 0.0029412287
, 0.0038809341
, 0.0047842795
, 0.0056460155
, 0.0064654541
, 0.0072358232
, 0.0079499250
, 0.0086006578
, 0.0091883000
, 0.0097087845
, 0.0101506989
, 0.0105289882
, 0.0108469184
, 0.0111059081
, 0.0113059049
, 0.0114512909
, 0.0115363728
, 0.0115671391
, 0.0115522202
, 0.0114990948
, 0.0114080850
, 0.0112855369
, 0.0111378143
, 0.0109364083
, 0.0107732993
, 0.0105403503
, 0.0103545394
, 0.0101235211
, 0.0098840324
, 0.0096431710
, 0.0094058970
, 0.0091761108
, 0.0089559155
, 0.0087461220
, 0.0085466234
, 0.0083565833
, 0.0081753125
, 0.0080036782
, 0.0078488812
, 0.0077107572
, 0.0075806985
, 0.0074707111
, 0.0073569883
, 0.0072859111
, 0.0072105289
, 0.0071441857
, 0.0070845825
, 0.0070291106
, 0.0069808774
, 0.0069378200
, 0.0068972530
, 0.0068633696
, 0.0068352204
, 0.0068158684
, 0.0068018809
, 0.0067895162
, 0.0067807380
, 0.0067746788
, 0.0067636874
, 0.0067524109
, 0.0067374948
, 0.0067215641
, 0.0067087244
, 0.0066971947
, 0.0066846428
, 0.0066741356
, 0.0066637020
, 0.0066512828
, 0.0066401986
, 0.0066287294
, 0.0066149584
, 0.0066024140
, 0.0065894267
, 0.0065725381
, 0.0065478417
, 0.0065150680
, 0.0064798668
, 0.0064428989
, 0.0064017270
, 0.0063557592
, 0.0063109756
, 0.0062663751
, 0.0062201084
, 0.0061708665
, 0.0061237030
, 0.0060786493
, 0.0060318415
, 0.0059813499
, 0.0059308968
, 0.0058857393
, 0.0058373529
, 0.0057860739
, 0.0057366560
, 0.0056890189
, 0.0056398916
, 0.0055882088
, 0.0055389320
, 0.0054918840
, 0.0054436517
, 0.0053929430
, 0.0053446814
, 0.0052985274
, 0.0052510356
, 0.0052009998
, 0.0051506767
, 0.0051096454
, 0.0050667636
, 0.0050281873
, 0.0049922294
, 0.0049545635
, 0.0049134847
, 0.0048737265
, 0.0048348610
, 0.0047928267
, 0.0047489419
, 0.0047065979
, 0.0046651047
, 0.0046245903
, 0.0045885574
, 0.0045562512
, 0.0045190440
, 0.0044875946
, 0.0044541499
, 0.0044208672
, 0.0043864106
, 0.0043548802
, 0.0043249940
, 0.0042926343
, 0.0042563090
, 0.0042205458
, 0.0041850177
, 0.0041464777
, 0.0041037817
, 0.0040620463
, 0.0040211440
, 0.0039778044
, 0.0039273081
, 0.0038867621
, 0.0038440847
, 0.0037993900
, 0.0037503408
, 0.0037016845
, 0.0036573256
, 0.0036118918
, 0.0035712293
, 0.0035329524
, 0.0034940601
, 0.0034525804
, 0.0034125522
, 0.0033739584
, 0.0033352901
, 0.0032997886
, 0.0032646449
, 0.0032325091
, 0.0031946385
, 0.0031571584
, 0.0031193949
, 0.0030782658
, 0.0030329304
, 0.0029885669
, 0.0029452031
, 0.0029021094
, 0.0028634907
, 0.0028280355
, 0.0027914196
, 0.0027517856
, 0.0027135899
, 0.0026763652
, 0.0026321902
, 0.0025977481
, 0.0025600418
, 0.0025229645
, 0.0024825463
, 0.0024376826
, 0.0023938091
, 0.0023506708
, 0.0023076055
, 0.0022689437
, 0.0022334079
, 0.0021966307
, 0.0021568004
, 0.0021184182
, 0.0020809285
, 0.0020409157
, 0.0019892782
, 0.0019474308
, 0.0018933050
, 0.0018558805
, 0.0018101640
, 0.0017657374
, 0.0017216312
, 0.0016745867
, 0.0016236482
, 0.0015743129
, 0.0015273348
, 0.0014785451
, 0.0014270004
, 0.0013778781
, 0.0013307758
, 0.0012823832
, 0.0012215090
, 0.0011749535
, 0.0011230573
, 0.0010726694
, 0.0010203039
, 0.0009655766
, 0.0009134687
, 0.0008630773
, 0.0008145174
, 0.0007672609
, 0.0007338919
, 0.0006961499
, 0.0006549919
, 0.0006147784
, 0.0005748931
, 0.0005332463
, 0.0004858382
, 0.0004540105
, 0.0004091251
, 0.0003776629
, 0.0003445318
, 0.0003177772
, 0.0002871542
, 0.0002517400
, 0.0002160434
, 0.0001797525
, 0.0001400514
, 0.0000960072
, 0.0000528433
, 0.0000104912
, -0.0000341892
, -0.0000821717
, -0.0001372025
, -0.0001778171
, -0.0002330652
, -0.0002711821
, -0.0003097945
, -0.0003448486
, -0.0003813096
, -0.0004211134
, -0.0004598147
, -0.0004978310
, -0.0005385609
, -0.0005830814
, -0.0006263332
, -0.0006684783
, -0.0007128575
, -0.0007604031
, -0.0008151900
, -0.0008541860
, -0.0009083963
, -0.0009458768
, -0.0009836380
, -0.0010184294
, -0.0010548069
, -0.0010972582
, -0.0011463410
, -0.0011958253
, -0.0012454172
, -0.0012968583
, -0.0013515160
, -0.0014038753
, -0.0014538603
, -0.0015049928
, -0.0015706364
, -0.0016139888
, -0.0016740793
, -0.0017163118
, -0.0017673048
, -0.0018167627
, -0.0018655795
, -0.0019166318
, -0.0019710953
, -0.0020232357
, -0.0020732500
, -0.0021244821
, -0.0021778550
, -0.0022333898
, -0.0022734671
, -0.0023176498
, -0.0023663146
, -0.0024054633
, -0.0024477346
, -0.0024776037
, -0.0025088808
, -0.0025386845
, -0.0025724552
, -0.0026115901
, -0.0026579364
, -0.0027043996
, -0.0027513043
, -0.0028007671
, -0.0028531102
, -0.0029037280
, -0.0029519128
, -0.0029998911
, -0.0030556370
, -0.0030822817
, -0.0031201702
, -0.0031608935
, -0.0031998816
, -0.0032382903
, -0.0032795267
, -0.0033247080
, -0.0033686575
, -0.0034114900
, -0.0034566850
, -0.0035047224
, -0.0035509604
, -0.0035950504
, -0.0036409881
, -0.0036897142
, -0.0037493564
, -0.0037839841
, -0.0038299933
, -0.0038773573
, -0.0039208769
, -0.0039616460
, -0.0040034810
, -0.0040479754
, -0.0040905727
, -0.0041317153
, -0.0041748933
, -0.0042213295
, -0.0042659589
, -0.0043091653
, -0.0043542814
, -0.0044024605
, -0.0044613457
, -0.0044960128
, -0.0045381081
, -0.0045740502
, -0.0046049193
, -0.0046357857
, -0.0046716458
, -0.0047137267
, -0.0047565363
, -0.0047996524
, -0.0048458395
, -0.0048956289
, -0.0049436856
, -0.0049901288
, -0.0050381906
, -0.0050888062
, -0.0051488718
, -0.0051928465
, -0.0052313930
, -0.0052755838
, -0.0053165574
, -0.0053553125
, -0.0053963014
, -0.0054408475
, -0.0054839351
, -0.0055265031
, -0.0055708452
, -0.0056193820
, -0.0056655044
, -0.0057098391
, -0.0057557495
, -0.0058055096
, -0.0058683492
, -0.0059051854
, -0.0059477622
, -0.0059852959
, -0.0060177948
, -0.0060502477
, -0.0060852552
, -0.0061188019
, -0.0061516408
, -0.0061875358
, -0.0062277056
, -0.0062671658
, -0.0063060871
, -0.0063477438
, -0.0063930214
, -0.0064369435
, -0.0064920518
, -0.0065275435
, -0.0065699490
, -0.0066107153
, -0.0066482765
, -0.0066868523
, -0.0067282645
, -0.0067680092
, -0.0068066255
, -0.0068476251
, -0.0068922210
, -0.0069353553
, -0.0069772592
, -0.0070213438
, -0.0070686680
, -0.0071142195
, -0.0071717412
, -0.0072070835
, -0.0072493562
, -0.0072904094
, -0.0073284381
, -0.0073677031
, -0.0074097267
, -0.0074501703
, -0.0074894917
, -0.0075310674
, -0.0075761746
, -0.0076198066
, -0.0076621906
, -0.0077066501
, -0.0077543063
, -0.0078000678
, -0.0078577045
, -0.0078953607
, -0.0079346532
, -0.0079723774
, -0.0080067655
, -0.0080418829
, -0.0080797076
, -0.0081168562
, -0.0081528705
, -0.0081926500
, -0.0082354359
, -0.0082771536
, -0.0083177555
, -0.0083604809
, -0.0084067537
, -0.0084522897
, -0.0085124588
, -0.0085469624
, -0.0085961474
, -0.0086366739
, -0.0086829672
, -0.0087291421
, -0.0087786680
, -0.0088321827
, -0.0088841841
, -0.0089345239
, -0.0089861061
, -0.0090400372
, -0.0090912804
, -0.0091399886
, -0.0091895927
, -0.0092414320
, -0.0093076564
, -0.0093428064
, -0.0093867667
, -0.0094186040
, -0.0094535770
, -0.0094881095
, -0.0095265480
, -0.0095722200
, -0.0096253511
, -0.0096792039
, -0.0097329710
, -0.0097887749
, -0.0098472517
, -0.0099023348
, -0.0099549415
, -0.0100081610
, -0.0100833531
, -0.0101272492
, -0.0101918811
, -0.0102474699
, -0.0103176208
, -0.0103867473
, -0.0104541518
, -0.0105222184
, -0.0105913477
, -0.0106561519
, -0.0107167838
, -0.0107741635
, -0.0108243823
, -0.0108689815
, -0.0109133115
, -0.0109582590
, -0.0110003864
, -0.0110462960
, -0.0110766962
, -0.0111060254
, -0.0111327004
, -0.0111589637
, -0.0111822244
, -0.0112040797
, -0.0112287290
, -0.0112585593
, -0.0112886680
, -0.0113199502
, -0.0113548562
, -0.0113940835
, -0.0114332391
, -0.0114724385
, -0.0115316892
, -0.0115590757
, -0.0116151515
, -0.0116737522
, -0.0117342379
, -0.0117969001
, -0.0118541149
, -0.0119085275
, -0.0119632250
, -0.0120228743
, -0.0120841200
, -0.0121445516
, -0.0122028803
, -0.0122600198
, -0.0123097803
, -0.0123552848
, -0.0124004874
, -0.0124483826
, -0.0124914087
, -0.0125337839
, -0.0125753665
, -0.0126131093
