time=[0.0000000000
, 1.0000000000
, 2.0034000874
, 3.0050001144
, 3.9992001057
, 4.9983000755
, 5.9983000755
, 6.9983000755
, 7.9983000755
, 8.9991998672
, 10.0116996765
, 11.0066995621
, 12.0059003830
, 13.0041999817
, 13.9982995987
, 14.9975004196
, 16.0000000000
, 17.0007991791
, 17.9983005524
, 19.0007991791
, 20.0067005157
, 21.0067005157
, 21.9992008209
, 23.0016994476
, 23.9983005524
, 24.9992008209
, 26.0277004242
, 27.0277004242
, 28.0277004242
, 29.0242996216
, 30.0158996582
, 31.0259990692
, 32.0251998901
, 33.0267982483
, 34.0251998901
, 35.0176010132
, 36.0260009766
, 37.0267982483
, 38.0176010132
, 39.0092010498
, 39.9982986450
, 41.0008010864
, 42.0125999451
, 43.1543998718
, 43.9982986450
, 45.0000000000
, 45.9982986450
, 47.0024986267
, 48.0000000000
, 48.9975013733
, 49.9982986450
, 51.0008010864
, 51.9982986450
, 52.9991989136
, 54.0066986084
, 55.0108985901
, 55.9975013733
, 56.9975013733
, 58.0074996948
, 59.1552009583
, 59.9975013733
, 61.0024986267
, 62.0017013550
, 62.9982986450
, 63.9975013733
, 65.0000000000
, 65.9982986450
, 66.9991989136
, 67.9982986450
, 68.9974975586
, 69.9974975586
, 70.9982986450
, 71.9982986450
, 72.9982986450
, 74.0083999634
, 75.1492996216
, 75.9974975586
, 76.9974975586
, 77.9982986450
, 78.9982986450
, 79.9974975586
, 81.0000000000
, 81.9982986450
, 82.9982986450
, 83.9974975586
, 84.9974975586
, 85.9974975586
, 86.9974975586
, 87.9974975586
, 88.9974975586
, 90.0225982666
, 91.0201034546
, 92.0242996216
, 93.0193023682
, 94.0133972168
, 95.0251998901
, 96.0234985352
, 97.0234985352
, 98.0217971802
, 99.0150985718
, 100.0225982666
, 101.0234985352
, 102.0158996582
, 103.0133972168
, 109.9244995117
, 109.9681015015
, 110.0066986084
, 111.0092010498
, 112.0117034912
, 113.0101013184
, 114.0158996582
, 115.0092010498
, 116.0049972534
, 117.0034027100
, 118.0150985718
, 119.0117034912
, 119.9991989136
, 120.9982986450
, 122.0074996948
, 122.9982986450
, 123.9991989136
, 124.9974975586
, 125.9974975586
, 126.9974975586
, 127.9974975586
, 128.9974975586
, 129.9974975586
, 130.9983062744
, 131.9983062744
, 133.0108947754
, 134.0000000000
, 134.9974975586
, 135.9974975586
, 136.9974975586
, 138.0075073242
, 138.9983062744
, 139.9992065430
, 140.9983062744
, 141.9983062744
, 142.9974975586
, 143.9974975586
, 144.9974975586
, 145.9974975586
, 147.0075073242
, 147.9992065430
, 148.9983062744
, 149.9974975586
, 150.9983062744
, 151.9983062744
, 152.9983062744
, 154.0200958252
, 155.0260009766
, 156.0487060547
, 157.0200958252
, 158.0175933838
, 159.0218048096
, 160.0193023682
, 161.0252075195
, 162.0285034180
, 163.0193023682
, 164.0218048096
, 165.0167999268
, 166.0158996582
, 167.0108947754
, 167.9983062744
, 168.9983062744
, 170.0101013184
, 170.9992065430
, 172.0025024414
, 172.9983062744
, 173.9983062744
, 174.9983062744
, 175.9983062744
, 176.9983062744
, 177.9983062744
, 178.9983062744
, 179.9992065430
, 180.9992065430
, 181.9983062744
, 182.9983062744
, 183.9983062744
, 184.9983062744
, 186.0092010498
, 187.0000000000
, 188.0151062012
, 189.0200958252
, 190.0167999268
, 191.0200958252
, 192.0151062012
, 193.0133972168
, 194.0126037598
, 194.9983062744
, 195.9983062744
, 196.9974975586
, 197.9974975586
, 199.0000000000
, 199.9983062744
, 201.0007934570
, 202.0108947754
, 202.9992065430
, 203.9992065430
, 204.9974975586
, 205.9974975586
, 207.0000000000
, 207.9974975586
, 208.9974975586
, 209.9974975586
, 210.9983062744
, 212.0175933838
, 213.0218048096
, 214.0218048096
, 215.0175933838
, 216.0234985352
, 217.0126037598
, 218.0218048096
, 219.0310058594
, 220.0243072510
, 221.0225982666
, 222.0151062012
, 223.0209960938
, 224.0142974854
, 225.0260009766
, 226.0218048096
, 227.0243072510
, 228.0234985352
, 229.0193023682
, 230.0158996582
, 231.0133972168
, 232.0075073242
, 233.0142974854
, 234.0117034912
, 235.0059051514
, 236.0000000000
, 236.9974975586
, 237.9974975586
, 238.9974975586
, 239.9974975586
, 241.0000000000
, 242.0034027100
, 242.9983062744
, 243.9974975586
, 244.9974975586
, 246.0025024414
, 246.9992065430
, 248.0041961670
, 248.9974975586
, 250.0084075928
, 251.1510009766
, 251.9992065430
, 252.9983062744
, 254.0126037598
, 255.0117034912
, 256.0126037598
, 257.0091857910
, 258.0083923340
, 259.0101013184
, 260.0108947754
, 261.0075073242
, 262.0067138672
, 263.0083923340
, 264.0158996582
, 265.0126037598
, 266.0184936523
, 267.0143127441
, 268.0058898926
, 268.9974975586
, 269.9982910156
, 270.9992065430
, 272.0025024414
, 273.0101013184
, 274.0017089844
, 275.0083923340
, 276.0101013184
, 277.0101013184
, 278.0126037598
, 279.0143127441
, 280.0133972168
, 281.0133972168
, 282.0176086426
, 283.0293884277
, 284.0234985352
, 285.0192871094
, 286.0176086426
, 287.0201110840
, 288.0143127441
, 289.0260009766
, 290.0277099609
, 291.0209960938
, 292.0184936523
, 293.0143127441
, 294.0158996582
, 295.0116882324
, 296.0042114258
, 296.9982910156
, 298.0083923340
, 299.1275024414
, 299.9974975586
, 301.0000000000
, 301.9982910156
, 303.0000000000
, 303.9974975586
, 305.0570068359
, 305.9974975586
, 306.9992065430
, 307.9992065430
, 309.0067138672
, 310.0025024414
, 311.0075073242
, 312.0050048828
, 313.0025024414
, 314.0143127441
, 315.0058898926
, 316.0025024414
, 317.0017089844
, 318.0025024414
, 319.0083923340
, 320.0007934570
, 321.0033874512
, 322.0007934570
, 323.0000000000
, 324.0000000000
, 324.9982910156
, 325.9982910156
, 326.9982910156
, 327.9992065430
, 329.0000000000
, 330.0158996582
, 331.1585998535
, 331.9992065430
, 333.0033874512
, 334.0007934570
, 335.0091857910
, 335.9992065430
, 336.9982910156
, 337.9982910156
, 338.9982910156
, 339.9982910156
, 341.0042114258
, 342.0000000000
, 342.9982910156
, 343.9982910156
, 345.0007934570
, 346.0184936523
, 347.0302124023
, 348.0234985352
, 349.0201110840
, 350.0260009766
, 351.0267944336
, 352.0184936523
, 353.0226135254
, 354.0151062012
, 355.0217895508
, 356.0158996582
, 357.0242919922
, 358.0252075195
, 359.0176086426
, 360.0184936523
, 361.0158996582
, 362.0151062012
, 363.0143127441
, 364.0192871094
, 365.0184936523
, 366.0091857910
, 366.9992065430
, 367.9982910156
, 368.9982910156
, 369.9982910156
, 370.9974975586
, 371.9982910156
, 372.9974975586
, 373.9974975586
, 374.9974975586
, 375.9974975586
, 376.9974975586
, 378.0083923340
, 378.9982910156
, 380.0000000000
, 380.9974975586
, 381.9982910156
, 382.9992065430
, 383.9974975586
, 384.9974975586
, 385.9974975586
, 386.9974975586
, 387.9974975586
, 388.9974975586
, 389.9974975586
, 390.9974975586
, 391.9982910156
, 392.9982910156
, 394.0091857910
, 394.9982910156
, 395.9982910156
, 396.9974975586
, 397.9974975586
, 398.9974975586
, 400.0091857910
, 401.0116882324
, 402.0108947754
, 402.9992065430
, 403.9982910156
, 405.0133972168
, 406.0017089844
, 406.9982910156
, 407.9982910156
, 409.0083923340
, 410.0158996582
, 411.0007934570
, 412.0017089844
, 412.9982910156
, 414.0101013184
, 414.9982910156
, 415.9974975586
, 416.9992065430
, 418.0091857910
, 418.9974975586
, 420.0025024414
, 421.0108947754
, 421.9992065430
, 423.0000000000
, 423.9974975586
, 424.9974975586
, 426.0151062012
, 427.0293884277
, 428.0242919922
, 429.0116882324
, 429.9992065430
, 431.0007934570
, 432.0209960938
, 433.0252075195
, 434.0201110840
, 435.0242919922
, 436.0234985352
, 437.0184936523
, 438.0217895508
, 439.0133972168
, 440.0242919922
, 441.0252075195
, 442.0335998535
, 443.0151062012
, 444.0133972168
, 445.0058898926
, 446.0007934570
, 446.9974975586
, 447.9982910156
, 448.9974975586
, 449.9982910156
, 450.9982910156
, 451.9982910156
, 452.9974975586
, 453.9982910156
, 454.9982910156
, 455.9982910156
, 456.9974975586
, 458.0091857910
, 458.9982910156
, 460.0050048828
, 460.9992065430
, 461.9982910156
, 463.0327148438
, 464.0033874512
, 464.9982910156
, 465.9974975586
, 466.9992065430
, 467.9992065430
, 468.9992065430
, 469.9992065430
, 470.9992065430
, 471.9982910156
, 472.9992065430
, 474.0116882324
, 474.9992065430
, 476.0000000000
, 476.9982910156
, 477.9982910156
, 479.0116882324
