position=[0.0057119867
, 0.0060927859
, 0.0068543837
, 0.0076159821
, 0.0087583791
, 0.0102815758
, 0.0118047725
, 0.0137087675
, 0.0159935635
, 0.0186591558
, 0.0217055492
, 0.0247519426
, 0.0281791333
, 0.0319871269
, 0.0357951149
, 0.0403647050
, 0.0449342951
, 0.0498846844
, 0.0548350699
, 0.0605470575
, 0.0662590414
, 0.0723518282
, 0.0784446150
, 0.0852990001
, 0.0921533853
, 0.0993885696
, 0.1070045531
, 0.1150013283
, 0.1229981109
, 0.1313757002
, 0.1397532672
, 0.1488924474
, 0.1580316275
, 0.1675516069
, 0.1770715863
, 0.1869723648
, 0.1972539425
, 0.2071547210
, 0.2174362987
, 0.2280986607
, 0.2383802384
, 0.2490426153
, 0.2597050071
, 0.2711289525
, 0.2798873484
, 0.2897881269
, 0.2993080914
, 0.3088280857
, 0.3175864518
, 0.3263448477
, 0.3351032138
, 0.3431000113
, 0.3510967791
, 0.3587127626
, 0.3659479320
, 0.3731831312
, 0.3796567023
, 0.3861303031
, 0.3922230899
, 0.3990774751
, 0.4036470652
, 0.4089782536
, 0.4139286280
, 0.4188790321
, 0.4230678082
, 0.4272566140
, 0.4314453900
, 0.4352533817
, 0.4386805594
, 0.4424885511
, 0.4459157586
, 0.4497237504
, 0.4535317421
, 0.4573397338
, 0.4611477256
, 0.4660980999
, 0.4702869058
, 0.4748564959
, 0.4801876843
, 0.4855188727
, 0.4912308455
, 0.4973236322
, 0.5037972331
, 0.5102708340
, 0.5171251893
, 0.5243603587
, 0.5319763422
, 0.5395923257
, 0.5475891232
, 0.5559666753
, 0.5647251010
, 0.5734834671
, 0.5830034614
, 0.5921426415
, 0.6016625762
, 0.6115633845
, 0.6214641333
, 0.6317456961
, 0.6420273185
, 0.6519280672
, 0.6622096300
, 0.6724912524
, 0.6823920012
, 0.6922928095
, 0.7539822459
, 0.7543630600
, 0.7547438145
, 0.7623597980
, 0.7699757814
, 0.7775917649
, 0.7844461799
, 0.7913005352
, 0.7973933220
, 0.8038669229
, 0.8095788956
, 0.8152908683
, 0.8206220865
, 0.8255724907
, 0.8305228353
, 0.8347116709
, 0.8389004469
, 0.8430892229
, 0.8468972445
, 0.8503243923
, 0.8541324139
, 0.8575596213
, 0.8613675833
, 0.8647947907
, 0.8686027527
, 0.8727915883
, 0.8769803643
, 0.8815499544
, 0.8861195445
, 0.8914507031
, 0.8967819214
, 0.9024938941
, 0.9082058668
, 0.9146794677
, 0.9211530685
, 0.9280074239
, 0.9352425933
, 0.9424778223
, 0.9500938058
, 0.9580905437
, 0.9664681554
, 0.9748457074
, 0.9836040735
, 0.9927432537
, 1.0022633076
, 1.0117832422
, 1.0216840506
, 1.0315847397
, 1.0418664217
, 1.0517671108
, 1.0620486736
, 1.0727111101
, 1.0826119184
, 1.0928934813
, 1.1027941704
, 1.1126949787
, 1.1222150326
, 1.1313542128
, 1.1401125193
, 1.1488709450
, 1.1568677425
, 1.1648644209
, 1.1728612185
, 1.1804772615
, 1.1877124310
, 1.1945668459
, 1.2010403872
, 1.2075139284
, 1.2136067152
, 1.2193187475
, 1.2250307798
, 1.2303619385
, 1.2349314690
, 1.2398818731
, 1.2440706491
, 1.2482594252
, 1.2524483204
, 1.2562562227
, 1.2600642443
, 1.2634913921
, 1.2672994137
, 1.2711074352
, 1.2749154568
, 1.2791042328
, 1.2832930088
, 1.2874817848
, 1.2924321890
, 1.2973825932
, 1.3027137518
, 1.3084257841
, 1.3141376972
, 1.3206113577
, 1.3270848989
, 1.3339393139
, 1.3407936096
, 1.3480288982
, 1.3560255766
, 1.3636416197
, 1.3720191717
, 1.3807775974
, 1.3891551495
, 1.3982943296
, 1.4078142643
, 1.4173343182
, 1.4272350073
, 1.4371358156
, 1.4474173784
, 1.4573181868
, 1.4675997496
, 1.4778813124
, 1.4881628752
, 1.4984444380
, 1.5083452463
, 1.5178653002
, 1.5273852348
, 1.5369051695
, 1.5456635952
, 1.5544220209
, 1.5627995729
, 1.5707963705
, 1.5787930489
, 1.5860283375
, 1.5932635069
, 1.6001178026
, 1.6069722176
, 1.6130650043
, 1.6191577911
, 1.6248698235
, 1.6305817366
, 1.6359130144
, 1.6408634186
, 1.6454329491
, 1.6500025988
, 1.6538105011
, 1.6579992771
, 1.6618072987
, 1.6656153202
, 1.6690424681
, 1.6728504896
, 1.6766585112
, 1.6804664135
, 1.6846553087
, 1.6888440847
, 1.6941752434
, 1.6979832649
, 1.7033144236
, 1.7086455822
, 1.7143576145
, 1.7200695276
, 1.7265431881
, 1.7330167294
, 1.7398711443
, 1.7467255592
, 1.7543414831
, 1.7619575262
, 1.7699542046
, 1.7779510021
, 1.7867094278
, 1.7954678535
, 1.8046070337
, 1.8137462139
, 1.8232661486
, 1.8327860832
, 1.8426868916
, 1.8529684544
, 1.8632500172
, 1.8731508255
, 1.8838131428
, 1.8937139511
, 1.9039955139
, 1.9138963223
, 1.9237971306
, 1.9329363108
, 1.9424562454
, 1.9512146711
, 1.9599729776
, 1.9683506489
, 1.9763473272
, 1.9839633703
, 1.9915792942
, 1.9988145828
, 2.0056688786
, 2.0121424198
, 2.0186159611
, 2.0247087479
, 2.0304207802
, 2.0357520580
, 2.0410833359
, 2.0460336208
, 2.0506031513
, 2.0547919273
, 2.0597424507
, 2.0631694794
, 2.0669775009
, 2.0704047680
, 2.0742127895
, 2.0780208111
, 2.0818288326
, 2.0856366158
, 2.0894446373
, 2.0936334133
, 2.0982031822
, 2.1031534672
, 2.1081037521
, 2.1138157845
, 2.1195278168
, 2.1252398491
, 2.1317133904
, 2.1381869316
, 2.1450414658
, 2.1518957615
, 2.1595118046
, 2.1671278477
, 2.1751244068
, 2.1835021973
, 2.1918797493
, 2.2006380558
, 2.2097771168
, 2.2189164162
, 2.2288172245
, 2.2383372784
, 2.2482378483
, 2.2585194111
, 2.2703242302
, 2.2787017822
, 2.2889833450
, 2.2992649078
, 2.3095467091
, 2.3194472790
, 2.3289673328
, 2.3384873867
, 2.3476264477
, 2.3563849926
, 2.3651432991
, 2.3735208511
, 2.3815176487
, 2.3891336918
, 2.3967494965
, 2.4039847851
, 2.4108390808
, 2.4176936150
, 2.4237864017
, 2.4298791885
, 2.4355912209
, 2.4409222603
, 2.4462535381
, 2.4512038231
, 2.4557733536
, 2.4599621296
, 2.4641511440
, 2.4683399200
, 2.4721477032
, 2.4755749702
, 2.4793829918
, 2.4831910133
, 2.4869990349
, 2.4908070564
, 2.4946150780
, 2.4991846085
, 2.5033733845
, 2.5083236694
, 2.5132741928
, 2.5186052322
, 2.5243172646
, 2.5304100513
, 2.5368835926
, 2.5433571339
, 2.5502116680
, 2.5570659637
, 2.5646820068
, 2.5722980499
, 2.5802948475
, 2.5886723995
, 2.5970499516
, 2.6061890125
, 2.6153283119
, 2.6244673729
, 2.6339874268
, 2.6438882351
, 2.6537890434
, 2.6636898518
, 2.6739714146
, 2.6842529774
, 2.6945345402
, 2.7048161030
, 2.7147169113
, 2.7249984741
, 2.7345182896
, 2.7440383434
, 2.7531776428
, 2.7619359493
, 2.7703135014
, 2.7790718079
, 2.7870686054
, 2.7946846485
, 2.8019199371
, 2.8091549873
, 2.8160095215
, 2.8228638172
, 2.8289566040
, 2.8350493908
, 2.8407614231
, 2.8460924625
, 2.8514237404
, 2.8559932709
, 2.8609437943
, 2.8651325703
, 2.8693213463
, 2.8731293678
, 2.8769373894
, 2.8807451725
, 2.8845531940
, 2.8879804611
, 2.8917884827
, 2.8959772587
, 2.8997852802
, 2.9039740562
, 2.9085435867
, 2.9134938717
, 2.9188251495
, 2.9241564274
, 2.9298684597
, 2.9359612465
, 2.9420540333
, 2.9489083290
, 2.9557626247
, 2.9629979134
, 2.9702329636
, 2.9782297611
, 2.9862265587
, 2.9946041107
, 3.0029816628
, 3.0121209621
, 3.0212600231
, 3.0303993225
, 3.0399193764
, 3.0498201847
, 3.0597207546
, 3.0696215630
, 3.0799031258
, 3.0901846886
, 3.1004662514
, 3.1103670597
, 3.1206486225
, 3.1301686764
, 3.1400694847
, 3.1492085457
, 3.1583478451
, 3.1674869061
, 3.1758644581
, 3.1842422485
, 3.1922390461
, 3.1998548508
, 3.2070901394
, 3.2143251896
, 3.2211797237
, 3.2276532650
, 3.2337460518
, 3.2398388386
, 3.2455508709
, 3.2508819103
, 3.2562131882
, 3.2607827187
, 3.2653522491
, 3.2699220181
, 3.2737300396
, 3.2779188156
, 3.2817268372
, 3.2851538658
, 3.2889618874
, 3.2927699089
, 3.2965779305
, 3.3003859520
, 3.3045747280
, 3.3087635040
, 3.3133330345
, 3.3182835579
, 3.3236145973
, 3.3289458752
, 3.3346579075
, 3.3407506943
, 3.3472242355
, 3.3536977768
, 3.3609328270
, 3.3677873611
, 3.3754034042
, 3.3830192089
, 3.3910160065
, 3.3997745514
, 3.4085328579
, 3.4172911644
, 3.4264304638
, 3.4359502792
, 3.4454703331
, 3.4553711414
, 3.4652719498
, 3.4751727581
, 3.4854543209
, 3.4964973927
, 3.5060174465
, 3.5159182549
, 3.5258190632
, 3.5357196331
, 3.5456204414
, 3.5547597408
, 3.5638988018
, 3.5726573467
, 3.5810348988
, 3.5894124508
, 3.5974092484
, 3.6050250530
, 3.6122603416
, 3.6194956303
, 3.6263499260
, 3.6328234673
, 3.6400587559
, 3.6450090408
, 3.6507210732
, 3.6560523510
, 3.6610026360
, 3.6659529209
, 3.6705226898
, 3.6747114658
, 3.6789002419
, 3.6827082634
, 3.6865162849
, 3.6903240681
, 3.6941320896
