velocity=[0.0000000000
, 0.0004188791
, 0.0033975104
, 0.0117099937
, 0.0271118730
, 0.0518402383
, 0.0879987031
, 0.1362588704
, 0.1976048499
, 0.2733414471
, 0.3647049665
, 0.4722379446
, 0.5950998664
, 0.7327195406
, 0.8845555186
, 1.0493737459
, 1.2273788452
, 1.4174594879
, 1.6183971167
, 1.8285806179
, 2.0480258465
, 2.2756168842
, 2.5103840828
, 2.7510712147
, 2.9979393482
, 3.2502510548
, 3.5072691441
, 3.7683012486
, 4.0335950851
, 4.3022766113
, 4.5736684799
, 4.8467164040
, 5.1216301918
, 5.3980121613
, 5.6754302979
, 5.9528098106
, 6.2299571037
, 6.5060505867
, 6.7785797119
, 7.0469675064
, 7.3111767769
, 7.5691108704
, 7.8191947937
, 8.0589752197
, 8.2847547531
, 8.4948949814
, 8.6865339279
, 8.8566942215
, 9.0033073425
, 9.1235418320
, 9.2168054581
, 9.2835865021
, 9.3229513168
, 9.3356027603
, 9.3220872879
, 9.2830181122
, 9.2202157974
, 9.1344394684
, 9.0272378922
, 8.9000406265
, 8.7549142838
, 8.5930252075
, 8.4161071777
, 8.2259721756
, 8.0248012543
, 7.8128190041
, 7.5916724205
, 7.3640046120
, 7.1312131882
, 6.8944826126
, 6.6570167542
, 6.4212346077
, 6.1909294128
, 5.9694023132
, 5.7589840889
, 5.5617160797
, 5.3816728592
, 5.2231473923
, 5.0874166489
, 4.9767637253
, 4.8919935226
, 4.8337612152
, 4.8026928902
, 4.7988877296
, 4.8207769394
, 4.8671011925
, 4.9370255470
, 5.0294733047
, 5.1420841217
, 5.2730979919
, 5.4212050438
, 5.5845670700
, 5.7617402077
, 5.9523696899
, 6.1537790298
, 6.3639292717
, 6.5810022354
, 6.8032135963
, 7.0294103622
, 7.2572741508
, 7.4829721451
, 7.7040023804
, 7.9182219505
, 8.1225786209
, 8.3134870529
, 8.4847297668
, 8.6332254410
, 8.7602720261
, 8.8594827652
, 8.9273386002
, 8.9634542465
, 8.9669971466
, 8.9391260147
, 8.8806886673
, 8.7950515747
, 8.6839504242
, 8.5504922867
, 8.3973569870
, 8.2265148163
, 8.0402870178
, 7.8395738602
, 7.6266002655
, 7.4044990540
, 7.1751308441
, 6.9400763512
, 6.7028961182
, 6.4663395882
, 6.2340669632
, 6.0082893372
, 5.7925915718
, 5.5910997391
, 5.4070935249
, 5.2434148788
, 5.1019134521
, 4.9855241776
, 4.8953251839
, 4.8320274353
, 4.7950835228
, 4.7851862907
, 4.8014693260
, 4.8430552483
, 4.9088525772
, 4.9965004921
, 5.1041536331
, 5.2305359840
, 5.3748879433
, 5.5349783897
, 5.7091503143
, 5.8964529037
, 6.0959777832
, 6.3054852486
, 6.5224862099
, 6.7446613312
, 6.9700946808
, 7.1969709396
, 7.4237370491
, 7.6487846375
, 7.8678336143
, 8.0779829025
, 8.2761192322
, 8.4600610733
, 8.6265068054
, 8.7720470428
, 8.8938522339
, 8.9907274246
, 9.0606842041
, 9.1034545898
, 9.1203088760
, 9.1126565933
, 9.0809431076
, 9.0255126953
, 8.9470176697
, 8.8475265503
, 8.7286329269
, 8.5917539597
, 8.4393072128
, 8.2725000381
, 8.0912570953
, 7.8979535103
, 7.6933484077
, 7.4794163704
, 7.2589006424
, 7.0336103439
, 6.8054757118
, 6.5762076378
, 6.3491725922
, 6.1278042793
, 5.9153614044
, 5.7156147957
, 5.5311398506
, 5.3639311790
, 5.2177004814
, 5.0947751999
, 4.9968695641
, 4.9251403809
, 4.8795003891
, 4.8609409332
, 4.8688812256
, 4.9020457268
, 4.9580221176
, 5.0360331535
, 5.1360368729
, 5.2554087639
, 5.3934259415
, 5.5489459038
, 5.7186484337
, 5.9015951157
, 6.0971703529
, 6.3032817841
, 6.5176057816
, 6.7380971909
, 6.9632349014
, 7.1897315979
, 7.4153504372
, 7.6382980347
, 7.8558044434
, 8.0651130676
, 8.2628145218
, 8.4450101852
, 8.6095457077
, 8.7546110153
, 8.8771505356
, 8.9752626419
, 9.0478401184
, 9.0941286087
, 9.1146516800
, 9.1088523865
, 9.0776824951
, 9.0225048065
, 8.9453239441
, 8.8462905884
, 8.7271051407
, 8.5897417068
, 8.4369373322
, 8.2703933716
, 8.0908861160
, 7.8991765976
, 7.6967177391
, 7.4837517738
, 7.2630872726
, 7.0371398926
, 6.8082637787
, 6.5782055855
, 6.3505706787
, 6.1288738251
, 5.9162182808
, 5.7164063454
, 5.5322327614
, 5.3668212891
, 5.2218956947
, 5.1006655693
, 5.0044431686
, 4.9341349602
, 4.8896164894
, 4.8720011711
, 4.8806543350
, 4.9143590927
, 4.9712734222
, 5.0512127876
, 5.1525764465
, 5.2734136581
, 5.4112939835
, 5.5658845901
, 5.7355294228
, 5.9188771248
, 6.1138749123
, 6.3187065125
, 6.5306835175
, 6.7482953072
, 6.9706287384
, 7.1953258514
, 7.4192976952
, 7.6410646439
, 7.8567733765
, 8.0641222000
, 8.2600412369
, 8.4415588379
, 8.6046600342
, 8.7477827072
, 8.8679695129
, 8.9636945724
, 9.0342597961
, 9.0788125992
, 9.0968942642
, 9.0896282196
, 9.0580062866
, 9.0022401810
, 8.9232568741
, 8.8235616684
, 8.7049045563
, 8.5683050156
, 8.4147539139
, 8.2465600967
, 8.0653800964
, 7.8719563484
, 7.6670789719
, 7.4536046982
, 7.2332386971
, 7.0074577332
, 6.7777037621
, 6.5476794243
, 6.3209323883
, 6.1000881195
, 5.8887658119
, 5.6891889572
, 5.5044856071
, 5.3383784294
, 5.1942772865
, 5.0740604401
, 4.9805922508
, 4.9142537117
, 4.8739428520
, 4.8604931831
, 4.8731107712
, 4.9104542732
, 4.9704723358
, 5.0527319908
, 5.1559200287
, 5.2786531448
, 5.4196863174
, 5.5766096115
, 5.7477197647
, 5.9317216873
, 6.1267948151
, 6.3324456215
, 6.5457410812
, 6.7646050453
, 6.9875764847
, 7.2128033638
, 7.4367375374
, 7.6570849419
, 7.8719682693
, 8.0789413452
, 8.2747163773
, 8.4552230835
, 8.6176328659
, 8.7590360641
, 8.8769102097
, 8.9703626633
, 9.0387964249
, 9.0813455582
, 9.0975847244
, 9.0885248184
, 9.0546197891
, 8.9968633652
, 8.9175767899
, 8.8172426224
, 8.6972856522
, 8.5590829849
, 8.4040966034
, 8.2346115112
, 8.0523042679
, 7.8578596115
, 7.6521172523
, 7.4372673035
, 7.2162718773
, 6.9907746315
, 6.7618937492
, 6.5331363678
, 6.3080744743
, 6.0896587372
, 5.8801679611
, 5.6822781563
, 5.5004563332
, 5.3367643356
, 5.1943330765
, 5.0748844147
, 4.9800348282
, 4.9113802910
, 4.8701777458
, 4.8568577766
, 4.8700404167
, 4.9081225395
, 4.9689912796
, 5.0521278381
, 5.1557188034
, 5.2788186073
, 5.4201192856
, 5.5776691437
, 5.7510318756
, 5.9381933212
, 6.1362352371
, 6.3433437347
, 6.5583405495
, 6.7789287567
, 7.0024695396
, 7.2274618149
, 7.4519309998
, 7.6734929085
, 7.8893303871
, 8.0958976746
, 8.2910032272
, 8.4711828232
, 8.6334753036
, 8.7748212814
, 8.8922252655
, 8.9838733673
, 9.0505208969
, 9.0914516449
, 9.1059379578
, 9.0941915512
, 9.0575675964
, 8.9973497391
, 8.9160737991
, 8.8142585754
, 8.6933326721
, 8.5542745590
, 8.3983278275
, 8.2278261185
, 8.0434551239
, 7.8478994370
, 7.6418738365
, 7.4271492958
, 7.2050781250
, 6.9779353142
, 6.7487177849
, 6.5204353333
, 6.2947049141
, 6.0751538277
, 5.8662304878
, 5.6697673798
, 5.4884982109
, 5.3258261681
, 5.1849002838
, 5.0683355331
, 4.9773545265
, 4.9131770134
, 4.8763380051
, 4.8656482697
, 4.8808584213
, 4.9209423065
, 4.9847569466
, 5.0702128410
, 5.1769762039
, 5.3035202026
, 5.4479370117
, 5.6080765724
, 5.7830095291
, 5.9706783295
, 6.1682357788
, 6.3748331070
, 6.5894584656
, 6.8099699020
, 7.0337204933
, 7.2590456009
, 7.4837021828
, 7.7047743797
, 7.9184999466
, 8.1225786209
, 8.3130512238
, 8.4878721237
, 8.6434345245
, 8.7778911591
, 8.8904323578
, 8.9786891937
, 9.0416860580
, 9.0792560577
, 9.0907154083
, 9.0762567520
, 9.0372610092
, 8.9743833542
, 8.8894920349
, 8.7838363647
, 8.6595401764
, 8.5181007385
, 8.3608474731
, 8.1896734238
, 8.0047740936
, 7.8079237938
, 7.6014752388
, 7.3860511780
, 7.1644492149
, 6.9387264252
, 6.7101707458
, 6.4823036194
, 6.2585940361
, 6.0418248177
, 5.8349409103
, 5.6413097382
, 5.4635257721
, 5.3046360016
, 5.1678614616
, 5.0556521416
, 4.9686889648
, 4.9077625275
, 4.8735890388
, 4.8661189079
, 4.8839192390
, 4.9267392159
, 4.9927997589
, 5.0811161995
, 5.1895475388
, 5.3165774345
, 5.4616785049
, 5.6236782074
, 5.7999176979
, 5.9887738228
, 6.1891779900
, 6.3987579346
, 6.6158356667
, 6.8375720978
, 7.0613279343
, 7.2855219841
, 7.5081963539
, 7.7274451256
, 7.9395713806
, 8.1415004730
, 8.3310403824
, 8.5058193207
, 8.6617918015
, 8.7963685989
, 8.9072389603
, 8.9926576614
, 9.0526256561
, 9.0870256424
, 9.0955066681
, 9.0782785416
, 9.0370302200
, 8.9730043411
, 8.8869771957
, 8.7806873322
, 8.6553268433
, 8.5125188828
, 8.3535003662
, 8.1794319153
, 7.9925498962
, 7.7943534851
, 7.5859737396
, 7.3693690300
, 7.1459889412
, 6.9183859825
, 6.6897058487
