torque=[5.0000000000
, 5.0000000000
, 5.0000000000
, 5.0000000000
, 5.0000000000
, 5.0000000000
, 5.0000000000
, 5.0000000000
, 5.0000000000
, 5.0000000000
, 5.0000000000
, 5.0000000000
, 5.0000000000
, 5.0000000000
, 5.0000000000
, 5.0000000000
, 5.0000000000
, 5.0000000000
, 5.0000000000
, 5.0000000000
, 5.0000000000
, 5.0000000000
, 5.0000000000
, 5.0000000000
, 5.0000000000
, 5.0000000000
, 5.0000000000
, 5.0000000000
, 5.0000000000
, 5.0000000000
, 5.0000000000
, 5.0000000000
, 5.0000000000
, 5.0000000000
, 5.0000000000
, 4.1887607574
, 3.0801715851
, 1.9757976532
, 0.8856811523
, -0.1878700256
, -1.2447071075
, -2.2764434814
, -3.2767791748
, -4.2359008789
, -5.0000000000
, -5.0000000000
, -5.0000000000
, -5.0000000000
, -5.0000000000
, -5.0000000000
, -5.0000000000
, -5.0000000000
, -5.0000000000
, -5.0000000000
, -5.0000000000
, -5.0000000000
, -5.0000000000
, -5.0000000000
, -5.0000000000
, -5.0000000000
, -5.0000000000
, -5.0000000000
, -5.0000000000
, -4.9038887024
, -4.0992050171
, -3.2512760162
, -2.3666896820
, -1.4560184479
, -0.5248527527
, 0.4220695496
, 1.3719329834
, 2.3150615692
, 3.2362823486
, 4.1223907471
, 4.9640636444
, 5.0000000000
, 5.0000000000
, 5.0000000000
, 5.0000000000
, 5.0000000000
, 5.0000000000
, 5.0000000000
, 5.0000000000
, 5.0000000000
, 5.0000000000
, 5.0000000000
, 5.0000000000
, 5.0000000000
, 5.0000000000
, 5.0000000000
, 5.0000000000
, 5.0000000000
, 4.9530391693
, 4.1905212402
, 3.3848838806
, 2.5442829132
, 1.6759910583
, 0.7871456146
, -0.1176414490
, -1.0290966034
, -1.9318885803
, -2.8160095215
, -3.6728878021
, -4.4903144836
, -5.0000000000
, -5.0000000000
, -5.0000000000
, -5.0000000000
, -5.0000000000
, -5.0000000000
, -5.0000000000
, -5.0000000000
, -5.0000000000
, -5.0000000000
, -5.0000000000
, -5.0000000000
, -5.0000000000
, -5.0000000000
, -4.9060592651
, -4.1611480713
, -3.3582954407
, -2.5064010620
, -1.6179962158
, -0.7005233765
, 0.2396945953
, 1.1884155273
, 2.1346416473
, 3.0637321472
, 3.9668426514
, 4.8296337128
, 5.0000000000
, 5.0000000000
, 5.0000000000
, 5.0000000000
, 5.0000000000
, 5.0000000000
, 5.0000000000
, 5.0000000000
, 5.0000000000
, 5.0000000000
, 5.0000000000
, 5.0000000000
, 5.0000000000
, 5.0000000000
, 5.0000000000
, 5.0000000000
, 5.0000000000
, 5.0000000000
, 4.4141883850
, 3.6160888672
, 2.7780590057
, 1.9100551605
, 1.0213546753
, 0.1196212769
, -0.7878837585
, -1.6949481964
, -2.5951385498
, -3.4713344574
, -4.3119316101
, -5.0000000000
, -5.0000000000
, -5.0000000000
, -5.0000000000
, -5.0000000000
, -5.0000000000
, -5.0000000000
, -5.0000000000
, -5.0000000000
, -5.0000000000
, -5.0000000000
, -5.0000000000
, -5.0000000000
, -5.0000000000
, -5.0000000000
, -5.0000000000
, -5.0000000000
, -5.0000000000
, -4.3650283813
, -3.5918140411
, -2.7733936310
, -1.9176654816
, -1.0356025696
, -0.1344413757
, 0.7780971527
, 1.6951694489
, 2.6033096313
, 3.4887828827
, 4.3385543823
, 5.0000000000
, 5.0000000000
, 5.0000000000
, 5.0000000000
, 5.0000000000
, 5.0000000000
, 5.0000000000
, 5.0000000000
, 5.0000000000
, 5.0000000000
, 5.0000000000
, 5.0000000000
, 5.0000000000
, 5.0000000000
, 5.0000000000
, 5.0000000000
, 5.0000000000
, 5.0000000000
, 4.3936195374
, 3.6113185883
, 2.7868728638
, 1.9295768738
, 1.0476112366
, 0.1470603943
, -0.7589263916
, -1.6614017487
, -2.5531921387
, -3.4232177734
, -4.2604522705
, -5.0000000000
, -5.0000000000
, -5.0000000000
, -5.0000000000
, -5.0000000000
, -5.0000000000
, -5.0000000000
, -5.0000000000
, -5.0000000000
, -5.0000000000
, -5.0000000000
, -5.0000000000
, -5.0000000000
, -5.0000000000
, -5.0000000000
, -5.0000000000
, -5.0000000000
, -5.0000000000
, -4.3635444641
, -3.5967063904
, -2.7868709564
, -1.9350070953
, -1.0523490906
, -0.1485595703
, 0.7669448853
, 1.6871776581
, 2.5977172852
, 3.4845046997
, 4.3351268768
, 5.0000000000
, 5.0000000000
, 5.0000000000
, 5.0000000000
, 5.0000000000
, 5.0000000000
, 5.0000000000
, 5.0000000000
, 5.0000000000
, 5.0000000000
, 5.0000000000
, 5.0000000000
, 5.0000000000
, 5.0000000000
, 5.0000000000
, 5.0000000000
, 5.0000000000
, 5.0000000000
, 4.3244915009
, 3.5445003510
, 2.7251739502
, 1.8772659302
, 1.0068187714
, 0.1174850464
, -0.7813034058
, -1.6771907806
, -2.5642585754
, -3.4270935059
, -4.2564888000
, -5.0000000000
, -5.0000000000
, -5.0000000000
, -5.0000000000
, -5.0000000000
, -5.0000000000
, -5.0000000000
, -5.0000000000
, -5.0000000000
, -5.0000000000
, -5.0000000000
, -5.0000000000
, -5.0000000000
, -5.0000000000
, -5.0000000000
, -5.0000000000
, -5.0000000000
, -4.9862403870
, -4.2615203857
, -3.4878253937
, -2.6683158875
, -1.8144187927
, -0.9329547882
, -0.0298309326
, 0.8891849518
, 1.8092823029
, 2.7162704468
, 3.5996475220
, 4.4449367523
, 5.0000000000
, 5.0000000000
, 5.0000000000
, 5.0000000000
, 5.0000000000
, 5.0000000000
, 5.0000000000
, 5.0000000000
, 5.0000000000
, 5.0000000000
, 5.0000000000
, 5.0000000000
, 5.0000000000
, 5.0000000000
, 5.0000000000
, 5.0000000000
, 5.0000000000
, 5.0000000000
, 4.2731132507
, 3.4928207397
, 2.6702175140
, 1.8170356750
, 0.9415798187
, 0.0496940613
, -0.8512134552
, -1.7469501495
, -2.6283397675
, -3.4878730774
, -4.3157653809
, -5.0000000000
, -5.0000000000
, -5.0000000000
, -5.0000000000
, -5.0000000000
, -5.0000000000
, -5.0000000000
, -5.0000000000
, -5.0000000000
, -5.0000000000
, -5.0000000000
, -5.0000000000
, -5.0000000000
, -5.0000000000
, -5.0000000000
, -5.0000000000
, -5.0000000000
, -4.9384460449
, -4.2092170715
, -3.4314384460
, -2.6084690094
, -1.7490692139
, -0.8650875092
, 0.0369014740
, 0.9524250031
, 1.8674545288
, 2.7677021027
, 3.6413650513
, 4.4793281555
, 5.0000000000
, 5.0000000000
, 5.0000000000
, 5.0000000000
, 5.0000000000
, 5.0000000000
, 5.0000000000
, 5.0000000000
, 5.0000000000
, 5.0000000000
, 5.0000000000
, 5.0000000000
, 5.0000000000
, 5.0000000000
, 5.0000000000
, 5.0000000000
, 5.0000000000
, 4.9958724976
, 4.2472267151
, 3.4550590515
, 2.6266250610
, 1.7666378021
, 0.8842849731
, -0.0098781586
, -0.9098472595
, -1.8077239990
, -2.6939716339
, -3.5573215485
, -4.3835906982
, -5.0000000000
, -5.0000000000
, -5.0000000000
, -5.0000000000
, -5.0000000000
, -5.0000000000
, -5.0000000000
, -5.0000000000
, -5.0000000000
, -5.0000000000
, -5.0000000000
, -5.0000000000
, -5.0000000000
, -5.0000000000
, -5.0000000000
, -5.0000000000
, -5.0000000000
, -4.9113044739
, -4.1738204956
, -3.3915977478
, -2.5674953461
, -1.7085971832
, -0.8203125000
, 0.0882587433
, 1.0051288605
, 1.9182586670
, 2.8211803436
, 3.6993846893
, 4.5350780487
, 5.0000000000
, 5.0000000000
, 5.0000000000
, 5.0000000000
, 5.0000000000
, 5.0000000000
, 5.0000000000
, 5.0000000000
, 5.0000000000
, 5.0000000000
, 5.0000000000
, 5.0000000000
, 5.0000000000
, 5.0000000000
, 5.0000000000
, 5.0000000000
, 5.0000000000
, 4.8679618835
, 4.1172866821
, 3.3270568848
, 2.5006675720
, 1.6421661377
, 0.7601203918
, -0.1348819733
, -1.0361824036
, -1.9348087311
, -2.8190975189
, -3.6739997864
, -4.4903144836
, -5.0000000000
, -5.0000000000
, -5.0000000000
, -5.0000000000
, -5.0000000000
, -5.0000000000
, -5.0000000000
, -5.0000000000
, -5.0000000000
, -5.0000000000
, -5.0000000000
, -5.0000000000
, -5.0000000000
, -5.0000000000
, -5.0000000000
, -5.0000000000
, -5.0000000000
, -4.7586936951
, -4.0190963745
, -3.2316951752
, -2.4059009552
, -1.5442047119
, -0.6577968597
, 0.2450942993
, 1.1593170166
, 2.0707855225
, 2.9656238556
, 3.8327007294
, 4.6602363586
, 5.0000000000
, 5.0000000000
, 5.0000000000
, 5.0000000000
, 5.0000000000
, 5.0000000000
, 5.0000000000
, 5.0000000000
, 5.0000000000
, 5.0000000000
, 5.0000000000
, 5.0000000000
, 5.0000000000
, 5.0000000000
, 5.0000000000
, 5.0000000000
, 5.0000000000
, 4.8003292084
, 4.0449047089
, 3.2432880402
, 2.4049682617
, 1.5366573334
, 0.6497116089
, -0.2453117371
, -1.1420879364
, -2.0327854156
, -2.9097805023
, -3.7582855225
, -4.5660018921
, -5.0000000000
, -5.0000000000
, -5.0000000000
, -5.0000000000
, -5.0000000000
, -5.0000000000
, -5.0000000000
, -5.0000000000
, -5.0000000000
