StateVariable_6=[7.0000000000
, 6.9995813370
, 6.9966025352
, 6.9882898331
, 6.9728879929
, 6.9481596947
, 6.9120011330
, 6.8637409210
, 6.8023953438
, 6.7266583443
, 6.6352949142
, 6.5277619362
, 6.4049000740
, 6.2672805786
, 6.1154446602
, 5.9506263733
, 5.7726211548
, 5.5825405121
, 5.3816027641
, 5.1714191437
, 4.9519739151
, 4.7243833542
, 4.4896159172
, 4.2489290237
, 4.0020608902
, 3.7497489452
, 3.4927308559
, 3.2316987514
, 2.9664049149
, 2.6977233887
, 2.4263315201
, 2.1532835960
, 1.8783698082
, 1.6019878387
, 1.3245697021
, 1.0471901894
, 0.7700428963
, 0.4939494133
, 0.2214202881
, -0.0469675064
, -0.3111767769
, -0.5691108704
, -0.8191947937
, -1.0589752197
, -1.2847547531
, -1.4948949814
, -1.6865339279
, -1.8566942215
, -2.0033073425
, -2.1235418320
, -2.2168054581
, -2.2835865021
, -2.3229513168
, -2.3356027603
, -2.3220872879
, -2.2830181122
, -2.2202157974
, -2.1344394684
, -2.0272378922
, -1.9000406265
, -1.7549142838
, -1.5930252075
, -1.4161071777
, -1.2259721756
, -1.0248012543
, -0.8128190041
, -0.5916724205
, -0.3640046120
, -0.1312131882
, 0.1055173874
, 0.3429832458
, 0.5787653923
, 0.8090705872
, 1.0305976868
, 1.2410159111
, 1.4382839203
, 1.6183271408
, 1.7768526077
, 1.9125833511
, 2.0232362747
, 2.1080064774
, 2.1662387848
, 2.1973071098
, 2.2011122704
, 2.1792230606
, 2.1328988075
, 2.0629744530
, 1.9705266953
, 1.8579158783
, 1.7269020081
, 1.5787949562
, 1.4154329300
, 1.2382597923
, 1.0476303101
, 0.8462209702
, 0.6360707283
, 0.4189977646
, 0.1967864037
, -0.0294103622
, -0.2572741508
, -0.4829721451
, -0.7040023804
, -0.9182219505
, -1.1225786209
, -1.3134870529
, -1.4847297668
, -1.6332254410
, -1.7602720261
, -1.8594827652
, -1.9273386002
, -1.9634542465
, -1.9669971466
, -1.9391260147
, -1.8806886673
, -1.7950515747
, -1.6839504242
, -1.5504922867
, -1.3973569870
, -1.2265148163
, -1.0402870178
, -0.8395738602
, -0.6266002655
, -0.4044990540
, -0.1751308441
, 0.0599236488
, 0.2971038818
, 0.5336604118
, 0.7659330368
, 0.9917106628
, 1.2074084282
, 1.4089002609
, 1.5929064751
, 1.7565851212
, 1.8980865479
, 2.0144758224
, 2.1046748161
, 2.1679725647
, 2.2049164772
, 2.2148137093
, 2.1985306740
, 2.1569447517
, 2.0911474228
, 2.0034995079
, 1.8958463669
, 1.7694640160
, 1.6251120567
, 1.4650216103
, 1.2908496857
, 1.1035470963
, 0.9040222168
, 0.6945147514
, 0.4775137901
, 0.2553386688
, 0.0299053192
, -0.1969709396
, -0.4237370491
, -0.6487846375
, -0.8678336143
, -1.0779829025
, -1.2761192322
, -1.4600610733
, -1.6265068054
, -1.7720470428
, -1.8938522339
, -1.9907274246
, -2.0606842041
, -2.1034545898
, -2.1203088760
, -2.1126565933
, -2.0809431076
, -2.0255126953
, -1.9470176697
, -1.8475265503
, -1.7286329269
, -1.5917539597
, -1.4393072128
, -1.2725000381
, -1.0912570953
, -0.8979535103
, -0.6933484077
, -0.4794163704
, -0.2589006424
, -0.0336103439
, 0.1945242882
, 0.4237923622
, 0.6508274078
, 0.8721957207
, 1.0846385956
, 1.2843852043
, 1.4688601494
, 1.6360688210
, 1.7822995186
, 1.9052248001
, 2.0031304359
, 2.0748596191
, 2.1204996109
, 2.1390590668
, 2.1311187744
, 2.0979542732
, 2.0419778824
, 1.9639668465
, 1.8639631271
, 1.7445912361
, 1.6065740585
, 1.4510540962
, 1.2813515663
, 1.0984048843
, 0.9028296471
, 0.6967182159
, 0.4823942184
, 0.2619028091
, 0.0367650986
, -0.1897315979
, -0.4153504372
, -0.6382980347
, -0.8558044434
, -1.0651130676
, -1.2628145218
, -1.4450101852
, -1.6095457077
, -1.7546110153
, -1.8771505356
, -1.9752626419
, -2.0478401184
, -2.0941286087
, -2.1146516800
, -2.1088523865
, -2.0776824951
, -2.0225048065
, -1.9453239441
, -1.8462905884
, -1.7271051407
, -1.5897417068
, -1.4369373322
, -1.2703933716
, -1.0908861160
, -0.8991765976
, -0.6967177391
, -0.4837517738
, -0.2630872726
, -0.0371398926
, 0.1917362213
, 0.4217944145
, 0.6494293213
, 0.8711261749
, 1.0837817192
, 1.2835936546
, 1.4677672386
, 1.6331787109
, 1.7781043053
, 1.8993344307
, 1.9955568314
, 2.0658650398
, 2.1103835106
, 2.1279988289
, 2.1193456650
, 2.0856409073
, 2.0287265778
, 1.9487872124
, 1.8474235535
, 1.7265863419
, 1.5887060165
, 1.4341154099
, 1.2644705772
, 1.0811228752
, 0.8861250877
, 0.6812934875
, 0.4693164825
, 0.2517046928
, 0.0293712616
, -0.1953258514
, -0.4192976952
, -0.6410646439
, -0.8567733765
, -1.0641222000
, -1.2600412369
, -1.4415588379
, -1.6046600342
, -1.7477827072
, -1.8679695129
, -1.9636945724
, -2.0342597961
, -2.0788125992
, -2.0968942642
, -2.0896282196
, -2.0580062866
, -2.0022401810
, -1.9232568741
, -1.8235616684
, -1.7049045563
, -1.5683050156
, -1.4147539139
, -1.2465600967
, -1.0653800964
, -0.8719563484
, -0.6670789719
, -0.4536046982
, -0.2332386971
, -0.0074577332
, 0.2222962379
, 0.4523205757
, 0.6790676117
, 0.8999118805
, 1.1112341881
, 1.3108110428
, 1.4955143929
, 1.6616215706
, 1.8057227135
, 1.9259395599
, 2.0194077492
, 2.0857462883
, 2.1260571480
, 2.1395068169
, 2.1268892288
, 2.0895457268
, 2.0295276642
, 1.9472680092
, 1.8440799713
, 1.7213468552
, 1.5803136826
, 1.4233903885
, 1.2522802353
, 1.0682783127
, 0.8732051849
, 0.6675543785
, 0.4542589188
, 0.2353949547
, 0.0124235153
, -0.2128033638
, -0.4367375374
, -0.6570849419
, -0.8719682693
, -1.0789413452
, -1.2747163773
, -1.4552230835
, -1.6176328659
, -1.7590360641
, -1.8769102097
, -1.9703626633
, -2.0387964249
, -2.0813455582
, -2.0975847244
, -2.0885248184
, -2.0546197891
, -1.9968633652
, -1.9175767899
, -1.8172426224
, -1.6972856522
, -1.5590829849
, -1.4040966034
, -1.2346115112
, -1.0523042679
, -0.8578596115
, -0.6521172523
, -0.4372673035
, -0.2162718773
, 0.0092253685
, 0.2381062508
, 0.4668636322
, 0.6919255257
, 0.9103412628
, 1.1198320389
, 1.3177218437
, 1.4995436668
, 1.6632356644
, 1.8056669235
, 1.9251155853
, 2.0199651718
, 2.0886197090
, 2.1298222542
, 2.1431422234
, 2.1299595833
, 2.0918774605
, 2.0310087204
, 1.9478721619
, 1.8442811966
, 1.7211813927
, 1.5798807144
, 1.4223308563
, 1.2489681244
, 1.0618066788
, 0.8637647629
, 0.6566562653
, 0.4416594505
, 0.2210712433
, -0.0024695396
, -0.2274618149
, -0.4519309998
, -0.6734929085
, -0.8893303871
, -1.0958976746
, -1.2910032272
, -1.4711828232
, -1.6334753036
, -1.7748212814
, -1.8922252655
, -1.9838733673
, -2.0505208969
, -2.0914516449
, -2.1059379578
, -2.0941915512
, -2.0575675964
, -1.9973497391
, -1.9160737991
, -1.8142585754
, -1.6933326721
, -1.5542745590
, -1.3983278275
, -1.2278261185
, -1.0434551239
, -0.8478994370
, -0.6418738365
, -0.4271492958
, -0.2050781250
, 0.0220646858
, 0.2512822151
, 0.4795646667
, 0.7052950859
, 0.9248461723
, 1.1337695122
, 1.3302326202
, 1.5115017891
, 1.6741738319
, 1.8150997162
, 1.9316644669
, 2.0226454735
, 2.0868229866
, 2.1236619949
, 2.1343517303
, 2.1191415787
, 2.0790576935
, 2.0152430534
, 1.9297871590
, 1.8230237961
, 1.6964797974
, 1.5520629883
, 1.3919234276
, 1.2169904709
, 1.0293216705
, 0.8317642212
, 0.6251668930
, 0.4105415344
, 0.1900300980
, -0.0337204933
, -0.2590456009
, -0.4837021828
, -0.7047743797
, -0.9184999466
, -1.1225786209
, -1.3130512238
, -1.4878721237
, -1.6434345245
, -1.7778911591
, -1.8904323578
, -1.9786891937
, -2.0416860580
, -2.0792560577
, -2.0907154083
, -2.0762567520
, -2.0372610092
, -1.9743833542
, -1.8894920349
, -1.7838363647
, -1.6595401764
, -1.5181007385
, -1.3608474731
, -1.1896734238
, -1.0047740936
, -0.8079237938
, -0.6014752388
, -0.3860511780
, -0.1644492149
, 0.0612735748
, 0.2898292542
, 0.5176963806
, 0.7414059639
, 0.9581751823
, 1.1650590897
, 1.3586902618
, 1.5364742279
, 1.6953639984
, 1.8321385384
, 1.9443478584
, 2.0313110352
, 2.0922374725
, 2.1264109612
, 2.1338810921
, 2.1160807610
, 2.0732607841
, 2.0072002411
, 1.9188838005
, 1.8104524612
, 1.6834225655
, 1.5383214951
, 1.3763217926
, 1.2000823021
, 1.0112261772
, 0.8108220100
, 0.6012420654
, 0.3841643333
, 0.1624279022
, -0.0613279343
, -0.2855219841
, -0.5081963539
, -0.7274451256
, -0.9395713806
, -1.1415004730
, -1.3310403824
, -1.5058193207
, -1.6617918015
, -1.7963685989
, -1.9072389603
, -1.9926576614
, -2.0526256561
, -2.0870256424
, -2.0955066681
