time=[0.0000000000
, 0.9991999865
, 1.9974999428
, 3.2500000000
, 3.9983999729
, 4.9984002113
, 5.9974999428
, 6.9974999428
, 7.9984002113
, 8.9983997345
, 9.9975004196
, 10.9983997345
, 11.9983997345
, 12.9975004196
, 13.9975004196
, 14.9983997345
, 15.9975004196
, 16.9967002869
, 17.9967002869
, 19.2273998260
, 20.0058994293
, 20.9992008209
, 21.9967002869
, 22.9967002869
, 23.9967002869
, 24.9967002869
, 25.9967002869
, 26.9967002869
, 27.9967002869
, 28.9967002869
, 29.9974994659
, 31.0009002686
, 31.9974994659
, 32.9967002869
, 33.9967002869
, 35.3573989868
, 36.0932006836
, 37.1526985168
, 37.9967002869
, 38.9967002869
, 39.9984016418
, 40.9975013733
, 41.9975013733
, 42.9967002869
, 43.9975013733
, 44.9967002869
, 45.9967002869
, 46.9967002869
, 47.9967002869
, 48.9984016418
, 49.9991989136
, 51.2374992371
, 52.0722007751
, 53.0243988037
, 54.0227012634
, 55.0243988037
, 56.0251998901
, 57.0185012817
, 58.0185012817
, 59.0143013000
, 60.0234985352
, 61.0218009949
, 62.0218009949
, 63.0209999084
, 64.0142974854
, 65.0000000000
, 65.9991989136
, 67.2786026001
, 68.0402984619
, 69.1460037231
, 69.9983978271
, 70.9974975586
, 71.9974975586
, 72.9974975586
, 73.9966964722
, 74.9966964722
, 75.9966964722
, 76.9966964722
, 77.9966964722
, 79.0050964355
, 79.9983978271
, 80.9974975586
, 81.9974975586
, 83.2751998901
, 84.0520019531
, 85.1417999268
, 85.9966964722
, 86.9966964722
, 87.9966964722
, 88.9966964722
, 89.9983978271
, 90.9974975586
, 91.9974975586
, 92.9974975586
, 93.9966964722
, 94.9983978271
, 95.9974975586
, 96.9974975586
, 97.9966964722
, 99.3255004883
, 100.0705032349
, 101.1435012817
, 101.9974975586
, 102.9974975586
, 103.9983978271
, 105.0009002686
, 105.9966964722
, 106.9966964722
, 107.9983978271
, 108.9974975586
, 109.9974975586
, 110.9974975586
, 111.9966964722
, 112.9966964722
, 113.9966964722
, 115.2962036133
, 116.1224975586
, 117.0226974487
, 118.0234985352
, 119.0251998901
, 120.0234985352
, 121.0185012817
, 122.0210037231
, 123.0142974854
, 124.0226974487
, 125.0202026367
, 126.0243988037
, 127.0234985352
, 128.0160064697
, 129.0075988770
, 129.9992065430
, 131.3498992920
, 132.0973052979
, 133.1519012451
, 133.9992065430
, 134.9992065430
, 136.0066986084
, 137.0025939941
, 138.0142974854
, 139.0117950439
, 140.0066986084
, 141.0101013184
, 142.0142974854
, 143.0059051514
, 143.9983978271
, 144.9974975586
, 145.9974975586
, 147.3549041748
, 148.1074066162
, 148.9974975586
, 149.9983978271
, 150.9974975586
, 151.9983978271
, 152.9974975586
, 153.9967041016
, 154.9967041016
, 155.9974975586
, 156.9974975586
, 157.9983978271
, 158.9974975586
, 160.0025939941
, 161.0160064697
, 162.0167999268
, 163.3742065430
, 164.1401062012
, 165.0126037598
, 166.0151062012
, 167.0108947754
, 168.0000000000
, 168.9974975586
, 169.9967041016
, 170.9974975586
, 171.9974975586
, 172.9967041016
, 173.9967041016
, 174.9967041016
, 175.9967041016
, 176.9967041016
, 177.9967041016
, 178.9967041016
, 180.1618957520
, 181.0184936523
, 182.0234985352
, 183.0243988037
, 184.0234985352
, 185.0260009766
, 186.0227050781
, 187.0167999268
, 188.0193023682
, 189.0142974854
, 190.0260009766
, 191.0260009766
, 192.0167999268
, 193.0059051514
, 193.9983978271
, 194.9967041016
, 195.9983978271
, 196.9983978271
, 197.9967041016
, 198.9967041016
, 199.9967041016
, 200.9974975586
, 201.9983978271
, 202.9967041016
, 203.9967041016
, 204.9967041016
, 205.9967041016
, 206.9967041016
, 207.9974975586
, 208.9967041016
, 209.9974975586
, 210.9974975586
, 212.0059051514
, 212.9983978271
, 213.9967041016
, 214.9967041016
, 215.9967041016
, 216.9967041016
, 217.9967041016
, 218.9967041016
, 219.9967041016
, 222.3607940674
, 222.3977050781
, 224.1829071045
, 224.2232055664
, 225.0395050049
, 226.0075988770
, 227.0160064697
, 228.0050964355
, 229.0108947754
, 230.0041961670
, 231.0193023682
, 232.0227050781
, 233.0034027100
, 234.0025939941
, 235.0025939941
, 236.0025939941
, 237.0009002686
, 238.1502075195
, 250.3993988037
, 250.4396057129
, 251.1645050049
, 251.9992065430
, 252.9967041016
, 253.9967041016
, 254.9967041016
, 255.9967041016
, 256.9974975586
, 257.9967041016
, 258.9967041016
, 260.0227050781
, 261.0202026367
, 262.0217895508
, 263.0268859863
, 264.0234985352
, 265.0244140625
, 266.0234985352
, 267.0151062012
, 268.0202026367
, 269.0151062012
, 270.0244140625
, 271.0244140625
, 272.0168151855
, 273.0025939941
, 273.9974975586
, 274.9967041016
, 276.0075988770
, 277.1502075195
, 277.9967041016
, 278.9974975586
, 279.9992065430
, 280.9984130859
, 281.9974975586
, 282.9974975586
, 283.9974975586
, 284.9984130859
, 285.9984130859
, 287.0000000000
, 287.9974975586
, 288.9984130859
, 289.9984130859
, 290.9984130859
, 292.0083923340
, 293.1494140625
, 293.9974975586
, 294.9974975586
, 295.9967041016
, 296.9974975586
, 297.9974975586
, 298.9974975586
, 299.9992065430
, 300.9992065430
, 301.9984130859
, 302.9974975586
, 303.9984130859
, 304.9984130859
, 305.9974975586
, 306.9992065430
, 308.0143127441
, 309.1494140625
, 309.9992065430
, 310.9984130859
, 311.9984130859
, 312.9984130859
, 313.9974975586
, 314.9974975586
, 315.9974975586
, 316.9974975586
, 317.9974975586
, 318.9974975586
, 319.9984130859
, 320.9984130859
, 321.9974975586
, 322.9992065430
, 324.0252075195
, 325.0268859863
, 326.0260009766
, 327.0268859863
, 328.0227050781
, 329.0234985352
, 330.0234985352
, 331.0159912109
, 332.0217895508
, 333.0151062012
, 334.0268859863
, 335.0244140625
, 336.0159912109
, 337.0042114258
, 337.9967041016
, 338.9967041016
, 340.0108947754
, 341.1494140625
, 342.0067138672
, 342.9967041016
, 343.9967041016
, 344.9967041016
, 345.9967041016
, 346.9967041016
, 347.9967041016
, 348.9974975586
, 349.9992065430
, 351.0008850098
, 351.9974975586
, 352.9967041016
, 353.9967041016
, 354.9967041016
, 356.0067138672
, 357.1484985352
, 357.9984130859
, 358.9967041016
, 359.9984130859
, 360.9974975586
, 361.9974975586
, 362.9974975586
, 363.9967041016
, 364.9967041016
, 365.9984130859
, 366.9967041016
, 367.9984130859
, 368.9967041016
, 369.9974975586
, 370.9974975586
, 372.0083923340
, 373.1427001953
, 373.9967041016
, 374.9967041016
, 375.9967041016
, 376.9967041016
, 377.9967041016
, 378.9967041016
, 379.9984130859
, 380.9992065430
, 381.9974975586
, 382.9967041016
, 383.9967041016
, 384.9967041016
, 385.9967041016
, 386.9984130859
, 388.0234985352
, 389.0177001953
, 389.9992065430
, 390.9974975586
, 391.9984130859
, 393.0050964355
, 394.0209960938
, 395.0192871094
, 396.0168151855
, 397.0227050781
, 398.0268859863
, 399.0184936523
, 400.0209960938
, 401.0126037598
, 402.0252075195
, 403.0217895508
, 404.0184936523
, 405.0083923340
, 406.0000000000
, 406.9967041016
, 407.9984130859
, 408.9967041016
, 409.9967041016
, 410.9974975586
, 411.9974975586
, 412.9967041016
, 413.9967041016
, 414.9967041016
, 415.9967041016
, 416.9967041016
, 417.9967041016
, 418.9967041016
, 420.0058898926
, 420.9984130859
, 421.9992065430
, 422.9967041016
, 423.9967041016
, 424.9967041016
, 425.9967041016
, 426.9967041016
, 427.9967041016
, 428.9974975586
, 429.9967041016
, 430.9974975586
, 431.9984130859
, 432.9967041016
, 433.9984130859
, 434.9974975586
, 436.0058898926
, 436.9984130859
, 437.9992065430
, 438.9984130859
, 439.9974975586
, 440.9984130859
, 441.9992065430
, 442.9974975586
, 443.9967041016
, 444.9967041016
, 445.9967041016
, 446.9967041016
, 447.9967041016
, 448.9967041016
, 449.9974975586
, 450.9984130859
, 452.0234985352
, 453.0293884277
, 454.0252075195
, 455.0202026367
, 456.0177001953
, 457.0268859863
, 458.0268859863
, 459.0234985352
, 460.0209960938
, 461.0184936523
, 462.0285949707
, 463.0244140625
, 464.0159912109
, 465.0075988770
, 465.9984130859
, 466.9974975586
, 468.0067138672
, 468.9974975586
, 469.9992065430
, 470.9974975586
, 471.9974975586
, 472.9967041016
, 473.9967041016
, 474.9967041016
, 475.9967041016
, 476.9967041016
, 477.9967041016
, 478.9967041016
, 479.9967041016
, 480.9967041016
, 481.9974975586
, 482.9967041016
, 484.0067138672
, 484.9974975586
