position=[0.7006703615
, 0.7075247169
, 0.7139983177
, 0.7223759294
, 0.7273262739
, 0.7341806889
, 0.7406542897
, 0.7475086451
, 0.7543630600
, 0.7608366013
, 0.7676910162
, 0.7741646171
, 0.7810189724
, 0.7878733873
, 0.7943469286
, 0.8012013435
, 0.8080556989
, 0.8149101138
, 0.8213836551
, 0.8297612667
, 0.8350924253
, 0.8419468403
, 0.8488011956
, 0.8552747965
, 0.8621292114
, 0.8689835668
, 0.8758379817
, 0.8826923370
, 0.8895466924
, 0.8960202932
, 0.9028747082
, 0.9097290635
, 0.9165834785
, 0.9234378338
, 0.9302922487
, 0.9394314289
, 0.9447625875
, 0.9519977570
, 0.9577097893
, 0.9645641446
, 0.9714184999
, 0.9782729149
, 0.9851272702
, 0.9919816852
, 0.9988360405
, 1.0056904554
, 1.0125448704
, 1.0193991661
, 1.0262535810
, 1.0331079960
, 1.0403431654
, 1.0487207174
, 1.0544327497
, 1.0612871647
, 1.0681414604
, 1.0749958754
, 1.0818502903
, 1.0887047052
, 1.0955590010
, 1.1027941704
, 1.1096485853
, 1.1165030003
, 1.1237381697
, 1.1305925846
, 1.1374469995
, 1.1443012953
, 1.1511557102
, 1.1602948904
, 1.1656260490
, 1.1732420921
, 1.1789540052
, 1.1861891747
, 1.1930435896
, 1.2002787590
, 1.2071331739
, 1.2139875889
, 1.2212227583
, 1.2280771732
, 1.2349314690
, 1.2421666384
, 1.2490210533
, 1.2562562227
, 1.2631106377
, 1.2722498178
, 1.2775809765
, 1.2851970196
, 1.2912898064
, 1.2985249758
, 1.3053793907
, 1.3126145601
, 1.3194688559
, 1.3267041445
, 1.3335584402
, 1.3407936096
, 1.3480288982
, 1.3548831940
, 1.3621183634
, 1.3689727783
, 1.3762079477
, 1.3857280016
, 1.3910591602
, 1.3986750841
, 1.4047678709
, 1.4116222858
, 1.4188574553
, 1.4260926247
, 1.4329470396
, 1.4401822090
, 1.4474173784
, 1.4542717934
, 1.4615069628
, 1.4687421322
, 1.4755965471
, 1.4828317165
, 1.4900668859
, 1.4992060661
, 1.5052988529
, 1.5117725134
, 1.5190076828
, 1.5258619785
, 1.5330972672
, 1.5403324366
, 1.5475676060
, 1.5544220209
, 1.5616571903
, 1.5688923597
, 1.5761275291
, 1.5833626986
, 1.5902171135
, 1.5974522829
, 1.6046874523
, 1.6142073870
, 1.6195386648
, 1.6271545887
, 1.6332473755
, 1.6404825449
, 1.6477177143
, 1.6549528837
, 1.6621881723
, 1.6694233418
, 1.6766585112
, 1.6838936806
, 1.6911288500
, 1.6979832649
, 1.7052184343
, 1.7124536037
, 1.7196887732
, 1.7295895815
, 1.7349207401
, 1.7413942814
, 1.7486295700
, 1.7558647394
, 1.7630999088
, 1.7703350782
, 1.7775702477
, 1.7848054171
, 1.7920405865
, 1.7992757559
, 1.8065109253
, 1.8137462139
, 1.8209813833
, 1.8282165527
, 1.8354517221
, 1.8453525305
, 1.8510644436
, 1.8571572304
, 1.8643923998
, 1.8716275692
, 1.8788628578
, 1.8860980272
, 1.8933331966
, 1.9005683661
, 1.9078035355
, 1.9154195786
, 1.9226547480
, 1.9298899174
, 1.9371250868
, 1.9443602562
, 1.9515954256
, 1.9618769884
, 1.9675890207
, 1.9736818075
, 1.9809169769
, 1.9881521463
, 1.9957681894
, 2.0030033588
, 2.0102384090
, 2.0174736977
, 2.0247087479
, 2.0319440365
, 2.0395600796
, 2.0467951298
, 2.0540304184
, 2.0612654686
, 2.0685007572
, 2.0757360458
, 2.0829710960
, 2.0902063847
, 2.0978221893
, 2.1050574780
, 2.1122927666
, 2.1195278168
, 2.1271438599
, 2.1343789101
, 2.1416141987
, 2.1488494873
, 2.1560845375
, 2.1637005806
, 2.1709356308
, 2.1781709194
, 2.1857869625
, 2.1930220127
, 2.2002573013
, 2.2074923515
, 2.2151083946
, 2.2223436832
, 2.2295787334
, 2.2371947765
, 2.2444300652
, 2.2516651154
, 2.2592811584
, 2.2764170170
, 2.2767977715
, 2.2897450924
, 2.2901258469
, 2.2962186337
, 2.3034539223
, 2.3106889725
, 2.3179242611
, 2.3255400658
, 2.3327753544
, 2.3400106430
, 2.3476264477
, 2.3548617363
, 2.3620967865
, 2.3697128296
, 2.3769481182
, 2.3841831684
, 2.3929417133
, 2.4831910133
, 2.4835717678
, 2.4889030457
, 2.4949958324
, 2.5022308826
, 2.5098469257
, 2.5170822144
, 2.5246980190
, 2.5319333076
, 2.5395493507
, 2.5467844009
, 2.5544004440
, 2.5620164871
, 2.5692515373
, 2.5768675804
, 2.5841028690
, 2.5917186737
, 2.5989539623
, 2.6061890125
, 2.6138050556
, 2.6210403442
, 2.6286561489
, 2.6358914375
, 2.6435074806
, 2.6507425308
, 2.6579778194
, 2.6655938625
, 2.6732096672
, 2.6815872192
, 2.6876800060
, 2.6952960491
, 2.7025313377
, 2.7101473808
, 2.7173824310
, 2.7249984741
, 2.7322335243
, 2.7398495674
, 2.7470848560
, 2.7547006607
, 2.7619359493
, 2.7695519924
, 2.7771677971
, 2.7844030857
, 2.7920191288
, 2.8003966808
, 2.8068702221
, 2.8141055107
, 2.8217213154
, 2.8289566040
, 2.8365726471
, 2.8441884518
, 2.8514237404
, 2.8590397835
, 2.8662748337
, 2.8738908768
, 2.8811261654
, 2.8887419701
, 2.8959772587
, 2.9035933018
, 2.9112091064
, 2.9195866585
, 2.9260604382
, 2.9332954884
, 2.9409115314
, 2.9481468201
, 2.9557626247
, 2.9633786678
, 2.9706139565
, 2.9782297611
, 2.9854650497
, 2.9930810928
, 3.0006968975
, 3.0079321861
, 3.0155482292
, 3.0227832794
, 3.0307800770
, 3.0380153656
, 3.0456311703
, 3.0528664589
, 3.0604825020
, 3.0680983067
, 3.0753335953
, 3.0829496384
, 3.0901846886
, 3.0978007317
, 3.1054167747
, 3.1126518250
, 3.1202678680
, 3.1275031567
, 3.1347382069
, 3.1423542500
, 3.1499702930
, 3.1583478451
, 3.1648213863
, 3.1724374294
, 3.1796724796
, 3.1872885227
, 3.1949045658
, 3.2021396160
, 3.2097556591
, 3.2169909477
, 3.2246067524
, 3.2322227955
, 3.2394580841
, 3.2470738888
, 3.2546899319
, 3.2619252205
, 3.2695412636
, 3.2782995701
, 3.2843923569
, 3.2920084000
, 3.2996242046
, 3.3068594933
, 3.3144755363
, 3.3220913410
, 3.3293266296
, 3.3369426727
, 3.3445584774
, 3.3517937660
, 3.3594098091
, 3.3670256138
, 3.3742609024
, 3.3818769455
, 3.3894929886
, 3.3978705406
, 3.4043440819
, 3.4119601250
, 3.4195759296
, 3.4268112183
, 3.4344272614
, 3.4420430660
, 3.4492783546
, 3.4568943977
, 3.4645102024
, 3.4717454910
, 3.4793615341
, 3.4869773388
, 3.4945933819
, 3.5018286705
, 3.5098254681
, 3.5170605183
, 3.5242958069
, 3.5319118500
, 3.5395276546
, 3.5471436977
, 3.5547597408
, 3.5619947910
, 3.5696108341
, 3.5772268772
, 3.5848429203
, 3.5920779705
, 3.5996940136
, 3.6073100567
, 3.6149258614
, 3.6221611500
, 3.6297771931
, 3.6370122433
, 3.6446282864
, 3.6518635750
, 3.6594793797
, 3.6670954227
, 3.6747114658
, 3.6819465160
, 3.6895625591
, 3.6971786022
, 3.7047946453
, 3.7120296955
, 3.7196457386
, 3.7272617817
, 3.7348775864
, 3.7421128750
, 3.7497289181
, 3.7573447227
, 3.7649607658
, 3.7721960545
, 3.7798118591
, 3.7874279022
, 3.7946631908
, 3.8022789955
, 3.8098950386
, 3.8175110817
, 3.8247463703
, 3.8323621750
, 3.8399782181
, 3.8475942612
, 3.8548293114
, 3.8624453545
, 3.8700613976
, 3.8776774406
, 3.8849124908
, 3.8925285339
, 3.9001445770
, 3.9077603817
, 3.9153764248
, 3.9226117134
, 3.9302275181
, 3.9378435612
, 3.9454596043
, 3.9526946545
, 3.9603106976
, 3.9679267406
, 3.9755427837
, 3.9827778339
, 3.9907746315
, 3.9983906746
, 4.0056257248
, 4.0132417679
, 4.0208578110
, 4.0284738541
, 4.0360898972
, 4.0433249474
, 4.0509409904
, 4.0585570335
, 4.0661730766
, 4.0737886429
, 4.0810241699
, 4.0886402130
, 4.0958752632
, 4.1034913063
, 4.1111073494
, 4.1187233925
, 4.1259584427
, 4.1335744858
, 4.1411905289
, 4.1488060951
, 4.1560416222
, 4.1636576653
, 4.1712732315
, 4.1788892746
, 4.1865053177
, 4.1941213608
, 4.2013564110
, 4.2089724541
, 4.2165884972
, 4.2242045403
, 4.2318205833
, 4.2390556335
, 4.2466716766
, 4.2542877197
, 4.2619037628
, 4.2691388130
, 4.2767548561
, 4.2843708992
, 4.2919869423
, 4.2996025085
, 4.3068380356
, 4.3144540787
, 4.3220701218
, 4.3296856880
, 4.3373017311
, 4.3445372581
, 4.3525338173
, 4.3597688675
, 4.3673849106
, 4.3750009537
, 4.3826169968
, 4.3898520470
, 4.3974680901
, 4.4050841331
, 4.4127001762
, 4.4203162193
, 4.4275512695
, 4.4351673126
, 4.4427833557
, 4.4503993988
, 4.4580149651
, 4.4652504921
, 4.4732470512
, 4.4808630943
, 4.4884791374
, 4.4957141876
, 4.5033302307
, 4.5109462738
, 4.5185623169
, 4.5261783600
, 4.5334134102
, 4.5410294533
, 4.5486454964
, 4.5562615395
, 4.5638771057
, 4.5711126328
, 4.5787286758
, 4.5863442421
, 4.5939602852
, 4.6023378372
, 4.6088118553
, 4.6164274216
, 4.6240434647
, 4.6316595078
, 4.6392755508
, 4.6465106010
, 4.6541266441
, 4.6617426872
