velocity=[0.0000000000
, 0.0274393745
, 0.1740791500
, 0.4651015699
, 0.8805067539
, 1.3828886747
, 1.9338457584
, 2.4963693619
, 3.0468814373
, 3.5670037270
, 4.0416088104
, 4.4661245346
, 4.8369255066
, 5.1589488983
, 5.4360604286
, 5.6689410210
, 5.8650832176
, 6.0312442780
, 6.1706552505
, 6.2830152512
, 6.3743028641
, 6.4504051208
, 6.5155115128
, 6.5701227188
, 6.6115918159
, 6.6442933083
, 6.6718196869
, 6.6959643364
, 6.7175621986
, 6.7354516983
, 6.7461113930
, 6.7530226707
, 6.7589802742
, 6.7656149864
, 6.7731819153
, 6.7808036804
, 6.7883138657
, 6.8002877235
, 6.8132390976
, 6.8238968849
, 6.8320903778
, 6.8381710052
, 6.8427090645
, 6.8461008072
, 6.8486504555
, 6.8504943848
, 6.8518667221
, 6.8528738022
, 6.8535871506
, 6.8540282249
, 6.8556423187
, 6.8618264198
, 6.8683147430
, 6.8745117188
, 6.8835349083
, 6.8924665451
, 6.8989005089
, 6.9024405479
, 6.9038691521
, 6.9050211906
, 6.9099030495
, 6.9145855904
, 6.9187121391
, 6.9255771637
, 6.9321327209
, 6.9369058609
, 6.9399504662
, 6.9416003227
, 6.9450211525
, 6.9494905472
, 6.9519195557
, 6.9509015083
, 6.9514279366
, 6.9530858994
, 6.9578876495
, 6.9620952606
, 6.9647793770
, 6.9691376686
, 6.9721164703
, 6.9730319977
, 6.9749765396
, 6.9775953293
, 6.9827122688
, 6.9875860214
, 6.9927845001
, 6.9959087372
, 6.9977617264
, 7.0013694763
, 7.0077481270
, 7.0135960579
, 7.0199546814
, 7.0245409012
, 7.0292658806
, 7.0323219299
, 7.0371699333
, 7.0441918373
, 7.0495209694
, 7.0544047356
, 7.0569009781
, 7.0602998734
, 7.0656189919
, 7.0722799301
, 7.0790700912
, 7.0845642090
, 7.0863280296
, 7.0880832672
, 7.0907111168
, 7.0914521217
, 7.0931677818
, 7.0960493088
, 7.0967335701
, 7.0981712341
, 7.1007952690
, 7.1012058258
, 7.1023240089
, 7.1052784920
, 7.1088991165
, 7.1156692505
, 7.1245446205
, 7.1330533028
, 7.1368870735
, 7.1394290924
, 7.1432890892
, 7.1472778320
, 7.1477351189
, 7.1468782425
, 7.1473245621
, 7.1495838165
, 7.1524982452
, 7.1527948380
, 7.1538109779
, 7.1566915512
, 7.1586570740
, 7.1595616341
, 7.1607441902
, 7.1626615524
, 7.1656012535
, 7.1691937447
, 7.1735925674
, 7.1777930260
, 7.1824502945
, 7.1879014969
, 7.1932678223
, 7.1967186928
, 7.1955571175
, 7.1934781075
, 7.1924352646
, 7.1930603981
, 7.1951923370
, 7.1966767311
, 7.1984682083
, 7.2008104324
, 7.2036581039
, 7.2067666054
, 7.2100648880
, 7.2134275436
, 7.2166304588
, 7.2194871902
, 7.2219643593
, 7.2240514755
, 7.2257528305
, 7.2263464928
, 7.2252292633
, 7.2237534523
, 7.2242484093
, 7.2276310921
, 7.2289466858
, 7.2285981178
, 7.2284526825
, 7.2297148705
, 7.2318654060
, 7.2341427803
, 7.2360262871
, 7.2389383316
, 7.2466220856
, 7.2555613518
, 7.2630124092
, 7.2680206299
, 7.2705488205
, 7.2831587791
, 7.3262629509
, 7.3491606712
, 7.3503108025
, 7.3397197723
, 7.3257656097
, 7.3161001205
, 7.3091015816
, 7.3033924103
, 7.2984223366
, 7.2934222221
, 7.2897648811
, 7.2900705338
, 7.2918152809
, 7.2939004898
, 7.2960219383
, 7.2975573540
, 7.2976322174
, 7.2957878113
, 7.2938923836
, 7.2962226868
, 7.2996044159
, 7.3015313148
, 7.3026852608
, 7.3068542480
, 7.3111743927
, 7.3133506775
, 7.3127918243
, 7.3112831116
, 7.3130564690
, 7.3151998520
, 7.3171210289
, 7.3218483925
, 7.3258595467
, 7.3265724182
, 7.3262248039
, 7.3289480209
, 7.3315677643
, 7.3333415985
, 7.3374533653
, 7.3407316208
, 7.3425841331
, 7.3464074135
, 7.3616213799
, 7.4157323837
, 7.4887952805
, 7.5807394981
, 7.6665287018
, 7.7297410965
, 7.7634830475
, 7.7717065811
, 7.7628197670
, 7.7396531105
, 7.7054181099
, 7.6686811447
, 7.6318440437
, 7.5957918167
, 7.5643696785
, 7.5349793434
, 7.5075035095
, 7.4858903885
, 7.4771685600
, 7.4998154640
, 7.5330109596
, 7.5598864555
, 7.5751590729
, 7.5815343857
, 7.5790805817
, 7.5718135834
, 7.5598764420
, 7.5468964577
, 7.5315079689
, 7.5161862373
, 7.5037293434
, 7.4916391373
, 7.4813365936
, 7.4714751244
, 7.4638471603
, 7.4552965164
, 7.4458165169
, 7.4382719994
, 7.4314761162
, 7.4264569283
, 7.4218645096
, 7.4206919670
, 7.4200687408
, 7.4184837341
, 7.4195065498
, 7.4229917526
, 7.4250326157
, 7.4237380028
, 7.4223833084
, 7.4199590683
, 7.4189291000
, 7.4176545143
, 7.4178805351
, 7.4175734520
, 7.4183788300
, 7.4183506966
, 7.4192581177
, 7.4194679260
, 7.4221658707
, 7.4275631905
, 7.4315209389
, 7.4347634315
, 7.4370231628
, 7.4399652481
, 7.4412422180
, 7.4425911903
, 7.4421424866
, 7.4434590340
, 7.4469933510
, 7.4489979744
, 7.4507880211
, 7.4505891800
, 7.4504423141
, 7.4485940933
, 7.4471716881
, 7.4445848465
, 7.4437546730
, 7.4446587563
, 7.4460973740
, 7.4487080574
, 7.4497447014
, 7.4507298470
, 7.4498620033
, 7.4507646561
, 7.4538888931
, 7.4555816650
, 7.4570331573
, 7.4563250542
, 7.4569993019
, 7.4595532417
, 7.4605450630
, 7.4613142014
, 7.4605393410
, 7.4620261192
, 7.4625492096
, 7.4631171227
, 7.4617400169
, 7.4622402191
, 7.4648361206
, 7.4660496712
, 7.4674968719
, 7.4665818214
, 7.4670333862
, 7.4683599472
, 7.4680309296
, 7.4687123299
, 7.4675989151
, 7.4639282227
, 7.4616017342
, 7.4608025551
, 7.4599127769
, 7.4609909058
, 7.4649453163
, 7.4675550461
, 7.4710884094
, 7.4756340981
, 7.4776005745
, 7.4783811569
, 7.4762134552
, 7.4747872353
, 7.4750127792
, 7.4739975929
, 7.4746022224
, 7.4769587517
, 7.4770898819
, 7.4773073196
, 7.4789228439
, 7.4779057503
, 7.4776988029
, 7.4788861275
, 7.4782319069
, 7.4786953926
, 7.4806656837
, 7.4806861877
, 7.4815611839
, 7.4835715294
, 7.4834237099
, 7.4839801788
, 7.4858512878
, 7.4855003357
, 7.4855656624
, 7.4863305092
, 7.4864377975
, 7.4877357483
, 7.4916586876
, 7.4967913628
, 7.4989113808
, 7.5007824898
, 7.5028762817
, 7.5018100739
, 7.5008902550
, 7.5010652542
, 7.4990859032
, 7.4979324341
, 7.4995861053
, 7.5027236938
, 7.5037779808
, 7.5060286522
, 7.5056195259
, 7.5024447441
, 7.5004701614
, 7.5012874603
, 7.5041279793
, 7.5062909126
, 7.5049781799
, 7.5038218498
, 7.5044493675
, 7.5060238838
, 7.5055623055
, 7.5057320595
, 7.5086488724
, 7.5117197037
, 7.5116229057
, 7.5105214119
, 7.5076456070
, 7.5053076744
, 7.5012712479
, 7.4984903336
, 7.4991002083
, 7.5016760826
, 7.5018186569
, 7.5022439957
, 7.5049815178
, 7.5087761879
, 7.5095019341
, 7.5099997520
, 7.5123686790
, 7.5155272484
, 7.5152196884
, 7.5139422417
, 7.5150189400
, 7.5173945427
, 7.5171003342
, 7.5168118477
, 7.5169711113
, 7.5143113136
, 7.5120267868
, 7.5122799873
, 7.5139098167
, 7.5129170418
, 7.5120167732
, 7.5132699013
, 7.5157065392
, 7.5151333809
, 7.5142817497
, 7.5148735046
, 7.5169100761
, 7.5162787437
, 7.5157775879
, 7.5174298286
, 7.5214390755
, 7.5259194374
, 7.5268182755
, 7.5270290375
, 7.5286679268
, 7.5307397842
, 7.5293798447
, 7.5276355743
, 7.5277342796
, 7.5286164284
, 7.5270957947
, 7.5278434753
, 7.5295419693
, 7.5285310745
, 7.5280170441
, 7.5295534134
, 7.5324516296
, 7.5353846550
, 7.5348787308
, 7.5341110229
, 7.5349483490
, 7.5370311737
, 7.5396952629
, 7.5398378372
, 7.5392098427
, 7.5360431671
, 7.5330133438
, 7.5315885544
, 7.5318374634
, 7.5295138359
, 7.5274472237
, 7.5276150703
, 7.5288863182
, 7.5271859169
, 7.5253834724
, 7.5256071091
, 7.5283308029
, 7.5332455635
, 7.5382227898
, 7.5389623642
, 7.5384206772
, 7.5389199257
, 7.5409893990
, 7.5425500870
, 7.5408172607
, 7.5387072563
, 7.5384144783
, 7.5389566422
, 7.5363516808
, 7.5335602760
, 7.5327610970
, 7.5344381332
, 7.5368986130
, 7.5358963013
, 7.5343093872
, 7.5343527794
, 7.5365996361
, 7.5393228531
, 7.5395865440
, 7.5420002937
, 7.5428228378
, 7.5434708595
, 7.5455679893
, 7.5477461815
, 7.5460071564
, 7.5434393883
, 7.5423297882
, 7.5431933403
, 7.5446395874
, 7.5427045822
, 7.5402030945
, 7.5393743515
, 7.5408272743
, 7.5428152084
, 7.5418515205
, 7.5426058769
, 7.5455265045
, 7.5491495132
, 7.5494318008
, 7.5488705635
, 7.5484786034
, 7.5494408607
, 7.5508837700
, 7.5488791466
, 7.5463676453
, 7.5449166298
, 7.5457563400
, 7.5481576920
, 7.5484457016
, 7.5488948822
, 7.5501341820
, 7.5511398315
, 7.5495896339
, 7.5480556488
, 7.5482091904
, 7.5503215790
, 7.5540962219
, 7.5575256348
, 7.5564351082
, 7.5538864136
