time=[0.0000000000
, 0.9966999888
, 1.9974999428
, 2.9967000484
, 3.9949998856
, 4.9949998856
, 5.9949998856
, 6.9949998856
, 7.9949998856
, 8.9975004196
, 9.9975004196
, 11.1468000412
, 12.0150995255
, 13.1660995483
, 14.0024995804
, 15.0009002686
, 15.9991998672
, 16.9958000183
, 18.0251998901
, 19.0167999268
, 20.0167999268
, 21.0133991241
, 22.0209999084
, 23.0200996399
, 24.0200996399
, 25.0200996399
, 26.0133991241
, 27.2492008209
, 28.0167999268
, 29.0209999084
, 30.0142993927
, 31.0067005157
, 31.9967002869
, 32.9949989319
, 33.9949989319
, 34.9949989319
, 35.9949989319
, 36.9949989319
, 37.9949989319
, 38.9967002869
, 39.9958000183
, 40.9958000183
, 41.9958000183
, 43.1945991516
, 43.9967002869
, 45.1484985352
, 45.9982986450
, 46.9975013733
, 47.9949989319
, 48.9975013733
, 49.9967002869
, 50.9958000183
, 51.9949989319
, 52.9949989319
, 53.9949989319
, 54.9949989319
, 55.9949989319
, 56.9949989319
, 58.0009002686
, 59.2433013916
, 60.0311012268
, 61.1543998718
, 61.9958000183
, 62.9967002869
, 63.9949989319
, 64.9991989136
, 65.9957962036
, 66.9957962036
, 67.9966964722
, 69.0025024414
, 69.9982986450
, 70.9966964722
, 71.9950027466
, 72.9957962036
, 73.9950027466
, 75.2214965820
, 76.0176010132
, 77.0234985352
, 78.0201034546
, 79.0242996216
, 80.0234985352
, 81.0226974487
, 82.0185012817
, 83.0150985718
, 84.0217971802
, 85.0185012817
, 86.0234985352
, 87.0210037231
, 88.0201034546
, 89.0066986084
, 89.9974975586
, 91.2138977051
, 91.9974975586
, 93.1484985352
, 93.9957962036
, 95.0369033813
, 95.9974975586
, 97.0092010498
, 97.9957962036
, 98.9957962036
, 99.9966964722
, 100.9966964722
, 101.9957962036
, 102.9957962036
, 103.9974975586
, 105.0017013550
, 105.9957962036
, 107.2474975586
, 107.9982986450
, 108.9974975586
, 109.9957962036
, 110.9966964722
, 111.9950027466
, 112.9950027466
, 113.9950027466
, 114.9950027466
, 116.0000000000
, 116.9957962036
, 117.9950027466
, 118.9950027466
, 119.9957962036
, 120.9957962036
, 121.9950027466
, 123.2583999634
, 124.0301971436
, 124.9966964722
, 125.9950027466
, 126.9950027466
, 127.9950027466
, 128.9949951172
, 129.9949951172
, 130.9992065430
, 131.9974975586
, 132.9949951172
, 133.9949951172
, 134.9949951172
, 135.9949951172
, 136.9949951172
, 137.9949951172
, 139.2861022949
, 140.0637969971
, 141.0175933838
, 142.0175933838
, 143.0234985352
, 144.0243072510
, 145.0167999268
, 146.0193023682
, 147.0126037598
, 148.0234985352
, 149.0193023682
, 150.0193023682
, 151.0200958252
, 152.0142974854
, 153.0059051514
, 153.9949951172
, 155.2189941406
, 156.0973052979
, 156.9974975586
, 157.9949951172
, 158.9958038330
, 159.9958038330
, 160.9958038330
, 161.9949951172
, 163.0016937256
, 163.9949951172
, 164.9949951172
, 165.9949951172
, 166.9949951172
, 167.9949951172
, 168.9958038330
, 169.9958038330
, 171.2776947021
, 172.0502929688
, 172.9958038330
, 173.9949951172
, 174.9992065430
, 175.9949951172
, 176.9949951172
, 177.9949951172
, 178.9949951172
, 179.9967041016
, 180.9949951172
, 181.9949951172
, 182.9949951172
, 183.9949951172
, 184.9949951172
, 185.9983062744
, 187.3455963135
, 188.1065979004
, 189.0108947754
, 190.0117950439
, 191.0142974854
, 192.0167999268
, 193.0269012451
, 194.0034027100
, 194.9967041016
, 196.1006927490
, 196.9958038330
, 197.9949951172
, 198.9958038330
, 199.9967041016
, 200.9949951172
, 201.9949951172
, 203.3296966553
, 204.1367950439
, 205.0034027100
, 205.9992065430
, 206.9958038330
, 207.9949951172
, 208.9958038330
, 209.9958038330
, 210.9967041016
, 211.9958038330
, 212.9949951172
, 213.9949951172
, 214.9949951172
, 215.9958038330
, 216.9967041016
, 217.9967041016
, 219.2785034180
, 220.2131042480
, 221.0243072510
, 222.0218048096
, 223.0243072510
, 224.0193023682
, 225.0218048096
, 226.0209960938
, 227.0142974854
, 228.0209960938
, 229.0142974854
, 230.0243072510
, 231.0252075195
, 232.0160064697
, 233.0050048828
, 233.9974975586
, 235.3632965088
, 236.1049041748
, 237.1510009766
, 237.9958038330
, 239.0000000000
, 240.0075988770
, 240.9967041016
, 241.9967041016
, 242.9967041016
, 243.9983062744
, 244.9958038330
, 245.9958038330
, 246.9967041016
, 248.0209960938
, 248.9983062744
, 249.9974975586
, 251.3598937988
, 252.1242065430
, 253.1569061279
, 253.9967041016
, 254.9958038330
, 255.9958038330
, 256.9957885742
, 257.9957885742
, 258.9974975586
, 259.9967041016
, 260.9967041016
, 261.9974975586
, 263.0008850098
, 263.9967041016
, 264.9949951172
, 265.9949951172
, 266.9949951172
, 267.9974975586
, 269.1601867676
, 269.9974975586
, 270.9967041016
, 271.9949951172
, 272.9949951172
, 273.9949951172
, 274.9949951172
, 275.9992065430
, 276.9982910156
, 277.9949951172
, 278.9974975586
, 279.9957885742
, 280.9957885742
, 281.9949951172
, 282.9949951172
, 284.1601867676
, 285.0234985352
, 286.0209960938
, 287.0184936523
, 288.0227050781
, 289.0227050781
, 290.0252075195
, 291.0192871094
, 292.0201110840
, 293.0184936523
, 294.1577148438
, 295.0646057129
, 296.0151062012
, 297.0168151855
, 298.1207885742
, 299.4982910156
, 299.9992065430
, 301.1459960938
, 301.9957885742
, 302.9949951172
, 303.9957885742
, 304.9949951172
, 305.9949951172
, 306.9949951172
, 307.9974975586
, 308.9967041016
, 309.9967041016
, 310.9957885742
, 311.9957885742
, 312.9949951172
, 313.9949951172
, 314.9949951172
, 316.0067138672
, 317.1442871094
, 317.9949951172
, 318.9967041016
, 319.9957885742
, 320.9957885742
, 321.9949951172
, 322.9949951172
, 323.9949951172
, 325.0772094727
, 325.9982910156
, 326.9967041016
, 327.9957885742
, 328.9957885742
, 329.9957885742
, 330.9957885742
, 332.0058898926
, 332.9957885742
, 333.9974975586
, 334.9949951172
, 335.9949951172
, 336.9949951172
, 338.0050048828
, 338.9967041016
, 339.9974975586
, 340.9957885742
, 341.9957885742
, 342.9949951172
, 343.9949951172
, 344.9949951172
, 345.9949951172
, 346.9967041016
, 348.0227050781
, 349.0217895508
, 350.0201110840
, 351.0184936523
, 352.0159912109
, 353.0227050781
, 354.0217895508
, 355.0168151855
, 356.0192871094
, 357.0126037598
, 358.0242919922
, 359.0217895508
, 360.0168151855
, 361.0091857910
, 361.9967041016
, 362.9949951172
, 364.0050048828
, 364.9974975586
, 365.9949951172
, 366.9949951172
, 367.9949951172
, 368.9949951172
, 369.9967041016
, 370.9967041016
, 371.9949951172
, 372.9957885742
, 373.9957885742
, 374.9957885742
, 375.9957885742
, 376.9957885742
, 377.9957885742
, 378.9967041016
, 380.0067138672
, 381.0067138672
, 381.9957885742
, 382.9949951172
, 383.9957885742
, 384.9957885742
, 385.9957885742
, 386.9957885742
, 387.9957885742
, 388.9957885742
, 389.9967041016
, 390.9967041016
, 391.9967041016
, 392.9957885742
, 394.0000000000
, 395.0025024414
, 396.0083923340
, 397.0025024414
, 397.9957885742
, 398.9957885742
, 399.9967041016
, 400.9967041016
, 401.9957885742
, 402.9957885742
, 403.9967041016
, 405.0058898926
, 406.0042114258
, 407.0017089844
, 407.9957885742
, 408.9957885742
, 409.9957885742
, 410.9967041016
, 412.0209960938
, 413.0217895508
, 414.0217895508
, 415.0268859863
, 416.0217895508
, 417.0217895508
, 418.0260009766
, 419.0192871094
, 420.0217895508
, 421.0126037598
, 422.0209960938
, 423.0217895508
, 424.0126037598
, 425.0067138672
, 425.9957885742
, 426.9974975586
, 428.0042114258
, 428.9967041016
, 429.9949951172
, 430.9957885742
, 431.9949951172
, 432.9949951172
, 433.9949951172
, 434.9949951172
, 435.9974975586
, 436.9949951172
, 438.0025024414
, 438.9982910156
, 439.9957885742
, 440.9957885742
, 441.9949951172
, 442.9949951172
, 444.0050048828
, 444.9949951172
, 445.9992065430
, 446.9949951172
, 447.9949951172
, 449.0000000000
, 449.9967041016
, 450.9957885742
, 451.9949951172
, 452.9949951172
, 453.9957885742
, 454.9949951172
, 455.9949951172
, 456.9949951172
, 457.9949951172
, 458.9949951172
, 460.0058898926
, 461.1502075195
, 461.9957885742
, 462.9957885742
, 463.9974975586
, 464.9957885742
, 465.9957885742
, 466.9967041016
, 468.0008850098
, 468.9967041016
, 469.9982910156
, 470.9967041016
, 471.9957885742
, 472.9949951172
, 473.9949951172
, 475.0017089844
