position=[0.0045695892
, 0.0049503883
, 0.0053311875
, 0.0060927859
, 0.0072351829
, 0.0087583791
, 0.0102815758
, 0.0121855717
, 0.0144703658
, 0.0171359591
, 0.0201823525
, 0.0236095451
, 0.0266559385
, 0.0312255267
, 0.0342719182
, 0.0388415083
, 0.0434110984
, 0.0483614877
, 0.0536926761
, 0.0590238608
, 0.0647358522
, 0.0708286315
, 0.0773022175
, 0.0837758034
, 0.0910109878
, 0.0982461721
, 0.1054813564
, 0.1150013283
, 0.1214749143
, 0.1298525035
, 0.1382300705
, 0.1469884515
, 0.1561276317
, 0.1656476110
, 0.1751675904
, 0.1850683689
, 0.1949691474
, 0.2052507252
, 0.2155323029
, 0.2261946648
, 0.2364762425
, 0.2471386194
, 0.2574202120
, 0.2696057558
, 0.2776025534
, 0.2894073129
, 0.2974041104
, 0.3069240749
, 0.3160632551
, 0.3252024353
, 0.3335800171
, 0.3419575989
, 0.3499543965
, 0.3579511642
, 0.3651863337
, 0.3724215329
, 0.3792759180
, 0.3861303031
, 0.3926038742
, 0.3998390734
, 0.4044086635
, 0.4105014503
, 0.4146902263
, 0.4196406305
, 0.4245910048
, 0.4287798107
, 0.4329685867
, 0.4371573925
, 0.4413461685
, 0.4451541603
, 0.4489621520
, 0.4531509280
, 0.4569589198
, 0.4607669115
, 0.4649557173
, 0.4702869058
, 0.4740948975
, 0.4786644876
, 0.4836148620
, 0.4889460504
, 0.4942772388
, 0.5003700256
, 0.5064628124
, 0.5125555992
, 0.5194100142
, 0.5262643695
, 0.5334995389
, 0.5411155224
, 0.5491123199
, 0.5571091175
, 0.5651058555
, 0.5757682323
, 0.5826226473
, 0.5932850242
, 0.6012818217
, 0.6111825705
, 0.6207025647
, 0.6306033134
, 0.6405041218
, 0.6504048705
, 0.6606864333
, 0.6705872416
, 0.6804879904
, 0.6903887987
, 0.7002895474
, 0.7098095417
, 0.7189487219
, 0.7303726673
, 0.7372270823
, 0.7456046343
, 0.7539822459
, 0.7619790435
, 0.7695950270
, 0.7772110105
, 0.7844461799
, 0.7913005352
, 0.7977741361
, 0.8042477369
, 0.8103405237
, 0.8160524964
, 0.8213836551
, 0.8267148733
, 0.8316652775
, 0.8373772502
, 0.8408044577
, 0.8453740478
, 0.8495628238
, 0.8533707857
, 0.8575596213
, 0.8617483974
, 0.8655563593
, 0.8697451949
, 0.8739339709
, 0.8781227469
, 0.8826923370
, 0.8872619271
, 0.8922123313
, 0.8971626759
, 0.9024938941
, 0.9097290635
, 0.9146794677
, 0.9203914404
, 0.9272458553
, 0.9341002107
, 0.9409546256
, 0.9485706091
, 0.9561865926
, 0.9641833305
, 0.9725609422
, 0.9809384942
, 0.9896968603
, 0.9988360405
, 1.0094984770
, 1.0174952745
, 1.0266344547
, 1.0388200283
, 1.0475783348
, 1.0563367605
, 1.0662374496
, 1.0761382580
, 1.0860390663
, 1.0959398746
, 1.1058405638
, 1.1153606176
, 1.1244997978
, 1.1340197325
, 1.1427781582
, 1.1515364647
, 1.1599141359
, 1.1679108143
, 1.1759076118
, 1.1854276657
, 1.1907588243
, 1.1976132393
, 1.2040867805
, 1.2105603218
, 1.2166531086
, 1.2223651409
, 1.2280771732
, 1.2334083319
, 1.2383587360
, 1.2429282665
, 1.2478786707
, 1.2520674467
, 1.2566370964
, 1.2604449987
, 1.2646338940
, 1.2703458071
, 1.2733922005
, 1.2772002220
, 1.2813889980
, 1.2855777740
, 1.2901474237
, 1.2947169542
, 1.2996673584
, 1.3046177626
, 1.3103297949
, 1.3152800798
, 1.3213728666
, 1.3274656534
, 1.3339393139
, 1.3407936096
, 1.3476480246
, 1.3575488329
, 1.3640223742
, 1.3708767891
, 1.3788735867
, 1.3872511387
, 1.3960095644
, 1.4051487446
, 1.4142879248
, 1.4238078594
, 1.4333277941
, 1.4432286024
, 1.4531294107
, 1.4626493454
, 1.4729309082
, 1.4828317165
, 1.4927325249
, 1.5052988529
, 1.5140572786
, 1.5220540762
, 1.5311932564
, 1.5407131910
, 1.5494716167
, 1.5582299232
, 1.5666075945
, 1.5749851465
, 1.5826010704
, 1.5902171135
, 1.5974522829
, 1.6046874523
, 1.6111609936
, 1.6176346540
, 1.6237274408
, 1.6317242384
, 1.6355321407
, 1.6412441730
, 1.6454329491
, 1.6500025988
, 1.6549528837
, 1.6591417789
, 1.6637113094
, 1.6679000854
, 1.6717081070
, 1.6758968830
, 1.6800856590
, 1.6842744350
, 1.6884632111
, 1.6926519871
, 1.6972216368
, 1.7036951780
, 1.7071224451
, 1.7124536037
, 1.7170231342
, 1.7227351665
, 1.7284471989
, 1.7345399857
, 1.7410135269
, 1.7478679419
, 1.7547222376
, 1.7623382807
, 1.7699542046
, 1.7775702477
, 1.7859477997
, 1.7943253517
, 1.8030837774
, 1.8152693510
, 1.8221237659
, 1.8320245743
, 1.8400212526
, 1.8499220610
, 1.8598228693
, 1.8697236776
, 1.8796243668
, 1.8895251751
, 1.8994259834
, 1.9093267918
, 1.9188467264
, 1.9283666611
, 1.9378867149
, 1.9470258951
, 1.9557842016
, 1.9645426273
, 1.9744434357
, 1.9812977314
, 1.9892945290
, 1.9969105721
, 2.0041456223
, 2.0110001564
, 2.0178544521
, 2.0243279934
, 2.0304207802
, 2.0361328125
, 2.0426063538
, 2.0471761227
, 2.0521264076
, 2.0566959381
, 2.0620272160
, 2.0681200027
, 2.0700240135
, 2.0749742985
, 2.0784015656
, 2.0825903416
, 2.0867791176
, 2.0905871391
, 2.0947759151
, 2.0993454456
, 2.1035342216
, 2.1081037521
, 2.1130542755
, 2.1180045605
, 2.1233358383
, 2.1290478706
, 2.1351406574
, 2.1412334442
, 2.1477069855
, 2.1553230286
, 2.1614158154
, 2.1690316200
, 2.1766476631
, 2.1842637062
, 2.1926412582
, 2.2010188103
, 2.2097771168
, 2.2196779251
, 2.2280554771
, 2.2375755310
, 2.2470955849
, 2.2569963932
, 2.2665162086
, 2.2764170170
, 2.2866985798
, 2.2965993881
, 2.3065001965
, 2.3164010048
, 2.3259210587
, 2.3354408741
, 2.3453416824
, 2.3540999889
, 2.3632392883
, 2.3719975948
, 2.3803751469
, 2.3883719444
, 2.3963687420
, 2.4039847851
, 2.4112200737
, 2.4180743694
, 2.4249286652
, 2.4314022064
, 2.4374949932
, 2.4435877800
, 2.4489190578
, 2.4542503357
, 2.4592006207
, 2.4641511440
, 2.4687206745
, 2.4732902050
, 2.4774789810
, 2.4816677570
, 2.4858565331
, 2.4900453091
, 2.4938533306
, 2.4980421066
, 2.5022308826
, 2.5064196587
, 2.5109894276
, 2.5155589581
, 2.5201284885
, 2.5254597664
, 2.5304100513
, 2.5361220837
, 2.5418341160
, 2.5483076572
, 2.5544004440
, 2.5612547398
, 2.5684900284
, 2.5757250786
, 2.5833411217
, 2.5909571648
, 2.5993347168
, 2.6077122688
, 2.6164705753
, 2.6252291203
, 2.6347489357
, 2.6438882351
, 2.6537890434
, 2.6633088589
, 2.6732096672
, 2.6831104755
, 2.6930112839
, 2.7029120922
, 2.7128129005
, 2.7227137089
, 2.7326145172
, 2.7421343327
, 2.7520351410
, 2.7611744404
, 2.7699327469
, 2.7786910534
, 2.7870686054
, 2.7954461575
, 2.8034429550
, 2.8110589981
, 2.8182942867
, 2.8255293369
, 2.8323838711
, 2.8388574123
, 2.8449501991
, 2.8506622314
, 2.8563740253
, 2.8617053032
, 2.8670365810
, 2.8719868660
, 2.8765563965
, 2.8811261654
, 2.8853149414
, 2.8895037174
, 2.8936924934
, 2.8975005150
, 2.9016892910
, 2.9058780670
, 2.9100668430
, 2.9142556190
, 2.9184443951
, 2.9230139256
, 2.9275834560
, 2.9325339794
, 2.9378650188
, 2.9431962967
, 2.9489083290
, 2.9550011158
, 2.9614746571
, 2.9683289528
, 2.9751834869
, 2.9824185371
, 2.9900345802
, 2.9976506233
, 3.0060281754
, 3.0140249729
, 3.0227832794
, 3.0315418243
, 3.0406808853
, 3.0502009392
, 3.0597207546
, 3.0692408085
, 3.0791416168
, 3.0890424252
, 3.0989432335
, 3.1088440418
, 3.1187446117
, 3.1286454201
, 3.1385462284
, 3.1484470367
, 3.1575860977
, 3.1671061516
, 3.1762454510
, 3.1850037575
, 3.1933813095
, 3.2017588615
, 3.2097556591
, 3.2185139656
, 3.2249877453
, 3.2322227955
, 3.2390773296
, 3.2455508709
, 3.2516436577
, 3.2577364445
, 3.2634484768
, 3.2687795162
, 3.2741107941
, 3.2790610790
, 3.2836306095
, 3.2882003784
, 3.2927699089
, 3.2969586849
, 3.3011474609
, 3.3053362370
, 3.3095250130
, 3.3133330345
, 3.3175218105
, 3.3220913410
, 3.3262801170
, 3.3308498859
, 3.3354194164
, 3.3403697014
, 3.3453202248
, 3.3510322571
, 3.3567440510
, 3.3624560833
, 3.3689296246
, 3.3754034042
, 3.3822577000
, 3.3902544975
, 3.3967280388
, 3.4051055908
, 3.4127216339
, 3.4210991859
, 3.4294767380
, 3.4382350445
, 3.4473743439
, 3.4568943977
, 3.4664142132
, 3.4759342670
, 3.4858350754
, 3.4957358837
, 3.5056366920
, 3.5155372620
, 3.5254380703
, 3.5368621349
, 3.5452396870
, 3.5547597408
, 3.5642795563
, 3.5737996101
, 3.5829389095
, 3.5916972160
, 3.6004555225
, 3.6084523201
, 3.6164491177
, 3.6244459152
, 3.6316812038
, 3.6392970085
, 3.6457707882
, 3.6526250839
, 3.6587178707
, 3.6655721664
, 3.6705226898
, 3.6762347221
, 3.6811850071
, 3.6861352921
, 3.6910858154
, 3.6956553459
