velocity=[0.0000000000
, 0.0004202660
, 0.0029896204
, 0.0091838241
, 0.0214182734
, 0.0426927917
, 0.0755845532
, 0.1210365817
, 0.1801600307
, 0.2542872429
, 0.3446550071
, 0.4517948925
, 0.5745465159
, 0.7127647400
, 0.8661395907
, 1.0323628187
, 1.2115595341
, 1.4028086662
, 1.6052256823
, 1.8175433874
, 2.0382835865
, 2.2665476799
, 2.5020680428
, 2.7443118095
, 2.9922699928
, 3.2465069294
, 3.5059516430
, 3.7686789036
, 4.0343165398
, 4.3040137291
, 4.5767793655
, 4.8509049416
, 5.1258010864
, 5.4017353058
, 5.6786656380
, 5.9554395676
, 6.2313108444
, 6.5050392151
, 6.7760338783
, 7.0433077812
, 7.3061227798
, 7.5621800423
, 7.8100652695
, 8.0468797684
, 8.2695837021
, 8.4758319855
, 8.6645765305
, 8.8326158524
, 8.9783678055
, 9.1006021500
, 9.1986627579
, 9.2707157135
, 9.3165597916
, 9.3365383148
, 9.3317832947
, 9.3020143509
, 9.2483778000
, 9.1723546982
, 9.0763769150
, 8.9617195129
, 8.8285474777
, 8.6783370972
, 8.5122432709
, 8.3311243057
, 8.1373481750
, 7.9336223602
, 7.7203817368
, 7.4994225502
, 7.2736783028
, 7.0460515022
, 6.8180847168
, 6.5922441483
, 6.3721513748
, 6.1593661308
, 5.9554524422
, 5.7634339333
, 5.5865044594
, 5.4277839661
, 5.2882089615
, 5.1693525314
, 5.0727448463
, 4.9990997314
, 4.9503722191
, 4.9264721870
, 4.9261035919
, 4.9493889809
, 4.9954094887
, 5.0632495880
, 5.1525392532
, 5.2626423836
, 5.3914251328
, 5.5360403061
, 5.6954412460
, 5.8678908348
, 6.0525341034
, 6.2479538918
, 6.4521489143
, 6.6635813713
, 6.8796253204
, 7.0979070663
, 7.3157024384
, 7.5312395096
, 7.7412781715
, 7.9429864883
, 8.1342849731
, 8.3132753372
, 8.4769620895
, 8.6224927902
, 8.7485065460
, 8.8543348312
, 8.9377384186
, 8.9979095459
, 9.0340499878
, 9.0457897186
, 9.0342016220
, 9.0000028610
, 8.9434480667
, 8.8650388718
, 8.7668666840
, 8.6503763199
, 8.5163335800
, 8.3656129837
, 8.2003221512
, 8.0218734741
, 7.8310995102
, 7.6302967072
, 7.4232945442
, 7.2116312981
, 6.9962329865
, 6.7804279327
, 6.5672574043
, 6.3582963943
, 6.1564645767
, 5.9643507004
, 5.7841176987
, 5.6184902191
, 5.4694070816
, 5.3389205933
, 5.2280540466
, 5.1381630898
, 5.0709586143
, 5.0286912918
, 5.0107493401
, 5.0179276466
, 5.0490326881
, 5.1021642685
, 5.1773209572
, 5.2730159760
, 5.3881087303
, 5.5210719109
, 5.6698083878
, 5.8328213692
, 6.0106225014
, 6.2049498558
, 6.4060602188
, 6.6101503372
, 6.8175292015
, 7.0272355080
, 7.2365446091
, 7.4433045387
, 7.6453623772
, 7.8407473564
, 8.0278081894
, 8.2047805786
, 8.3684234619
, 8.5160846710
, 8.6470537186
, 8.7588024139
, 8.8498964310
, 8.9188385010
, 8.9644479752
, 8.9869070053
, 8.9853191376
, 8.9590797424
, 8.9102735519
, 8.8394393921
, 8.7480773926
, 8.6375398636
, 8.5089797974
, 8.3646030426
, 8.2058897018
, 8.0335540771
, 7.8488173485
, 7.6548876762
, 7.4531350136
, 7.2462592125
, 7.0350661278
, 6.8225512505
, 6.6120405197
, 6.4057683945
, 6.2064347267
, 6.0161662102
, 5.8368458748
, 5.6711125374
, 5.5209989548
, 5.3892350197
, 5.2768268585
, 5.1844058037
, 5.1133527756
, 5.0655646324
, 5.0411963463
, 5.0404090881
, 5.0631566048
, 5.1081399918
, 5.1753749847
, 5.2653117180
, 5.3758764267
, 5.5042939186
, 5.6487379074
, 5.8081173897
, 5.9813704491
, 6.1664218903
, 6.3615326881
, 6.5645098686
, 6.7737970352
, 6.9866099358
, 7.1991362572
, 7.4103441238
, 7.6176195145
, 7.8182492256
, 8.0092668533
, 8.1874542236
, 8.3519344330
, 8.5004014969
, 8.6321020126
, 8.7447013855
, 8.8366775513
, 8.9070186615
, 8.9555778503
, 8.9805288315
, 8.9819068909
, 8.9598913193
, 8.9158229828
, 8.8498783112
, 8.7634706497
, 8.6577224731
, 8.5332841873
, 8.3900957108
, 8.2307672501
, 8.0568761826
, 7.8699274063
, 7.6733694077
, 7.4690332413
, 7.2601842880
, 7.0485644341
, 6.8351955414
, 6.6233291626
, 6.4161620140
, 6.2161450386
, 6.0250225067
, 5.8451480865
, 5.6794238091
, 5.5298633575
, 5.3968772888
, 5.2828636169
, 5.1901588440
, 5.1200861931
, 5.0724534988
, 5.0474419594
, 5.0455932617
, 5.0670275688
, 5.1108703613
, 5.1774921417
, 5.2653031349
, 5.3718924522
, 5.4969487190
, 5.6389532089
, 5.7999877930
, 5.9868097305
, 6.1829104424
, 6.3807477951
, 6.5808000565
, 6.7842535973
, 6.9905667305
, 7.1979055405
, 7.4039263725
, 7.6061859131
, 7.8023533821
, 7.9902853966
, 8.1669378281
, 8.3300924301
, 8.4784097672
, 8.6095800400
, 8.7211999893
, 8.8123569489
, 8.8821105957
, 8.9290065765
, 8.9533815384
, 8.9552803040
, 8.9342288971
, 8.8902978897
, 8.8250541687
, 8.7398023605
, 8.6351194382
, 8.5117607117
, 8.3713274002
, 8.2145748138
, 8.0437059402
, 7.8599996567
, 7.6664614677
, 7.4646453857
, 7.2550501823
, 7.0411229134
, 6.8258624077
, 6.6127099991
, 6.4043331146
, 6.2019238472
, 6.0084562302
, 5.8273530006
, 5.6596717834
, 5.5075106621
, 5.3734321594
, 5.2588157654
, 5.1653575897
, 5.0949878693
, 5.0490159988
, 5.0269670486
, 5.0281953812
, 5.0522823334
, 5.0994839668
, 5.1698393822
, 5.2613816261
, 5.3714838028
, 5.4995217323
, 5.6438612938
, 5.8032913208
, 5.9767184258
, 6.1618876457
, 6.3571619987
, 6.5603518486
, 6.7694339752
, 6.9807338715
, 7.1923112869
, 7.4030570984
, 7.6105675697
, 7.8119931221
, 8.0047235489
, 8.1853332520
, 8.3518934250
, 8.5036430359
, 8.6371965408
, 8.7514925003
, 8.8453054428
, 8.9168777466
, 8.9649047852
, 8.9896717072
, 8.9912462234
, 8.9693870544
, 8.9240484238
, 8.8563117981
, 8.7677583694
, 8.6599035263
, 8.5347490311
, 8.3925294876
, 8.2345027924
, 8.0622787476
, 7.8783383369
, 7.6845369339
, 7.4832210541
, 7.2757744789
, 7.0645923615
, 6.8526730537
, 6.6426396370
, 6.4359321594
, 6.2352976799
, 6.0430755615
, 5.8616166115
, 5.6938591003
, 5.5414767265
, 5.4057903290
, 5.2895259857
, 5.1930952072
, 5.1183700562
, 5.0664381981
, 5.0388317108
, 5.0343880653
, 5.0536646843
, 5.0969595909
, 5.1628289223
, 5.2496590614
, 5.3552708626
, 5.4790587425
, 5.6198024750
, 5.7764191628
, 5.9468607903
, 6.1303143501
, 6.3240656853
, 6.5269193649
, 6.7357363701
, 6.9482541084
, 7.1619496346
, 7.3740377426
, 7.5818958282
, 7.7832312584
, 7.9761343002
, 8.1585426331
, 8.3280258179
, 8.4837436676
, 8.6227588654
, 8.7419633865
, 8.8396844864
, 8.9146795273
, 8.9670886993
, 8.9967098236
, 9.0029344559
, 8.9854726791
, 8.9454298019
, 8.8839235306
, 8.8016319275
, 8.6989965439
, 8.5766553879
, 8.4366264343
, 8.2806968689
, 8.1110630035
, 7.9295701981
, 7.7375841141
, 7.5371332169
, 7.3298597336
, 7.1181068420
, 6.9043498039
, 6.6903982162
, 6.4796996117
, 6.2755188942
, 6.0800776482
, 5.8951134682
, 5.7223744392
, 5.5643353462
, 5.4227738380
, 5.2997851372
, 5.1974143982
, 5.1165900230
, 5.0583109856
, 5.0237121582
, 5.0138583183
, 5.0290837288
, 5.0680370331
, 5.1296191216
, 5.2127127647
, 5.3155460358
, 5.4372811317
, 5.5753350258
, 5.7288146019
, 5.8959369659
, 6.0755009651
, 6.2664222717
, 6.4661211967
, 6.6721916199
, 6.8827614784
, 7.0956501961
, 7.3080391884
, 7.5170173645
, 7.7203021049
, 7.9158959389
, 8.1021718979
, 8.2770576477
, 8.4366931915
, 8.5798645020
, 8.7048244476
, 8.8091735840
, 8.8909130096
, 8.9495916367
, 8.9844474792
, 8.9955024719
, 8.9840993881
, 8.9508647919
, 8.8959112167
, 8.8193130493
, 8.7215623856
, 8.6045608521
, 8.4697360992
, 8.3185071945
, 8.1531753540
, 7.9752926826
, 7.7860078812
, 7.5877432823
, 7.3833217621
, 7.1743440628
, 6.9628686905
, 6.7517132759
, 6.5434303284
, 6.3393149376
, 6.1424956322
, 5.9564862251
, 5.7826881409
, 5.6231923103
, 5.4795694351
, 5.3537001610
, 5.2468800545
, 5.1620469093
, 5.0998997688
, 5.0600380898
, 5.0440454483
, 5.0516567230
, 5.0820398331
, 5.1344590187
, 5.2087917328
, 5.3048954010
, 5.4211163521
, 5.5555868149
, 5.7055768967
, 5.8693332672
, 6.0459794998
, 6.2348217964
, 6.4336233139
, 6.6394643784
, 6.8504285812
, 7.0640778542
, 7.2775335312
, 7.4877758026
, 7.6921849251
, 7.8892278671
, 8.0765457153
, 8.2511119843
, 8.4111957550
, 8.5556898117
, 8.6824722290
, 8.7892856598
, 8.8748626709
, 8.9367885590
, 8.9747447968
, 8.9895515442
, 8.9808187485
, 8.9499464035
, 8.8965435028
, 8.8221063614
, 8.7266197205
, 8.6115083694
, 8.4788942337
, 8.3309993744
, 8.1680641174
, 7.9918231964
, 7.8050575256
