torque=[5.0000000000
, 5.0000000000
, 5.0000000000
, 5.0000000000
, 5.0000000000
, 5.0000000000
, 5.0000000000
, 5.0000000000
, 5.0000000000
, 5.0000000000
, 5.0000000000
, 5.0000000000
, 5.0000000000
, 5.0000000000
, 5.0000000000
, 5.0000000000
, 5.0000000000
, 5.0000000000
, 5.0000000000
, 5.0000000000
, 5.0000000000
, 5.0000000000
, 5.0000000000
, 5.0000000000
, 5.0000000000
, 5.0000000000
, 5.0000000000
, 5.0000000000
, 5.0000000000
, 5.0000000000
, 5.0000000000
, 5.0000000000
, 5.0000000000
, 4.7947940826
, 3.9640030861
, 3.1336812973
, 2.3060674667
, 1.4848823547
, 0.6718983650
, -0.1299233437
, -0.9183683395
, -1.6865401268
, -2.4301958084
, -3.1406393051
, -3.8087511063
, -4.4274959564
, -4.9937295914
, -5.0000000000
, -5.0000000000
, -5.0000000000
, -5.0000000000
, -5.0000000000
, -5.0000000000
, -5.0000000000
, -5.0000000000
, -5.0000000000
, -5.0000000000
, -5.0000000000
, -5.0000000000
, -5.0000000000
, -5.0000000000
, -5.0000000000
, -4.5367298126
, -3.9933729172
, -3.4120445251
, -2.8008670807
, -2.1611452103
, -1.4982676506
, -0.8210349083
, -0.1381545067
, 0.5457458496
, 1.2232675552
, 1.8835458755
, 2.5219016075
, 3.1336426735
, 3.7096982002
, 4.2404866219
, 4.7166481018
, 5.0000000000
, 5.0000000000
, 5.0000000000
, 5.0000000000
, 5.0000000000
, 5.0000000000
, 5.0000000000
, 5.0000000000
, 5.0000000000
, 5.0000000000
, 5.0000000000
, 5.0000000000
, 4.8257246017
, 4.3918790817
, 3.9136762619
, 3.3963274956
, 2.8423976898
, 2.2561383247
, 1.6435532570
, 1.0092558861
, 0.3611240387
, -0.2937211990
, -0.9471073151
, -1.5937185287
, -2.2238345146
, -2.8289594650
, -3.4028549194
, -3.9398260117
, -4.4308862686
, -4.8674783707
, -5.0000000000
, -5.0000000000
, -5.0000000000
, -5.0000000000
, -5.0000000000
, -5.0000000000
, -5.0000000000
, -5.0000000000
, -5.0000000000
, -5.0000000000
, -5.0000000000
, -4.9511289597
, -4.5490007401
, -4.0968389511
, -3.6009664536
, -3.0656204224
, -2.4932985306
, -1.8908901215
, -1.2698836327
, -0.6348938942
, 0.0113010406
, 0.6587162018
, 1.2982277870
, 1.9251108170
, 2.5306062698
, 3.1069478989
, 3.6476469040
, 4.1445293427
, 4.5917787552
, 4.9832382202
, 5.0000000000
, 5.0000000000
, 5.0000000000
, 5.0000000000
, 5.0000000000
, 5.0000000000
, 5.0000000000
, 5.0000000000
, 5.0000000000
, 5.0000000000
, 4.8356738091
, 4.4367842674
, 3.9905748367
, 3.5015358925
, 2.9681324959
, 2.3851504326
, 1.7818193436
, 1.1695489883
, 0.5474123955
, -0.0817065239
, -0.7096338272
, -1.3299136162
, -1.9360871315
, -2.5222420692
, -3.0834245682
, -3.6143417358
, -4.1052703857
, -4.5482540131
, -4.9411611557
, -5.0000000000
, -5.0000000000
, -5.0000000000
, -5.0000000000
, -5.0000000000
, -5.0000000000
, -5.0000000000
, -5.0000000000
, -5.0000000000
, -5.0000000000
, -4.9126195908
, -4.5269393921
, -4.0938091278
, -3.6176691055
, -3.1006622314
, -2.5464520454
, -1.9646630287
, -1.3594050407
, -0.7387776375
, -0.1051983833
, 0.5323462486
, 1.1638784409
, 1.7826948166
, 2.3806958199
, 2.9515013695
, 3.4894623756
, 3.9866623878
, 4.4370031357
, 4.8322949409
, 5.0000000000
, 5.0000000000
, 5.0000000000
, 5.0000000000
, 5.0000000000
, 5.0000000000
, 5.0000000000
, 5.0000000000
, 5.0000000000
, 5.0000000000
, 4.8723707199
, 4.4871182442
, 4.0537862778
, 3.5756478310
, 3.0558886528
, 2.5007343292
, 1.9154019356
, 1.3064703941
, 0.6786088943
, 0.0401701927
, -0.5974087715
, -1.2310323715
, -1.8528585434
, -2.4547476768
, -3.0278005600
, -3.5623626709
, -4.0558032990
, -4.5012044907
, -4.8963060379
, -5.0000000000
, -5.0000000000
, -5.0000000000
, -5.0000000000
, -5.0000000000
, -5.0000000000
, -5.0000000000
, -5.0000000000
, -5.0000000000
, -5.0000000000
, -4.9731674194
, -4.5998525620
, -4.1702871323
, -3.6923017502
, -3.1706285477
, -2.6097822189
, -2.0201082230
, -1.4070997238
, -0.7805528641
, -0.1456933022
, 0.4944133759
, 1.1300125122
, 1.7515139580
, 2.3515648842
, 2.9249324799
, 3.4645557404
, 3.9617285728
, 4.4104099274
, 4.8093681335
, 5.0000000000
, 5.0000000000
, 5.0000000000
, 5.0000000000
, 5.0000000000
, 5.0000000000
, 5.0000000000
, 5.0000000000
, 5.0000000000
, 5.0000000000
, 4.8843226433
, 4.5091538429
, 4.0831403732
, 3.6000366211
, 3.0395708084
, 2.4512686729
, 1.8577566147
, 1.2575998306
, 0.6472392082
, 0.0282998085
, -0.5937166214
, -1.2117791176
, -1.8185577393
, -2.4070601463
, -2.9708561897
, -3.5008134842
, -3.9902772903
, -4.4352293015
, -4.8287401199
, -5.0000000000
, -5.0000000000
, -5.0000000000
, -5.0000000000
, -5.0000000000
, -5.0000000000
, -5.0000000000
, -5.0000000000
, -5.0000000000
, -5.0000000000
, -4.9053583145
, -4.5352821350
, -4.1139822006
, -3.6437244415
, -3.1311178207
, -2.5799989700
, -1.9993844032
, -1.3939361572
, -0.7651505470
, -0.1233687401
, 0.5224127769
, 1.1618700027
, 1.7870006561
, 2.3942284584
, 2.9746313095
, 3.5179409981
, 4.0209846497
, 4.4774680138
, 4.8797035217
, 5.0000000000
, 5.0000000000
, 5.0000000000
, 5.0000000000
, 5.0000000000
, 5.0000000000
, 5.0000000000
, 5.0000000000
, 5.0000000000
, 5.0000000000
, 4.8855485916
, 4.5014348030
, 4.0684161186
, 3.5901260376
, 3.0698447227
, 2.5143370628
, 1.9285140038
, 1.3189444542
, 0.6916980743
, 0.0577983856
, -0.5769338608
, -1.2091712952
, -1.8317027092
, -2.4359793663
, -3.0141706467
, -3.5559997559
, -4.0556802750
, -4.5109291077
, -4.9115896225
, -5.0000000000
, -5.0000000000
, -5.0000000000
, -5.0000000000
, -5.0000000000
, -5.0000000000
, -5.0000000000
, -5.0000000000
, -5.0000000000
, -5.0000000000
, -4.9797105789
, -4.6042470932
, -4.1775884628
, -3.7035083771
, -3.1868362427
, -2.6350150108
, -2.0536108017
, -1.4496631622
, -0.8273234367
, -0.1937770844
, 0.4419808388
, 1.0720810890
, 1.6922035217
, 2.2941069603
, 2.8707733154
, 3.4151501656
, 3.9184226990
, 4.3755698204
, 4.7826290131
, 5.0000000000
, 5.0000000000
, 5.0000000000
, 5.0000000000
, 5.0000000000
, 5.0000000000
, 5.0000000000
, 5.0000000000
, 5.0000000000
, 5.0000000000
, 4.9341874123
, 4.5628237724
, 4.1405925751
, 3.6707425117
, 3.1594176292
, 2.6090569496
, 2.0278029442
, 1.4192419052
, 0.7927908897
, 0.1552376747
, -0.4858489037
, -1.1221132278
, -1.7456874847
, -2.3496937752
, -2.9284029007
, -3.4756278992
, -3.9840774536
, -4.4512310028
, -4.8682765961
, -5.0000000000
, -5.0000000000
, -5.0000000000
, -5.0000000000
, -5.0000000000
, -5.0000000000
, -5.0000000000
, -5.0000000000
, -5.0000000000
, -5.0000000000
, -5.0000000000
, -4.7299661636
, -4.3098793030
, -3.8420906067
, -3.3331890106
, -2.7887105942
, -2.2127523422
, -1.6113996506
, -0.9895792007
, -0.3543205261
, 0.2869505882
, 0.9288053513
, 1.5609011650
, 2.1734433174
, 2.7597670555
, 3.3146595955
, 3.8328766823
, 4.3069939613
, 4.7316784859
, 5.0000000000
, 5.0000000000
, 5.0000000000
, 5.0000000000
, 5.0000000000
, 5.0000000000
, 5.0000000000
, 5.0000000000
, 5.0000000000
, 5.0000000000
, 5.0000000000
, 4.6881566048
, 4.2739949226
, 3.8135561943
, 3.3121891022
, 2.7734971046
, 2.2007331848
, 1.6016364098
, 0.9834251404
, 0.3517155647
, -0.2869505882
, -0.9241175652
, -1.5510520935
, -2.1609063148
, -2.7476878166
, -3.3065156937
, -3.8311729431
, -4.3100795746
, -4.7395935059
, -5.0000000000
, -5.0000000000
, -5.0000000000
, -5.0000000000
, -5.0000000000
, -5.0000000000
, -5.0000000000
, -5.0000000000
, -5.0000000000
, -5.0000000000
, -5.0000000000
, -4.8136825562
, -4.4092082977
, -3.9555215836
, -3.4595260620
, -2.9258780479
, -2.3580236435
, -1.7632298470
, -1.1499652863
, -0.5230321884
, 0.1113939285
, 0.7448601723
, 1.3697090149
, 1.9820551872
, 2.5725131035
, 3.1305413246
, 3.6519355774
, 4.1304230690
, 4.5612916946
, 4.9388995171
, 5.0000000000
, 5.0000000000
, 5.0000000000
, 5.0000000000
, 5.0000000000
, 5.0000000000
, 5.0000000000
, 5.0000000000
, 5.0000000000
, 5.0000000000
, 4.7366509438
, 4.3332395554
, 3.8832693100
, 3.3920001984
, 2.8620615005
, 2.2955346107
, 1.6991300583
, 1.0816068649
, 0.4487142563
, -0.1922335625
, -0.8326005936
, -1.4633274078
, -2.0765547752
, -2.6676836014
, -3.2296371460
, -3.7533359528
, -4.2335872650
, -4.6670694351
, -5.0000000000
