StateVariable_6=[7.0000000000
, 6.9995799065
, 6.9970102310
, 6.9908161163
, 6.9785819054
, 6.9573073387
, 6.9244155884
, 6.8789634705
, 6.8198399544
, 6.7457127571
, 6.6553449631
, 6.5482048988
, 6.4254536629
, 6.2872352600
, 6.1338605881
, 5.9676370621
, 5.7884407043
, 5.5971913338
, 5.3947744370
, 5.1824564934
, 4.9617166519
, 4.7334523201
, 4.4979319572
, 4.2556881905
, 4.0077300072
, 3.7534930706
, 3.4940483570
, 3.2313210964
, 2.9656834602
, 2.6959862709
, 2.4232206345
, 2.1490950584
, 1.8741989136
, 1.5982646942
, 1.3213343620
, 1.0445604324
, 0.7686891556
, 0.4949607849
, 0.2239661217
, -0.0433077812
, -0.3061227798
, -0.5621800423
, -0.8100652695
, -1.0468797684
, -1.2695837021
, -1.4758319855
, -1.6645765305
, -1.8326158524
, -1.9783678055
, -2.1006021500
, -2.1986627579
, -2.2707157135
, -2.3165597916
, -2.3365383148
, -2.3317832947
, -2.3020143509
, -2.2483778000
, -2.1723546982
, -2.0763769150
, -1.9617195129
, -1.8285474777
, -1.6783370972
, -1.5122432709
, -1.3311243057
, -1.1373481750
, -0.9336223602
, -0.7203817368
, -0.4994225502
, -0.2736783028
, -0.0460515022
, 0.1819152832
, 0.4077558517
, 0.6278486252
, 0.8406338692
, 1.0445475578
, 1.2365660667
, 1.4134955406
, 1.5722160339
, 1.7117910385
, 1.8306474686
, 1.9272551537
, 2.0009002686
, 2.0496277809
, 2.0735278130
, 2.0738964081
, 2.0506110191
, 2.0045905113
, 1.9367504120
, 1.8474607468
, 1.7373576164
, 1.6085748672
, 1.4639596939
, 1.3045587540
, 1.1321091652
, 0.9474658966
, 0.7520461082
, 0.5478510857
, 0.3364186287
, 0.1203746796
, -0.0979070663
, -0.3157024384
, -0.5312395096
, -0.7412781715
, -0.9429864883
, -1.1342849731
, -1.3132753372
, -1.4769620895
, -1.6224927902
, -1.7485065460
, -1.8543348312
, -1.9377384186
, -1.9979095459
, -2.0340499878
, -2.0457897186
, -2.0342016220
, -2.0000028610
, -1.9434480667
, -1.8650388718
, -1.7668666840
, -1.6503763199
, -1.5163335800
, -1.3656129837
, -1.2003221512
, -1.0218734741
, -0.8310995102
, -0.6302967072
, -0.4232945442
, -0.2116312981
, 0.0037670135
, 0.2195720673
, 0.4327425957
, 0.6417036057
, 0.8435354233
, 1.0356492996
, 1.2158823013
, 1.3815097809
, 1.5305929184
, 1.6610794067
, 1.7719459534
, 1.8618369102
, 1.9290413857
, 1.9713087082
, 1.9892506599
, 1.9820723534
, 1.9509673119
, 1.8978357315
, 1.8226790428
, 1.7269840240
, 1.6118912697
, 1.4789280891
, 1.3301916122
, 1.1671786308
, 0.9893774986
, 0.7950501442
, 0.5939397812
, 0.3898496628
, 0.1824707985
, -0.0272355080
, -0.2365446091
, -0.4433045387
, -0.6453623772
, -0.8407473564
, -1.0278081894
, -1.2047805786
, -1.3684234619
, -1.5160846710
, -1.6470537186
, -1.7588024139
, -1.8498964310
, -1.9188385010
, -1.9644479752
, -1.9869070053
, -1.9853191376
, -1.9590797424
, -1.9102735519
, -1.8394393921
, -1.7480773926
, -1.6375398636
, -1.5089797974
, -1.3646030426
, -1.2058897018
, -1.0335540771
, -0.8488173485
, -0.6548876762
, -0.4531350136
, -0.2462592125
, -0.0350661278
, 0.1774487495
, 0.3879594803
, 0.5942316055
, 0.7935652733
, 0.9838337898
, 1.1631541252
, 1.3288874626
, 1.4790010452
, 1.6107649803
, 1.7231731415
, 1.8155941963
, 1.8866472244
, 1.9344353676
, 1.9588036537
, 1.9595909119
, 1.9368433952
, 1.8918600082
, 1.8246250153
, 1.7346882820
, 1.6241235733
, 1.4957060814
, 1.3512620926
, 1.1918826103
, 1.0186295509
, 0.8335781097
, 0.6384673119
, 0.4354901314
, 0.2262029648
, 0.0133900642
, -0.1991362572
, -0.4103441238
, -0.6176195145
, -0.8182492256
, -1.0092668533
, -1.1874542236
, -1.3519344330
, -1.5004014969
, -1.6321020126
, -1.7447013855
, -1.8366775513
, -1.9070186615
, -1.9555778503
, -1.9805288315
, -1.9819068909
, -1.9598913193
, -1.9158229828
, -1.8498783112
, -1.7634706497
, -1.6577224731
, -1.5332841873
, -1.3900957108
, -1.2307672501
, -1.0568761826
, -0.8699274063
, -0.6733694077
, -0.4690332413
, -0.2601842880
, -0.0485644341
, 0.1648044586
, 0.3766708374
, 0.5838379860
, 0.7838549614
, 0.9749774933
, 1.1548519135
, 1.3205761909
, 1.4701366425
, 1.6031227112
, 1.7171363831
, 1.8098411560
, 1.8799138069
, 1.9275465012
, 1.9525580406
, 1.9544067383
, 1.9329724312
, 1.8891296387
, 1.8225078583
, 1.7346968651
, 1.6281075478
, 1.5030512810
, 1.3610467911
, 1.2000122070
, 1.0131902695
, 0.8170895576
, 0.6192522049
, 0.4191999435
, 0.2157464027
, 0.0094332695
, -0.1979055405
, -0.4039263725
, -0.6061859131
, -0.8023533821
, -0.9902853966
, -1.1669378281
, -1.3300924301
, -1.4784097672
, -1.6095800400
, -1.7211999893
, -1.8123569489
, -1.8821105957
, -1.9290065765
, -1.9533815384
, -1.9552803040
, -1.9342288971
, -1.8902978897
, -1.8250541687
, -1.7398023605
, -1.6351194382
, -1.5117607117
, -1.3713274002
, -1.2145748138
, -1.0437059402
, -0.8599996567
, -0.6664614677
, -0.4646453857
, -0.2550501823
, -0.0411229134
, 0.1741375923
, 0.3872900009
, 0.5956668854
, 0.7980761528
, 0.9915437698
, 1.1726469994
, 1.3403282166
, 1.4924893379
, 1.6265678406
, 1.7411842346
, 1.8346424103
, 1.9050121307
, 1.9509840012
, 1.9730329514
, 1.9718046188
, 1.9477176666
, 1.9005160332
, 1.8301606178
, 1.7386183739
, 1.6285161972
, 1.5004782677
, 1.3561387062
, 1.1967086792
, 1.0232815742
, 0.8381123543
, 0.6428380013
, 0.4396481514
, 0.2305660248
, 0.0192661285
, -0.1923112869
, -0.4030570984
, -0.6105675697
, -0.8119931221
, -1.0047235489
, -1.1853332520
, -1.3518934250
, -1.5036430359
, -1.6371965408
, -1.7514925003
, -1.8453054428
, -1.9168777466
, -1.9649047852
, -1.9896717072
, -1.9912462234
, -1.9693870544
, -1.9240484238
, -1.8563117981
, -1.7677583694
, -1.6599035263
, -1.5347490311
, -1.3925294876
, -1.2345027924
, -1.0622787476
, -0.8783383369
, -0.6845369339
, -0.4832210541
, -0.2757744789
, -0.0645923615
, 0.1473269463
, 0.3573603630
, 0.5640678406
, 0.7647023201
, 0.9569244385
, 1.1383833885
, 1.3061408997
, 1.4585232735
, 1.5942096710
, 1.7104740143
, 1.8069047928
, 1.8816299438
, 1.9335618019
, 1.9611682892
, 1.9656119347
, 1.9463353157
, 1.9030404091
, 1.8371710777
, 1.7503409386
, 1.6447291374
, 1.5209412575
, 1.3801975250
, 1.2235808372
, 1.0531392097
, 0.8696856499
, 0.6759343147
, 0.4730806351
, 0.2642636299
, 0.0517458916
, -0.1619496346
, -0.3740377426
, -0.5818958282
, -0.7832312584
, -0.9761343002
, -1.1585426331
, -1.3280258179
, -1.4837436676
, -1.6227588654
, -1.7419633865
, -1.8396844864
, -1.9146795273
, -1.9670886993
, -1.9967098236
, -2.0029344559
, -1.9854726791
, -1.9454298019
, -1.8839235306
, -1.8016319275
, -1.6989965439
, -1.5766553879
, -1.4366264343
, -1.2806968689
, -1.1110630035
, -0.9295701981
, -0.7375841141
, -0.5371332169
, -0.3298597336
, -0.1181068420
, 0.0956501961
, 0.3096017838
, 0.5203003883
, 0.7244811058
, 0.9199223518
, 1.1048865318
, 1.2776255608
, 1.4356646538
, 1.5772261620
, 1.7002148628
, 1.8025856018
, 1.8834099770
, 1.9416890144
, 1.9762878418
, 1.9861416817
, 1.9709162712
, 1.9319629669
, 1.8703808784
, 1.7872872353
, 1.6844539642
, 1.5627188683
, 1.4246649742
, 1.2711853981
, 1.1040630341
, 0.9244990349
, 0.7335777283
, 0.5338788033
, 0.3278083801
, 0.1172385216
, -0.0956501961
, -0.3080391884
, -0.5170173645
, -0.7203021049
, -0.9158959389
, -1.1021718979
, -1.2770576477
, -1.4366931915
, -1.5798645020
, -1.7048244476
, -1.8091735840
, -1.8909130096
, -1.9495916367
, -1.9844474792
, -1.9955024719
, -1.9840993881
, -1.9508647919
, -1.8959112167
, -1.8193130493
, -1.7215623856
, -1.6045608521
, -1.4697360992
, -1.3185071945
, -1.1531753540
, -0.9752926826
, -0.7860078812
, -0.5877432823
, -0.3833217621
, -0.1743440628
, 0.0371313095
, 0.2482867241
, 0.4565696716
, 0.6606850624
, 0.8575043678
, 1.0435137749
, 1.2173118591
, 1.3768076897
, 1.5204305649
, 1.6462998390
, 1.7531199455
, 1.8379530907
, 1.9001002312
, 1.9399619102
, 1.9559545517
, 1.9483432770
, 1.9179601669
, 1.8655409813
, 1.7912082672
, 1.6951045990
, 1.5788836479
, 1.4444131851
, 1.2944231033
, 1.1306667328
, 0.9540205002
, 0.7651782036
, 0.5663766861
, 0.3605356216
, 0.1495714188
, -0.0640778542
, -0.2775335312
, -0.4877758026
, -0.6921849251
, -0.8892278671
, -1.0765457153
, -1.2511119843
, -1.4111957550
, -1.5556898117
, -1.6824722290
