time=[0.0000000000
, 0.9983000159
, 1.9982999563
, 3.0074999332
, 3.9983000755
, 5.0000000000
, 5.9983000755
, 6.9983000755
, 7.9991002083
, 8.9990997314
, 9.9982995987
, 10.9982995987
, 11.9990997314
, 12.9982995987
, 13.9982995987
, 15.0000000000
, 15.9990997314
, 17.0000000000
, 18.0016002655
, 19.0109004974
, 20.0016002655
, 21.0032997131
, 22.0016002655
, 23.0000000000
, 23.9983005524
, 24.9983005524
, 25.9990997314
, 27.0000000000
, 27.9990997314
, 28.9990997314
, 29.9990997314
, 30.9990997314
, 31.9990997314
, 32.9990997314
, 33.9982986450
, 35.0099983215
, 36.0150985718
, 37.0167007446
, 38.0092010498
, 39.0000000000
, 40.0024986267
, 41.0000000000
, 42.0008010864
, 42.9990997314
, 43.9990997314
, 44.9990997314
, 46.0008010864
, 47.0000000000
, 47.9990997314
, 49.0008010864
, 49.9990997314
, 51.0183982849
, 52.0284996033
, 53.0251007080
, 54.0209007263
, 55.0167007446
, 56.0267982483
, 57.0260009766
, 58.0260009766
, 59.0260009766
, 60.0167007446
, 61.0242996216
, 62.0233993530
, 63.0183982849
, 64.0100021362
, 65.0008010864
, 65.9982986450
, 67.0074996948
, 68.1501007080
, 68.9990997314
, 69.9990997314
, 70.9982986450
, 71.9982986450
, 72.9982986450
, 73.9982986450
, 74.9982986450
, 75.9982986450
, 76.9982986450
, 77.9990997314
, 78.9990997314
, 79.9982986450
, 80.9982986450
, 81.9990997314
, 83.0193023682
, 84.1794967651
, 84.9990997314
, 85.9990997314
, 86.9982986450
, 88.0000000000
, 88.9990997314
, 89.9990997314
, 90.9982986450
, 91.9982986450
, 92.9982986450
, 94.0000000000
, 95.0000000000
, 95.9982986450
, 97.0057983398
, 97.9990997314
, 99.0133972168
, 100.1660995483
, 101.0000000000
, 102.0025024414
, 102.9982986450
, 104.0000000000
, 104.9990997314
, 105.9990997314
, 106.9990997314
, 107.9990997314
, 108.9990997314
, 109.9982986450
, 110.9982986450
, 111.9982986450
, 112.9982986450
, 114.0025024414
, 115.0167007446
, 116.1862030029
, 117.0008010864
, 118.0000000000
, 119.0000000000
, 120.0016021729
, 121.0233993530
, 122.0176010132
, 123.0176010132
, 124.0251007080
, 125.0260009766
, 126.0208969116
, 127.0225982666
, 128.0158996582
, 129.0243072510
, 130.0225982666
, 131.0184020996
, 132.0108947754
, 132.9990997314
, 133.9983062744
, 135.0000000000
, 135.9990997314
, 137.0007934570
, 138.0000000000
, 138.9990997314
, 139.9983062744
, 140.9983062744
, 141.9983062744
, 142.9983062744
, 143.9983062744
, 144.9983062744
, 145.9983062744
, 147.0124969482
, 148.1501007080
, 149.0007934570
, 149.9983062744
, 150.9983062744
, 151.9983062744
, 152.9983062744
, 154.0000000000
, 154.9983062744
, 155.9983062744
, 156.9983062744
, 157.9983062744
, 158.9983062744
, 159.9983062744
, 160.9983062744
, 161.9983062744
, 163.0092010498
, 163.9990997314
, 165.0000000000
, 165.9983062744
, 166.9990997314
, 167.9990997314
, 168.9990997314
, 169.9983062744
, 170.9990997314
, 171.9990997314
, 172.9983062744
, 173.9990997314
, 174.9990997314
, 175.9990997314
, 176.9990997314
, 177.9990997314
, 179.0108947754
, 180.0000000000
, 181.0000000000
, 181.9983062744
, 182.9983062744
, 183.9983062744
, 184.9983062744
, 185.9990997314
, 186.9983062744
, 187.9990997314
, 189.0000000000
, 189.9990997314
, 190.9983062744
, 191.9990997314
, 192.9990997314
, 193.9990997314
, 195.0193023682
, 196.0310058594
, 197.0260009766
, 198.0243072510
, 199.0166931152
, 200.0234069824
, 201.0193023682
, 202.0276031494
, 203.0267944336
, 204.0225982666
, 205.0251007080
, 206.0166931152
, 207.0184020996
, 208.0108947754
, 208.9990997314
, 209.9990997314
, 211.0108947754
, 211.9990997314
, 213.0000000000
, 213.9983062744
, 214.9983062744
, 215.9983062744
, 216.9983062744
, 217.9983062744
, 218.9990997314
, 219.9983062744
, 220.9983062744
, 221.9983062744
, 223.0184020996
, 224.0016021729
, 225.0007934570
, 225.9983062744
, 227.0124969482
, 227.9990997314
, 229.0007934570
, 229.9983062744
, 230.9983062744
, 231.9983062744
, 232.9983062744
, 234.0007934570
, 234.9983062744
, 235.9983062744
, 236.9983062744
, 238.0124969482
, 238.9990997314
, 239.9983062744
, 240.9983062744
, 241.9983062744
, 243.0099945068
, 243.9990997314
, 244.9990997314
, 245.9983062744
, 246.9983062744
, 247.9983062744
, 248.9990997314
, 249.9983062744
, 250.9983062744
, 251.9990997314
, 252.9983062744
, 253.9983062744
, 254.9990997314
, 255.9983062744
, 256.9982910156
, 257.9991149902
, 259.0176086426
, 260.0317993164
, 261.0267944336
, 262.0217895508
, 263.0166931152
, 264.0234069824
, 265.0192871094
, 266.0250854492
, 267.0275878906
, 268.0201110840
, 269.0234069824
, 270.0176086426
, 271.0201110840
, 272.0133972168
, 273.0025024414
, 273.9982910156
, 275.0075073242
, 275.9991149902
, 277.1525878906
, 278.0000000000
, 278.9991149902
, 279.9991149902
, 281.0000000000
, 281.9982910156
, 282.9982910156
, 284.0000000000
, 285.0075073242
, 285.9991149902
, 286.9982910156
, 288.0000000000
, 288.9991149902
, 290.0032958984
, 291.0141906738
, 292.1500854492
, 292.9982910156
, 293.9982910156
, 294.9982910156
, 295.9982910156
, 296.9991149902
, 298.0007934570
, 298.9991149902
, 299.9991149902
, 300.9982910156
, 301.9982910156
, 302.9982910156
, 304.0000000000
, 304.9982910156
, 305.9982910156
, 307.0116882324
, 308.1510009766
, 308.9991149902
, 309.9991149902
, 311.0032958984
, 311.9982910156
, 312.9982910156
, 313.9982910156
, 315.0042114258
, 316.0007934570
, 316.9991149902
, 317.9991149902
, 318.9991149902
, 319.9982910156
, 320.9991149902
, 321.9991149902
, 323.0158996582
, 324.0310058594
, 325.0267944336
, 326.0217895508
, 327.0184020996
, 328.0226135254
, 329.0151062012
, 330.0267944336
, 331.0260009766
, 332.0242919922
, 333.0234069824
, 334.0166931152
, 335.0192871094
, 336.0158996582
, 337.0000000000
, 338.0025024414
, 339.0151062012
, 340.1552124023
, 340.9991149902
, 342.0025024414
, 342.9982910156
, 343.9991149902
, 344.9991149902
, 346.0000000000
, 346.9991149902
, 348.0000000000
, 349.0000000000
, 350.0000000000
, 350.9991149902
, 351.9991149902
, 352.9991149902
, 354.0015869141
, 355.0141906738
, 356.1467895508
, 356.9991149902
, 358.0025024414
, 359.0007934570
, 360.0000000000
, 360.9991149902
, 361.9991149902
, 362.9991149902
, 363.9991149902
, 364.9991149902
, 365.9991149902
, 366.9982910156
, 367.9991149902
, 368.9991149902
, 369.9991149902
, 371.0116882324
, 372.1476135254
, 372.9991149902
, 373.9982910156
, 375.0000000000
, 375.9991149902
, 376.9982910156
, 378.0000000000
, 378.9991149902
, 379.9991149902
, 380.9982910156
, 381.9982910156
, 382.9991149902
, 384.0000000000
, 385.0000000000
, 385.9982910156
, 387.0108947754
, 388.0275878906
, 389.0260009766
, 390.0234069824
, 391.0201110840
, 392.0201110840
, 393.0158996582
, 394.0192871094
, 395.0158996582
, 396.0242919922
, 397.0250854492
, 398.0176086426
, 399.0166931152
, 400.0116882324
, 401.0000000000
, 401.9982910156
, 403.0116882324
, 404.0000000000
, 405.0007934570
, 405.9982910156
, 406.9982910156
, 407.9982910156
, 408.9991149902
, 409.9991149902
, 410.9982910156
, 411.9982910156
, 412.9982910156
, 413.9982910156
, 414.9982910156
, 415.9982910156
, 416.9982910156
, 417.9991149902
, 419.0217895508
, 420.0000000000
, 421.0000000000
, 421.9982910156
, 422.9982910156
, 423.9982910156
, 424.9982910156
, 425.9982910156
, 426.9982910156
, 427.9982910156
, 428.9991149902
, 429.9991149902
, 430.9982910156
, 431.9982910156
, 432.9982910156
, 433.9982910156
, 435.0393981934
, 435.9991149902
, 437.0007934570
, 437.9991149902
, 438.9982910156
, 439.9991149902
, 440.9982910156
, 441.9982910156
, 442.9982910156
, 443.9982910156
, 444.9982910156
, 445.9982910156
, 446.9982910156
, 447.9982910156
, 448.9982910156
, 449.9982910156
, 451.0426940918
, 452.0209045410
, 453.0260009766
, 454.0234069824
, 455.0217895508
, 456.0234069824
, 457.0158996582
, 458.0234069824
, 459.0158996582
, 460.0226135254
, 461.0151062012
, 462.0242919922
, 463.0242919922
, 464.0166931152
, 465.0083007813
, 465.9982910156
, 467.0520019531
, 468.0007934570
, 469.0007934570
, 469.9991149902
, 470.9982910156
, 472.0000000000
, 472.9991149902
, 473.9982910156
, 474.9991149902
