position=[0.0038079910
, 0.0038079910
, 0.0045695892
, 0.0053311875
, 0.0064735850
, 0.0076159821
, 0.0095199775
, 0.0114239734
, 0.0137087675
, 0.0159935635
, 0.0190399550
, 0.0220863484
, 0.0255135410
, 0.0289407317
, 0.0331295207
, 0.0373183116
, 0.0418879017
, 0.0468382910
, 0.0517886803
, 0.0575006641
, 0.0632126555
, 0.0693054348
, 0.0753982216
, 0.0818718076
, 0.0887261927
, 0.0959613770
, 0.1031965613
, 0.1104317382
, 0.1184285209
, 0.1260445118
, 0.1344220787
, 0.1424188614
, 0.1507964432
, 0.1591740251
, 0.1679324061
, 0.1766907871
, 0.1854491681
, 0.1945883483
, 0.2033467293
, 0.2121051103
, 0.2212442756
, 0.2300026566
, 0.2391418368
, 0.2482810169
, 0.2570393980
, 0.2661785781
, 0.2749369442
, 0.2840761244
, 0.2928345203
, 0.3015928864
, 0.3103512824
, 0.3194904625
, 0.3282488286
, 0.3366264105
, 0.3450039923
, 0.3533815742
, 0.3617591560
, 0.3697559237
, 0.3781335056
, 0.3861303031
, 0.3937462866
, 0.4017430544
, 0.4093590379
, 0.4169750214
, 0.4245910048
, 0.4322069883
, 0.4394421577
, 0.4470581412
, 0.4550549388
, 0.4611477256
, 0.4683828950
, 0.4752372801
, 0.4824724793
, 0.4893268645
, 0.4961812496
, 0.5030356050
, 0.5095092058
, 0.5163636208
, 0.5232179761
, 0.5296915770
, 0.5361651182
, 0.5430195332
, 0.5494931340
, 0.5559666753
, 0.5635826588
, 0.5689138770
, 0.5753874779
, 0.5818610191
, 0.5883346200
, 0.5948082209
, 0.6012818217
, 0.6077553630
, 0.6142289639
, 0.6207025647
, 0.6271761060
, 0.6336497068
, 0.6405041218
, 0.6469776630
, 0.6534512639
, 0.6603056788
, 0.6679216623
, 0.6732528210
, 0.6801072359
, 0.6865807772
, 0.6934351921
, 0.7002895474
, 0.7067631483
, 0.7136175036
, 0.7204719186
, 0.7273262739
, 0.7341806889
, 0.7410350442
, 0.7478894591
, 0.7547438145
, 0.7615982294
, 0.7688333988
, 0.7772110105
, 0.7825421691
, 0.7897773385
, 0.7966317534
, 0.8038669229
, 0.8111020923
, 0.8179565072
, 0.8251916766
, 0.8324268460
, 0.8392812610
, 0.8465164304
, 0.8537515998
, 0.8606060147
, 0.8678411841
, 0.8750763535
, 0.8819307089
, 0.8891659379
, 0.8960202932
, 0.9032554626
, 0.9104906917
, 0.9177258611
, 0.9249610305
, 0.9318154454
, 0.9390506148
, 0.9462857842
, 0.9531401992
, 0.9603753686
, 0.9676105380
, 0.9748457074
, 0.9817001224
, 0.9889352918
, 0.9961704612
, 1.0041671991
, 1.0102599859
, 1.0174952745
, 1.0243495703
, 1.0315847397
, 1.0384391546
, 1.0456743240
, 1.0525287390
, 1.0597639084
, 1.0666183233
, 1.0738534927
, 1.0807079077
, 1.0879430771
, 1.0947974920
, 1.1020326614
, 1.1088869572
, 1.1157413721
, 1.1229765415
, 1.1298309565
, 1.1370661259
, 1.1439205408
, 1.1507749557
, 1.1580101252
, 1.1648644209
, 1.1717188358
, 1.1785732508
, 1.1858084202
, 1.1926628351
, 1.1995172501
, 1.2067524195
, 1.2136067152
, 1.2208420038
, 1.2276962996
, 1.2345507145
, 1.2414051294
, 1.2482594252
, 1.2554947138
, 1.2623490095
, 1.2692034245
, 1.2764385939
, 1.2832930088
, 1.2901474237
, 1.2973825932
, 1.3042370081
, 1.3110913038
, 1.3183264732
, 1.3251808882
, 1.3324160576
, 1.3392704725
, 1.3461248875
, 1.3533600569
, 1.3602144718
, 1.3670687675
, 1.3743039370
, 1.3811583519
, 1.3883935213
, 1.3952479362
, 1.4021023512
, 1.4089566469
, 1.4161919355
, 1.4230462313
, 1.4299006462
, 1.4367550611
, 1.4439902306
, 1.4508446455
, 1.4576989412
, 1.4649342299
, 1.4717885256
, 1.4790236950
, 1.4858781099
, 1.4927325249
, 1.4999676943
, 1.5068221092
, 1.5140572786
, 1.5209116936
, 1.5281468630
, 1.5350011587
, 1.5418555737
, 1.5487099886
, 1.5559451580
, 1.5627995729
, 1.5700347424
, 1.5768891573
, 1.5837434530
, 1.5909786224
, 1.5978330374
, 1.6050682068
, 1.6119226217
, 1.6187770367
, 1.6260122061
, 1.6332473755
, 1.6401017904
, 1.6469562054
, 1.6538105011
, 1.6610456705
, 1.6682808399
, 1.6751352549
, 1.6819896698
, 1.6888440847
, 1.6960792542
, 1.7029336691
, 1.7101688385
, 1.7170231342
, 1.7238775492
, 1.7311127186
, 1.7379671335
, 1.7452023029
, 1.7520567179
, 1.7589111328
, 1.7661463022
, 1.7730005980
, 1.7802358866
, 1.7874710560
, 1.7943253517
, 1.8011797667
, 1.8084149361
, 1.8152693510
, 1.8221237659
, 1.8293589354
, 1.8362133503
, 1.8434485197
, 1.8503028154
, 1.8571572304
, 1.8643923998
, 1.8712468147
, 1.8781012297
, 1.8849556446
, 1.8921908140
, 1.8990451097
, 1.9070419073
, 1.9131346941
, 1.9199891090
, 1.9272242785
, 1.9340786934
, 1.9409331083
, 1.9481682777
, 1.9550225735
, 1.9622578621
, 1.9691121578
, 1.9759665728
, 1.9832017422
, 1.9900561571
, 1.9972913265
, 2.0041456223
, 2.0121424198
, 2.0178544521
, 2.0250897408
, 2.0319440365
, 2.0391793251
, 2.0460336208
, 2.0528879166
, 2.0601232052
, 2.0669775009
, 2.0742127895
, 2.0810670853
, 2.0879216194
, 2.0951566696
, 2.1020112038
, 2.1088654995
, 2.1161005497
, 2.1240973473
, 2.1301901340
, 2.1370446682
, 2.1442797184
, 2.1511342525
, 2.1579885483
, 2.1652238369
, 2.1720781326
, 2.1789324284
, 2.1861677170
, 2.1930220127
, 2.2002573013
, 2.2071115971
, 2.2139661312
, 2.2212011814
, 2.2280554771
, 2.2352907658
, 2.2421450615
, 2.2493803501
, 2.2562346458
, 2.2630891800
, 2.2703242302
, 2.2771787643
, 2.2844138145
, 2.2912683487
, 2.2981226444
, 2.3053576946
, 2.3122122288
, 2.3190665245
, 2.3259210587
, 2.3331561089
, 2.3400106430
, 2.3480072021
, 2.3540999889
, 2.3609545231
, 2.3678088188
, 2.3750441074
, 2.3818984032
, 2.3887526989
, 2.3959879875
, 2.4028422832
, 2.4096968174
, 2.4169318676
, 2.4237864017
, 2.4310214520
, 2.4378759861
, 2.4447302818
, 2.4519655704
, 2.4599621296
, 2.4656741619
, 2.4729094505
, 2.4797637463
, 2.4869990349
, 2.4938533306
, 2.5007078648
, 2.5079429150
, 2.5147972107
, 2.5220324993
, 2.5288867950
, 2.5357413292
, 2.5429763794
, 2.5498309135
, 2.5566852093
, 2.5639204979
, 2.5719172955
, 2.5780100822
, 2.5848643780
, 2.5917186737
, 2.5989539623
, 2.6058082581
, 2.6130435467
, 2.6198978424
, 2.6267523766
, 2.6339874268
, 2.6408417225
, 2.6480770111
, 2.6549313068
, 2.6617858410
, 2.6690208912
, 2.6758754253
, 2.6831104755
, 2.6903457642
, 2.6972000599
, 2.7040545940
, 2.7112896442
, 2.7181439400
, 2.7249984741
, 2.7322335243
, 2.7390880585
, 2.7463231087
, 2.7531776428
, 2.7600319386
, 2.7672672272
, 2.7741215229
, 2.7809758186
, 2.7882111073
, 2.7950654030
, 2.8019199371
, 2.8087742329
, 2.8160095215
, 2.8228638172
, 2.8300988674
, 2.8369534016
, 2.8438076973
, 2.8510429859
, 2.8578972816
, 2.8647518158
, 2.8719868660
, 2.8788411617
, 2.8860764503
, 2.8929307461
, 2.9001660347
, 2.9070203304
, 2.9138748646
, 2.9207291603
, 2.9279644489
, 2.9348187447
, 2.9416730404
, 2.9489083290
, 2.9557626247
, 2.9626171589
, 2.9698522091
, 2.9767067432
, 2.9839417934
, 2.9907960892
, 2.9976506233
, 3.0048856735
, 3.0121209621
, 3.0185945034
, 3.0258297920
, 3.0326840878
, 3.0399193764
, 3.0467736721
, 3.0536279678
, 3.0608632565
, 3.0677175522
, 3.0745720863
, 3.0818071365
, 3.0886616707
, 3.0958967209
, 3.1027512550
, 3.1096055508
, 3.1168406010
, 3.1240758896
, 3.1309301853
, 3.1381654739
, 3.1450197697
, 3.1518743038
, 3.1591093540
, 3.1659638882
, 3.1728181839
, 3.1800534725
, 3.1869077682
, 3.1937620640
, 3.2009973526
, 3.2078516483
, 3.2150869370
, 3.2219412327
, 3.2287957668
, 3.2360308170
, 3.2428851128
, 3.2497396469
, 3.2565939426
, 3.2638292313
, 3.2706835270
, 3.2779188156
, 3.2847731113
, 3.2916274071
, 3.2988626957
, 3.3057169914
, 3.3125715256
, 3.3198065758
, 3.3266611099
, 3.3338961601
, 3.3407506943
, 3.3483664989
, 3.3548400402
, 3.3616945744
, 3.3685488701
, 3.3757841587
, 3.3826384544
, 3.3898737431
, 3.3967280388
, 3.4035823345
, 3.4108176231
, 3.4176719189
, 3.4245264530
, 3.4317615032
, 3.4386160374
, 3.4458510876
, 3.4527056217
, 3.4603214264
, 3.4667952061
, 3.4736495018
, 3.4805037975
, 3.4877390862
, 3.4945933819
, 3.5018286705
, 3.5086829662
, 3.5155372620
, 3.5227725506
, 3.5296268463
, 3.5364813805
, 3.5437164307
, 3.5505709648
, 3.5574252605
, 3.5646605492
, 3.5726573467
, 3.5787501335
, 3.5859851837
, 3.5928394794
, 3.6000747681
, 3.6069290638
, 3.6137835979
, 3.6206378937
, 3.6278731823
, 3.6351082325
, 3.6419627666
, 3.6488170624
, 3.6556713581
, 3.6629066467
, 3.6697609425
, 3.6766154766
, 3.6849930286
