velocity=[0.0000000000
, 0.0000000000
, 0.0008377580
, 0.0059553026
, 0.0178782865
, 0.0389169976
, 0.0705454201
, 0.1155409887
, 0.1750376076
, 0.2495725304
, 0.3388539255
, 0.4439884126
, 0.5646195412
, 0.7000175118
, 0.8488646746
, 1.0114395618
, 1.1867657900
, 1.3741415739
, 1.5728408098
, 1.7813825607
, 1.9998611212
, 2.2275342941
, 2.4632291794
, 2.7049677372
, 2.9516727924
, 3.2031133175
, 3.4590508938
, 3.7177219391
, 3.9772272110
, 4.2376027107
, 4.4971570969
, 4.7558174133
, 5.0115942955
, 5.2633433342
, 5.5100278854
, 5.7514920235
, 5.9866118431
, 6.2145118713
, 6.4353518486
, 6.6476635933
, 6.8502349854
, 7.0427961349
, 7.2241811752
, 7.3948040009
, 7.5547542572
, 7.7028956413
, 7.8395180702
, 7.9641284943
, 8.0776348114
, 8.1795978546
, 8.2697973251
, 8.3489093781
, 8.4182701111
, 8.4777231216
, 8.5263872147
, 8.5642309189
, 8.5918254852
, 8.6094093323
, 8.6170177460
, 8.6163396835
, 8.6074590683
, 8.5898990631
, 8.5646581650
, 8.5320768356
, 8.4930686951
, 8.4490623474
, 8.4011077881
, 8.3489894867
, 8.2934827805
, 8.2338676453
, 8.1707878113
, 8.1052436829
, 8.0373363495
, 7.9685149193
, 7.8988385201
, 7.8285140991
, 7.7577118874
, 7.6858725548
, 7.6144208908
, 7.5444092751
, 7.4751968384
, 7.4068989754
, 7.3409991264
, 7.2771153450
, 7.2146711349
, 7.1543111801
, 7.0964746475
, 7.0413589478
, 6.9891419411
, 6.9399390221
, 6.8938927650
, 6.8510780334
, 6.8115215302
, 6.7751736641
, 6.7419295311
, 6.7116284370
, 6.6845741272
, 6.6619181633
, 6.6426959038
, 6.6264662743
, 6.6137027740
, 6.6037969589
, 6.5957288742
, 6.5900697708
, 6.5863461494
, 6.5852708817
, 6.5869407654
, 6.5900354385
, 6.5949034691
, 6.6018671989
, 6.6108865738
, 6.6217241287
, 6.6340093613
, 6.6473364830
, 6.6612811089
, 6.6756973267
, 6.6916284561
, 6.7091135979
, 6.7262330055
, 6.7437324524
, 6.7613072395
, 6.7796907425
, 6.7986297607
, 6.8173308372
, 6.8364276886
, 6.8558173180
, 6.8743834496
, 6.8928532600
, 6.9113197327
, 6.9286880493
, 6.9452676773
, 6.9613161087
, 6.9759650230
, 6.9897212982
, 7.0021033287
, 7.0138087273
, 7.0254087448
, 7.0371971130
, 7.0487885475
, 7.0588622093
, 7.0680027008
, 7.0764436722
, 7.0831847191
, 7.0889997482
, 7.0946726799
, 7.1001930237
, 7.1044211388
, 7.1079268456
, 7.1108555794
, 7.1129612923
, 7.1147165298
, 7.1164383888
, 7.1171803474
, 7.1172895432
, 7.1161966324
, 7.1144776344
, 7.1117858887
, 7.1088042259
, 7.1051406860
, 7.1014618874
, 7.0973553658
, 7.0934576988
, 7.0893225670
, 7.0854692459
, 7.0808219910
, 7.0754265785
, 7.0703506470
, 7.0653724670
, 7.0611438751
, 7.0567717552
, 7.0519204140
, 7.0476016998
, 7.0430955887
, 7.0377559662
, 7.0317645073
, 7.0263938904
, 7.0211153030
, 7.0157709122
, 7.0114269257
, 7.0077133179
, 7.0050320625
, 7.0028014183
, 7.0002031326
, 6.9968070984
, 6.9928483963
, 6.9896335602
, 6.9866085052
, 6.9835658073
, 6.9815549850
, 6.9798173904
, 6.9780311584
, 6.9771976471
, 6.9765634537
, 6.9757676125
, 6.9757590294
, 6.9760355949
, 6.9765901566
, 6.9764366150
, 6.9756870270
, 6.9756231308
, 6.9757046700
, 6.9754476547
, 6.9758605957
, 6.9764189720
, 6.9778246880
, 6.9792556763
, 6.9798521996
, 6.9798169136
, 6.9802808762
, 6.9808316231
, 6.9810018539
, 6.9805884361
, 6.9804234505
, 6.9802260399
, 6.9797539711
, 6.9800038338
, 6.9806232452
, 6.9821743965
, 6.9836554527
, 6.9846134186
, 6.9859423637
, 6.9873270988
, 6.9893693924
, 6.9913678169
, 6.9934425354
, 6.9952254295
, 6.9959931374
, 6.9956750870
, 6.9951906204
, 6.9948291779
, 6.9953107834
, 6.9957475662
, 6.9957127571
, 6.9961147308
, 6.9965910912
, 6.9977006912
, 6.9985766411
, 6.9988236427
, 6.9996852875
, 7.0014872551
, 7.0033850670
, 7.0043826103
, 7.0043301582
, 7.0046739578
, 7.0059046745
, 7.0071630478
, 7.0074863434
, 7.0067982674
, 7.0062460899
, 7.0056385994
, 7.0056700706
, 7.0054793358
, 7.0047011375
, 7.0042901039
, 7.0039739609
, 7.0043787956
, 7.0045499802
, 7.0041208267
, 7.0040402412
, 7.0038328171
, 7.0039920807
, 7.0048174858
, 7.0054488182
, 7.0056467056
, 7.0063500404
, 7.0065574646
, 7.0060181618
, 7.0055837631
, 7.0050344467
, 7.0052871704
, 7.0053715706
, 7.0049991608
, 7.0050568581
, 7.0050172806
, 7.0044059753
, 7.0031661987
, 7.0021586418
, 7.0010647774
, 6.9998784065
, 6.9993004799
, 6.9989643097
, 6.9994611740
, 6.9998111725
, 6.9996461868
, 6.9998784065
, 7.0000686646
, 7.0007233620
, 7.0012145042
, 7.0011749268
, 7.0014696121
, 7.0017604828
, 7.0024828911
, 7.0026936531
, 7.0022773743
, 7.0007610321
, 6.9993362427
, 6.9979548454
, 6.9973902702
, 6.9967498779
, 6.9956569672
, 6.9951434135
, 6.9949035645
, 6.9955563545
, 6.9961209297
, 6.9961500168
, 6.9965357780
, 6.9965891838
, 6.9959321022
, 6.9954285622
, 6.9954733849
, 6.9964389801
, 6.9976382256
, 6.9994597435
, 7.0010294914
, 7.0018992424
, 7.0029211044
, 7.0032305717
, 7.0027298927
, 7.0025472641
, 7.0024161339
, 7.0029835701
, 7.0033311844
, 7.0030422211
, 7.0029487610
, 7.0022444725
, 7.0014247894
, 7.0005383492
, 7.0005521774
, 7.0005950928
, 7.0001626015
, 7.0002822876
, 7.0002918243
, 7.0008759499
, 7.0012259483
, 7.0010495186
, 7.0014419556
, 7.0015463829
, 7.0008087158
, 6.9996657372
, 6.9989929199
, 6.9979071617
, 6.9968085289
, 6.9965286255
, 6.9961161613
, 6.9953331947
, 6.9951095581
, 6.9946765900
, 6.9937324524
, 6.9933085442
, 6.9926743507
, 6.9915709496
, 6.9910297394
, 6.9907879829
, 6.9914579391
, 6.9920501709
, 6.9919805527
, 6.9921188354
, 6.9924407005
, 6.9919610023
, 6.9915866852
, 6.9912519455
, 6.9917268753
, 6.9921307564
, 6.9920649529
, 6.9924607277
, 6.9929862022
, 6.9942460060
, 6.9952874184
, 6.9957156181
, 6.9964432716
, 6.9967355728
, 6.9962368011
, 6.9958786964
, 6.9961051941
, 6.9971604347
, 6.9979867935
, 6.9981441498
, 6.9986214638
, 6.9991216660
, 7.0002255440
, 7.0010247231
, 7.0011453629
, 7.0015673637
, 7.0019726753
, 7.0029582977
, 7.0035777092
, 7.0034818649
, 7.0036039352
, 7.0032162666
, 7.0031123161
, 7.0041041374
, 7.0051398277
, 7.0057382584
, 7.0067272186
, 7.0073432922
, 7.0071678162
, 7.0072145462
, 7.0069866180
, 7.0072398186
, 7.0073499680
, 7.0069880486
, 7.0072650909
, 7.0076417923
, 7.0075554848
, 7.0075588226
, 7.0072546005
, 7.0059623718
, 7.0038213730
, 7.0020589828
, 7.0005035400
, 6.9998364449
, 6.9991641045
, 6.9981274605
, 6.9976634979
, 6.9970149994
, 6.9958920479
, 6.9952969551
, 6.9949364662
, 6.9954276085
, 6.9960374832
, 6.9968676567
, 6.9976949692
, 6.9977355003
, 6.9969534874
, 6.9964828491
, 6.9956917763
, 6.9943709373
, 6.9935746193
, 6.9926204681
, 6.9912519455
, 6.9904699326
, 6.9900021553
, 6.9904975891
, 6.9909868240
, 6.9910364151
, 6.9916653633
, 6.9923181534
, 6.9921507835
, 6.9921360016
, 6.9921617508
, 6.9929490089
, 6.9935631752
, 6.9936370850
, 6.9941182137
, 6.9942631721
, 6.9937977791
, 6.9937415123
, 6.9938182831
, 6.9946646690
, 6.9953398705
, 6.9954419136
, 6.9959945679
, 6.9966807365
, 6.9975876808
, 6.9992160797
, 7.0006051064
, 7.0013380051
, 7.0023250580
, 7.0029430389
, 7.0027365685
, 7.0028743744
, 7.0025372505
, 7.0016040802
, 7.0008597374
, 7.0001511574
, 7.0004768372
, 7.0011415482
, 7.0014019012
, 7.0010547638
, 7.0010309219
, 7.0006318092
, 6.9996623993
, 6.9991540909
, 6.9987788200
, 6.9992060661
, 6.9995098114
, 6.9992628098
, 6.9994201660
, 6.9992179871
, 6.9983754158
, 6.9978947639
, 6.9975762367
, 6.9980831146
, 6.9987201691
, 6.9996633530
, 7.0004868507
, 7.0003566742
, 6.9993352890
, 6.9985790253
, 6.9978966713
, 6.9979743958
, 6.9979467392
, 6.9974489212
, 6.9973998070
, 6.9970583916
, 6.9961562157
, 6.9957141876
, 6.9954147339
, 6.9958043098
, 6.9961018562
, 6.9959330559
, 6.9964828491
, 6.9968886375
, 6.9967703819
, 6.9970660210
, 6.9974398613
, 6.9984874725
, 6.9992890358
, 6.9994473457
, 6.9999027252
, 6.9999117851
, 6.9992537498
, 6.9989809990
, 6.9983792305
, 6.9972071648
, 6.9967579842
, 6.9971165657
, 6.9975543022
, 6.9985013008
, 6.9995260239
, 7.0010375977
, 7.0022063255
, 7.0024423599
, 7.0016555786
, 7.0010905266
, 7.0004696846
, 7.0005946159
, 7.0004177094
, 6.9997205734
, 6.9997553825
, 6.9997215271
, 6.9990563393
