torque=[5.0000000000
, 5.0000000000
, 5.0000000000
, 5.0000000000
, 5.0000000000
, 5.0000000000
, 5.0000000000
, 5.0000000000
, 5.0000000000
, 5.0000000000
, 5.0000000000
, 5.0000000000
, 5.0000000000
, 5.0000000000
, 5.0000000000
, 5.0000000000
, 5.0000000000
, 5.0000000000
, 5.0000000000
, 5.0000000000
, 5.0000000000
, 4.7724657059
, 4.5367708206
, 4.2950325012
, 4.0483274460
, 3.7968866825
, 3.5409491062
, 3.2822780609
, 3.0227727890
, 2.7623972893
, 2.5028429031
, 2.2441825867
, 1.9884057045
, 1.7366566658
, 1.4899721146
, 1.2485079765
, 1.0133881569
, 0.7854881287
, 0.5646481514
, 0.3523364067
, 0.1497650146
, -0.0427961349
, -0.2241811752
, -0.3948040009
, -0.5547542572
, -0.7028956413
, -0.8395180702
, -0.9641284943
, -1.0776348114
, -1.1795978546
, -1.2697973251
, -1.3489093781
, -1.4182701111
, -1.4777231216
, -1.5263872147
, -1.5642309189
, -1.5918254852
, -1.6094093323
, -1.6170177460
, -1.6163396835
, -1.6074590683
, -1.5898990631
, -1.5646581650
, -1.5320768356
, -1.4930686951
, -1.4490623474
, -1.4011077881
, -1.3489894867
, -1.2934827805
, -1.2338676453
, -1.1707878113
, -1.1052436829
, -1.0373363495
, -0.9685149193
, -0.8988385201
, -0.8285140991
, -0.7577118874
, -0.6858725548
, -0.6144208908
, -0.5444092751
, -0.4751968384
, -0.4068989754
, -0.3409991264
, -0.2771153450
, -0.2146711349
, -0.1543111801
, -0.0964746475
, -0.0413589478
, 0.0108580589
, 0.0600609779
, 0.1061072350
, 0.1489219666
, 0.1884784698
, 0.2248263359
, 0.2580704689
, 0.2883715630
, 0.3154258728
, 0.3380818367
, 0.3573040962
, 0.3735337257
, 0.3862972260
, 0.3962030411
, 0.4042711258
, 0.4099302292
, 0.4136538506
, 0.4147291183
, 0.4130592346
, 0.4099645615
, 0.4050965309
, 0.3981328011
, 0.3891134262
, 0.3782758713
, 0.3659906387
, 0.3526635170
, 0.3387188911
, 0.3243026733
, 0.3083715439
, 0.2908864021
, 0.2737669945
, 0.2562675476
, 0.2386927605
, 0.2203092575
, 0.2013702393
, 0.1826691628
, 0.1635723114
, 0.1441826820
, 0.1256165504
, 0.1071467400
, 0.0886802673
, 0.0713119507
, 0.0547323227
, 0.0386838913
, 0.0240349770
, 0.0102787018
, -0.0021033287
, -0.0138087273
, -0.0254087448
, -0.0371971130
, -0.0487885475
, -0.0588622093
, -0.0680027008
, -0.0764436722
, -0.0831847191
, -0.0889997482
, -0.0946726799
, -0.1001930237
, -0.1044211388
, -0.1079268456
, -0.1108555794
, -0.1129612923
, -0.1147165298
, -0.1164383888
, -0.1171803474
, -0.1172895432
, -0.1161966324
, -0.1144776344
, -0.1117858887
, -0.1088042259
, -0.1051406860
, -0.1014618874
, -0.0973553658
, -0.0934576988
, -0.0893225670
, -0.0854692459
, -0.0808219910
, -0.0754265785
, -0.0703506470
, -0.0653724670
, -0.0611438751
, -0.0567717552
, -0.0519204140
, -0.0476016998
, -0.0430955887
, -0.0377559662
, -0.0317645073
, -0.0263938904
, -0.0211153030
, -0.0157709122
, -0.0114269257
, -0.0077133179
, -0.0050320625
, -0.0028014183
, -0.0002031326
, 0.0031929016
, 0.0071516037
, 0.0103664398
, 0.0133914948
, 0.0164341927
, 0.0184450150
, 0.0201826096
, 0.0219688416
, 0.0228023529
, 0.0234365463
, 0.0242323875
, 0.0242409706
, 0.0239644051
, 0.0234098434
, 0.0235633850
, 0.0243129730
, 0.0243768692
, 0.0242953300
, 0.0245523453
, 0.0241394043
, 0.0235810280
, 0.0221753120
, 0.0207443237
, 0.0201478004
, 0.0201830864
, 0.0197191238
, 0.0191683769
, 0.0189981461
, 0.0194115639
, 0.0195765495
, 0.0197739601
, 0.0202460289
, 0.0199961662
, 0.0193767548
, 0.0178256035
, 0.0163445473
, 0.0153865814
, 0.0140576363
, 0.0126729012
, 0.0106306076
, 0.0086321831
, 0.0065574646
, 0.0047745705
, 0.0040068626
, 0.0043249130
, 0.0048093796
, 0.0051708221
, 0.0046892166
, 0.0042524338
, 0.0042872429
, 0.0038852692
, 0.0034089088
, 0.0022993088
, 0.0014233589
, 0.0011763573
, 0.0003147125
, -0.0014872551
, -0.0033850670
, -0.0043826103
, -0.0043301582
, -0.0046739578
, -0.0059046745
, -0.0071630478
, -0.0074863434
, -0.0067982674
, -0.0062460899
, -0.0056385994
, -0.0056700706
, -0.0054793358
, -0.0047011375
, -0.0042901039
, -0.0039739609
, -0.0043787956
, -0.0045499802
, -0.0041208267
, -0.0040402412
, -0.0038328171
, -0.0039920807
, -0.0048174858
, -0.0054488182
, -0.0056467056
, -0.0063500404
, -0.0065574646
, -0.0060181618
, -0.0055837631
, -0.0050344467
, -0.0052871704
, -0.0053715706
, -0.0049991608
, -0.0050568581
, -0.0050172806
, -0.0044059753
, -0.0031661987
, -0.0021586418
, -0.0010647774
, 0.0001215935
, 0.0006995201
, 0.0010356903
, 0.0005388260
, 0.0001888275
, 0.0003538132
, 0.0001215935
, -0.0000686646
, -0.0007233620
, -0.0012145042
, -0.0011749268
, -0.0014696121
, -0.0017604828
, -0.0024828911
, -0.0026936531
, -0.0022773743
, -0.0007610321
, 0.0006637573
, 0.0020451546
, 0.0026097298
, 0.0032501221
, 0.0043430328
, 0.0048565865
, 0.0050964355
, 0.0044436455
, 0.0038790703
, 0.0038499832
, 0.0034642220
, 0.0034108162
, 0.0040678978
, 0.0045714378
, 0.0045266151
, 0.0035610199
, 0.0023617744
, 0.0005402565
, -0.0010294914
, -0.0018992424
, -0.0029211044
, -0.0032305717
, -0.0027298927
, -0.0025472641
, -0.0024161339
, -0.0029835701
, -0.0033311844
, -0.0030422211
, -0.0029487610
, -0.0022444725
, -0.0014247894
, -0.0005383492
, -0.0005521774
, -0.0005950928
, -0.0001626015
, -0.0002822876
, -0.0002918243
, -0.0008759499
, -0.0012259483
, -0.0010495186
, -0.0014419556
, -0.0015463829
, -0.0008087158
, 0.0003342628
, 0.0010070801
, 0.0020928383
, 0.0031914711
, 0.0034713745
, 0.0038838387
, 0.0046668053
, 0.0048904419
, 0.0053234100
, 0.0062675476
, 0.0066914558
, 0.0073256493
, 0.0084290504
, 0.0089702606
, 0.0092120171
, 0.0085420609
, 0.0079498291
, 0.0080194473
, 0.0078811646
, 0.0075592995
, 0.0080389977
, 0.0084133148
, 0.0087480545
, 0.0082731247
, 0.0078692436
, 0.0079350471
, 0.0075392723
, 0.0070137978
, 0.0057539940
, 0.0047125816
, 0.0042843819
, 0.0035567284
, 0.0032644272
, 0.0037631989
, 0.0041213036
, 0.0038948059
, 0.0028395653
, 0.0020132065
, 0.0018558502
, 0.0013785362
, 0.0008783340
, -0.0002255440
, -0.0010247231
, -0.0011453629
, -0.0015673637
, -0.0019726753
, -0.0029582977
, -0.0035777092
, -0.0034818649
, -0.0036039352
, -0.0032162666
, -0.0031123161
, -0.0041041374
, -0.0051398277
, -0.0057382584
, -0.0067272186
, -0.0073432922
, -0.0071678162
, -0.0072145462
, -0.0069866180
, -0.0072398186
, -0.0073499680
, -0.0069880486
, -0.0072650909
, -0.0076417923
, -0.0075554848
, -0.0075588226
, -0.0072546005
, -0.0059623718
, -0.0038213730
, -0.0020589828
, -0.0005035400
, 0.0001635551
, 0.0008358955
, 0.0018725395
, 0.0023365021
, 0.0029850006
, 0.0041079521
, 0.0047030449
, 0.0050635338
, 0.0045723915
, 0.0039625168
, 0.0031323433
, 0.0023050308
, 0.0022644997
, 0.0030465126
, 0.0035171509
, 0.0043082237
, 0.0056290627
, 0.0064253807
, 0.0073795319
, 0.0087480545
, 0.0095300674
, 0.0099978447
, 0.0095024109
, 0.0090131760
, 0.0089635849
, 0.0083346367
, 0.0076818466
, 0.0078492165
, 0.0078639984
, 0.0078382492
, 0.0070509911
, 0.0064368248
, 0.0063629150
, 0.0058817863
, 0.0057368279
, 0.0062022209
, 0.0062584877
, 0.0061817169
, 0.0053353310
, 0.0046601295
, 0.0045580864
, 0.0040054321
, 0.0033192635
, 0.0024123192
, 0.0007839203
, -0.0006051064
, -0.0013380051
, -0.0023250580
, -0.0029430389
, -0.0027365685
, -0.0028743744
, -0.0025372505
, -0.0016040802
, -0.0008597374
, -0.0001511574
, -0.0004768372
, -0.0011415482
, -0.0014019012
, -0.0010547638
, -0.0010309219
, -0.0006318092
, 0.0003376007
, 0.0008459091
, 0.0012211800
, 0.0007939339
, 0.0004901886
, 0.0007371902
, 0.0005798340
, 0.0007820129
, 0.0016245842
, 0.0021052361
, 0.0024237633
, 0.0019168854
, 0.0012798309
, 0.0003366470
, -0.0004868507
, -0.0003566742
, 0.0006647110
, 0.0014209747
, 0.0021033287
, 0.0020256042
, 0.0020532608
, 0.0025510788
, 0.0026001930
, 0.0029416084
, 0.0038437843
, 0.0042858124
, 0.0045852661
, 0.0041956902
, 0.0038981438
, 0.0040669441
, 0.0035171509
, 0.0031113625
, 0.0032296181
, 0.0029339790
, 0.0025601387
, 0.0015125275
, 0.0007109642
, 0.0005526543
, 0.0000972748
, 0.0000882149
, 0.0007462502
, 0.0010190010
, 0.0016207695
, 0.0027928352
, 0.0032420158
, 0.0028834343
, 0.0024456978
