time=[0.0000000000
, 0.9983000159
, 1.9974999428
, 2.9974999428
, 3.9974999428
, 4.9983000755
, 6.0192999840
, 7.0285000801
, 8.0226001740
, 9.0176000595
, 10.0108995438
, 11.0242996216
, 12.0226001740
, 13.0209999084
, 14.0209999084
, 15.0158996582
, 16.0235004425
, 17.0226001740
, 18.0158996582
, 19.0100994110
, 19.9983005524
, 20.9974994659
, 22.0083999634
, 23.1476001740
, 23.9974994659
, 24.9992008209
, 26.0000000000
, 27.0074996948
, 28.0000000000
, 28.9983005524
, 29.9983005524
, 30.9974994659
, 31.9974994659
, 32.9975013733
, 33.9975013733
, 34.9975013733
, 35.9975013733
, 36.9975013733
, 38.0059013367
, 38.9982986450
, 40.0008010864
, 40.9982986450
, 41.9975013733
, 42.9982986450
, 43.9975013733
, 44.9982986450
, 45.9982986450
, 46.9982986450
, 47.9982986450
, 48.9991989136
, 49.9991989136
, 50.9982986450
, 51.9982986450
, 52.9982986450
, 54.0083999634
, 54.9982986450
, 56.0008010864
, 56.9982986450
, 57.9982986450
, 58.9982986450
, 59.9982986450
, 60.9975013733
, 61.9975013733
, 62.9975013733
, 63.9975013733
, 64.9974975586
, 66.0000000000
, 67.0217971802
, 67.9982986450
, 68.9982986450
, 70.0268020630
, 71.0277023315
, 72.0242996216
, 73.0193023682
, 74.0167999268
, 75.0277023315
, 76.0251998901
, 77.0242996216
, 78.0251998901
, 79.0158996582
, 80.0260009766
, 81.0225982666
, 82.0176010132
, 83.0066986084
, 83.9982986450
, 84.9982986450
, 86.0049972534
, 87.0117034912
, 87.9991989136
, 88.9974975586
, 89.9982986450
, 90.9982986450
, 91.9974975586
, 92.9974975586
, 93.9974975586
, 94.9974975586
, 95.9974975586
, 96.9974975586
, 97.9974975586
, 98.9974975586
, 99.9982986450
, 100.9974975586
, 102.0066986084
, 102.9974975586
, 103.9982986450
, 104.9974975586
, 105.9974975586
, 106.9974975586
, 107.9974975586
, 108.9991989136
, 109.9982986450
, 110.9974975586
, 111.9974975586
, 112.9974975586
, 113.9974975586
, 114.9974975586
, 115.9974975586
, 116.9974975586
, 118.0066986084
, 118.9982986450
, 120.0000000000
, 120.9974975586
, 121.9974975586
, 122.9974975586
, 123.9974975586
, 124.9974975586
, 125.9974975586
, 126.9974975586
, 127.9974975586
, 128.9974975586
, 129.9983062744
, 130.9974975586
, 131.9974975586
, 132.9974975586
, 134.0225982666
, 135.0276947021
, 136.0243072510
, 137.0184936523
, 138.0133972168
, 139.0267944336
, 140.0252075195
, 141.0218048096
, 142.0209960938
, 143.0193023682
, 144.0234985352
, 145.0218048096
, 146.0158996582
, 147.0050048828
, 147.9974975586
, 148.9983062744
, 150.0066986084
, 150.9983062744
, 151.9992065430
, 152.9974975586
, 153.9974975586
, 154.9974975586
, 155.9974975586
, 156.9983062744
, 157.9974975586
, 158.9992065430
, 159.9983062744
, 160.9983062744
, 161.9974975586
, 162.9974975586
, 163.9974975586
, 164.9974975586
, 166.0084075928
, 167.1425933838
, 167.9974975586
, 168.9992065430
, 170.0000000000
, 170.9992065430
, 171.9974975586
, 172.9974975586
, 173.9974975586
, 174.9974975586
, 175.9974975586
, 176.9974975586
, 177.9974975586
, 178.9983062744
, 179.9983062744
, 180.9974975586
, 182.0133972168
, 183.1459960938
, 183.9974975586
, 184.9974975586
, 185.9974975586
, 187.0059051514
, 187.9983062744
, 188.9992065430
, 189.9992065430
, 190.9983062744
, 192.0007934570
, 193.0000000000
, 193.9974975586
, 194.9974975586
, 195.9992065430
, 196.9974975586
, 198.0209960938
, 199.0260009766
, 200.0243072510
, 201.0193023682
, 202.0167999268
, 203.0243072510
, 204.0225982666
, 205.0234985352
, 206.0234985352
, 207.0158996582
, 208.0225982666
, 209.0200958252
, 210.0175933838
, 211.0084075928
, 211.9983062744
, 212.9983062744
, 214.0108947754
, 215.1475982666
, 215.9992065430
, 216.9983062744
, 218.0000000000
, 218.9992065430
, 220.0007934570
, 220.9992065430
, 221.9983062744
, 222.9983062744
, 223.9983062744
, 224.9983062744
, 225.9983062744
, 226.9983062744
, 227.9992065430
, 228.9992065430
, 230.0101013184
, 231.1493072510
, 232.0075073242
, 233.0075073242
, 233.9983062744
, 234.9983062744
, 236.0025024414
, 237.0000000000
, 238.0000000000
, 238.9992065430
, 239.9983062744
, 240.9974975586
, 241.9974975586
, 242.9974975586
, 243.9974975586
, 244.9974975586
, 246.0117034912
, 247.1526947021
, 248.0000000000
, 248.9992065430
, 249.9983062744
, 250.9974975586
, 251.9974975586
, 252.9974975586
, 253.9974975586
, 254.9992065430
, 255.9974975586
, 256.9974975586
, 257.9982910156
, 258.9982910156
, 259.9982910156
, 260.9974975586
, 262.0192871094
, 263.1828918457
, 263.9982910156
, 264.9982910156
, 265.9974975586
, 267.0586853027
, 268.0226135254
, 269.0176086426
, 270.0151062012
, 271.0217895508
, 272.0192871094
, 273.0242919922
, 274.0234985352
, 275.0192871094
, 276.0242919922
, 277.0168151855
, 278.0176086426
, 279.0201110840
, 280.0083923340
, 280.9974975586
, 281.9974975586
, 282.9974975586
, 283.9974975586
, 285.0000000000
, 285.9974975586
, 286.9974975586
, 287.9974975586
, 288.9974975586
, 289.9982910156
, 290.9974975586
, 291.9974975586
, 292.9974975586
, 294.0108947754
, 294.9982910156
, 295.9992065430
, 296.9974975586
, 297.9974975586
, 298.9974975586
, 299.9982910156
, 300.9974975586
, 301.9974975586
, 302.9974975586
, 303.9974975586
, 304.9974975586
, 305.9974975586
, 306.9974975586
, 307.9974975586
, 308.9982910156
, 310.0091857910
, 310.9982910156
, 311.9992065430
, 312.9974975586
, 313.9974975586
, 314.9974975586
, 315.9974975586
, 316.9974975586
, 317.9974975586
, 318.9974975586
, 319.9982910156
, 320.9982910156
, 321.9974975586
, 322.9974975586
, 323.9974975586
, 324.9974975586
, 326.0083923340
, 326.9982910156
, 327.9992065430
, 328.9982910156
, 329.9982910156
, 330.9974975586
, 331.9974975586
, 332.9974975586
, 333.9974975586
, 334.9974975586
, 335.9982910156
, 336.9974975586
, 337.9974975586
, 338.9982910156
, 339.9982910156
, 340.9974975586
, 342.0201110840
, 343.0327148438
, 344.0277099609
, 345.0184936523
, 346.0176086426
, 347.0209960938
, 348.0192871094
, 349.0260009766
, 350.0252075195
, 351.0252075195
, 352.0234985352
, 353.0168151855
, 354.0176086426
, 355.0143127441
, 356.0217895508
, 357.0252075195
, 358.0184936523
, 359.0209960938
, 360.0158996582
, 361.0133972168
, 362.0158996582
, 363.0050048828
, 364.0000000000
, 364.9982910156
, 366.0133972168
, 367.0007934570
, 368.0007934570
, 369.0067138672
, 370.0101013184
, 371.0025024414
, 371.9992065430
, 372.9982910156
, 374.0168151855
, 375.0050048828
, 376.0017089844
, 376.9982910156
, 378.0067138672
, 379.0042114258
, 379.9992065430
, 381.0108947754
, 382.0075073242
, 383.0000000000
, 383.9982910156
, 384.9992065430
, 385.9982910156
, 387.0017089844
, 388.0007934570
, 389.0143127441
, 390.0176086426
, 391.0017089844
, 392.1585998535
, 392.9974975586
, 393.9974975586
, 394.9974975586
, 395.9974975586
, 396.9992065430
, 397.9974975586
, 398.9992065430
, 399.9982910156
, 400.9982910156
, 401.9974975586
, 402.9992065430
, 403.9974975586
, 404.9992065430
, 406.0192871094
, 407.0343933105
, 408.0260009766
, 409.0201110840
, 410.0184936523
, 411.0209960938
, 412.0158996582
, 413.0285034180
, 414.0252075195
, 415.0252075195
, 416.0234985352
, 417.0184936523
, 418.0168151855
, 419.0133972168
, 419.9992065430
, 420.9982910156
, 422.0133972168
, 423.1510009766
, 423.9974975586
, 424.9982910156
, 425.9974975586
, 426.9974975586
, 428.0000000000
, 429.0000000000
, 429.9982910156
, 430.9982910156
, 431.9974975586
, 432.9974975586
, 433.9974975586
, 434.9974975586
, 435.9974975586
, 436.9974975586
, 438.0108947754
, 439.1492919922
, 440.0050048828
, 440.9982910156
, 441.9974975586
, 442.9974975586
, 443.9974975586
, 444.9982910156
, 445.9974975586
, 446.9974975586
, 447.9974975586
, 448.9982910156
, 449.9982910156
, 450.9974975586
, 451.9974975586
, 452.9974975586
, 454.0083923340
, 455.1401062012
, 455.9974975586
, 456.9974975586
, 457.9974975586
, 459.0007934570
, 459.9982910156
, 460.9982910156
, 461.9974975586
, 462.9974975586
, 463.9974975586
, 464.9974975586
, 465.9974975586
, 466.9974975586
, 467.9974975586
, 469.0017089844
, 470.0143127441
, 471.0267944336
, 472.0242919922
, 473.0201110840
, 474.0176086426
, 475.0184936523
