position=[0.0045695892
, 0.0045695892
, 0.0049503883
, 0.0060927859
, 0.0068543837
, 0.0083775800
, 0.0099007767
, 0.0118047725
, 0.0140895667
, 0.0163743626
, 0.0194207542
, 0.0224671476
, 0.0258943401
, 0.0293215308
, 0.0335103199
, 0.0376991108
, 0.0422687009
, 0.0468382910
, 0.0517886803
, 0.0571198650
, 0.0624510534
, 0.0681630373
, 0.0742558241
, 0.0811102092
, 0.0860605985
, 0.0925341845
, 0.0986269712
, 0.1051005572
, 0.1115741357
, 0.1180477217
, 0.1245213076
, 0.1309949011
, 0.1374684721
, 0.1439420581
, 0.1504156440
, 0.1565084308
, 0.1629820168
, 0.1690748036
, 0.1755483896
, 0.1816411763
, 0.1877339631
, 0.1938267499
, 0.1999195367
, 0.2056315243
, 0.2117243111
, 0.2174362987
, 0.2235290706
, 0.2292410582
, 0.2349530458
, 0.2406650335
, 0.2463770211
, 0.2517082095
, 0.2574202120
, 0.2627514005
, 0.2684633732
, 0.2737945616
, 0.2795065343
, 0.2848377228
, 0.2905497253
, 0.2958809137
, 0.3012121022
, 0.3069240749
, 0.3122552633
, 0.3175864518
, 0.3229176402
, 0.3286296427
, 0.3339608312
, 0.3396728039
, 0.3450039923
, 0.3507159650
, 0.3564279675
, 0.3617591560
, 0.3674711287
, 0.3728023171
, 0.3785143197
, 0.3842262924
, 0.3895574808
, 0.3952694833
, 0.4009814560
, 0.4063126445
, 0.4120246470
, 0.4177366197
, 0.4230678082
, 0.4287798107
, 0.4344917834
, 0.4398229718
, 0.4455349445
, 0.4512469471
, 0.4569589198
, 0.4626709223
, 0.4680021107
, 0.4737140834
, 0.4794260859
, 0.4851380587
, 0.4908500612
, 0.4961812496
, 0.5018932223
, 0.5076051950
, 0.5133172274
, 0.5190292001
, 0.5247411728
, 0.5300723314
, 0.5357843637
, 0.5414963365
, 0.5472083092
, 0.5525395274
, 0.5582515001
, 0.5639634728
, 0.5696754456
, 0.5753874779
, 0.5810994506
, 0.5864306092
, 0.5921426415
, 0.5978546143
, 0.6035665870
, 0.6088978052
, 0.6146097779
, 0.6203217506
, 0.6260337234
, 0.6313649416
, 0.6370769143
, 0.6427888870
, 0.6485008597
, 0.6538320780
, 0.6595440507
, 0.6652560234
, 0.6709680557
, 0.6762992144
, 0.6820111871
, 0.6877232194
, 0.6934351921
, 0.6991471648
, 0.7044783235
, 0.7101903558
, 0.7159023285
, 0.7216143012
, 0.7273262739
, 0.7326574922
, 0.7383694649
, 0.7440814376
, 0.7497934699
, 0.7555054426
, 0.7608366013
, 0.7665486336
, 0.7722606063
, 0.7775917649
, 0.7833037972
, 0.7890157700
, 0.7943469286
, 0.8000589013
, 0.8057709336
, 0.8111020923
, 0.8168140650
, 0.8225260973
, 0.8282380700
, 0.8335692286
, 0.8392812610
, 0.8449932337
, 0.8507052064
, 0.8560364246
, 0.8617483974
, 0.8674603701
, 0.8731723428
, 0.8785035610
, 0.8842155337
, 0.8899275064
, 0.8956394792
, 0.9021130800
, 0.9066826701
, 0.9123946428
, 0.9181066751
, 0.9238186479
, 0.9291498065
, 0.9348618388
, 0.9405738115
, 0.9462857842
, 0.9516170025
, 0.9573289752
, 0.9630409479
, 0.9687529206
, 0.9744648933
, 0.9797961116
, 0.9855080843
, 0.9919816852
, 0.9969320893
, 1.0026440620
, 1.0079752207
, 1.0136872530
, 1.0193991661
, 1.0251111984
, 1.0304423571
, 1.0361543894
, 1.0418664217
, 1.0475783348
, 1.0529094934
, 1.0586215258
, 1.0643335581
, 1.0700454712
, 1.0757575035
, 1.0814694166
, 1.0871814489
, 1.0925126076
, 1.0982246399
, 1.1039366722
, 1.1096485853
, 1.1149797440
, 1.1206917763
, 1.1264038086
, 1.1321157217
, 1.1374469995
, 1.1431589127
, 1.1484900713
, 1.1542021036
, 1.1599141359
, 1.1656260490
, 1.1720997095
, 1.1766692400
, 1.1823812723
, 1.1880931854
, 1.1934244633
, 1.1991363764
, 1.2048484087
, 1.2105603218
, 1.2158915997
, 1.2216035128
, 1.2273155451
, 1.2330274582
, 1.2383587360
, 1.2440706491
, 1.2497826815
, 1.2554947138
, 1.2619682550
, 1.2669186592
, 1.2726305723
, 1.2779618502
, 1.2836737633
, 1.2893857956
, 1.2947169542
, 1.3004289865
, 1.3061408997
, 1.3118529320
, 1.3175649643
, 1.3228961229
, 1.3286080360
, 1.3343200684
, 1.3400321007
, 1.3457440138
, 1.3522176743
, 1.3567872047
, 1.3624992371
, 1.3678303957
, 1.3735424280
, 1.3792543411
, 1.3849663734
, 1.3902975321
, 1.3960095644
, 1.4017214775
, 1.4074335098
, 1.4131455421
, 1.4184767008
, 1.4241886139
, 1.4299006462
, 1.4356126785
, 1.4420862198
, 1.4466558695
, 1.4523677826
, 1.4580798149
, 1.4637917280
, 1.4695037603
, 1.4748349190
, 1.4805469513
, 1.4862589836
, 1.4915901423
, 1.4973020554
, 1.5030140877
, 1.5087261200
, 1.5144380331
, 1.5197691917
, 1.5254812241
, 1.5311932564
, 1.5365244150
, 1.5422364473
, 1.5475676060
, 1.5532795191
, 1.5589915514
, 1.5647035837
, 1.5700347424
, 1.5757467747
, 1.5814586878
, 1.5871707201
, 1.5925018787
, 1.5982139111
, 1.6039258242
, 1.6096378565
, 1.6153497696
, 1.6206810474
, 1.6263929605
, 1.6321049929
, 1.6374361515
, 1.6431481838
, 1.6488600969
, 1.6545721292
, 1.6602841616
, 1.6656153202
, 1.6713272333
, 1.6770392656
, 1.6827512980
, 1.6880824566
, 1.6937944889
, 1.6995064020
, 1.7052184343
, 1.7105495930
, 1.7162616253
, 1.7219735384
, 1.7276855707
, 1.7330167294
, 1.7387287617
, 1.7444406748
, 1.7501527071
, 1.7558647394
, 1.7611958981
, 1.7669078112
, 1.7726198435
, 1.7783318758
, 1.7836630344
, 1.7893750668
, 1.7950869799
, 1.8007990122
, 1.8065109253
, 1.8118422031
, 1.8175541162
, 1.8232661486
, 1.8289781809
, 1.8343093395
, 1.8400212526
, 1.8457332850
, 1.8514453173
, 1.8567764759
, 1.8624883890
, 1.8682004213
, 1.8739124537
, 1.8792436123
, 1.8853363991
, 1.8910484314
, 1.8963795900
, 1.9020915031
, 1.9078035355
, 1.9131346941
, 1.9188467264
, 1.9245587587
, 1.9302706718
, 1.9359827042
, 1.9413138628
, 1.9470258951
, 1.9527378082
, 1.9580689669
, 1.9637809992
, 1.9694930315
, 1.9752049446
, 1.9809169769
, 1.9862481356
, 1.9919601679
, 1.9976720810
, 2.0030033588
, 2.0087153912
, 2.0144271851
, 2.0201392174
, 2.0254704952
, 2.0311825275
, 2.0368943214
, 2.0426063538
, 2.0479376316
, 2.0536496639
, 2.0593616962
, 2.0650734901
, 2.0704047680
, 2.0761168003
, 2.0818288326
, 2.0875406265
, 2.0928719044
, 2.0985839367
, 2.1042959690
, 2.1100077629
, 2.1153390408
, 2.1210510731
, 2.1267631054
, 2.1320941448
, 2.1378061771
, 2.1435182095
, 2.1492302418
, 2.1549422741
, 2.1602733135
, 2.1667468548
, 2.1713166237
, 2.1770284176
, 2.1827404499
, 2.1884524822
, 2.1937837601
, 2.1994955540
, 2.2052075863
, 2.2109196186
, 2.2162508965
, 2.2219626904
, 2.2276747227
, 2.2337675095
, 2.2394795418
, 2.2455723286
, 2.2520458698
, 2.2581386566
, 2.2642314434
, 2.2703242302
, 2.2767977715
, 2.2832715511
, 2.2897450924
, 2.2965993881
, 2.3030729294
, 2.3095467091
, 2.3164010048
, 2.3232553005
, 2.3297288418
, 2.3365833759
, 2.3434376717
, 2.3502922058
, 2.3582890034
, 2.3640007973
, 2.3708553314
, 2.3777096272
, 2.3845639229
, 2.3914184570
, 2.3986535072
, 2.4055080414
, 2.4123623371
, 2.4192166328
, 2.4260711670
, 2.4329254627
, 2.4397799969
, 2.4462535381
, 2.4531078339
, 2.4599621296
, 2.4675781727
, 2.4736709595
, 2.4801445007
, 2.4869990349
, 2.4934725761
, 2.5003268719
, 2.5068006516
, 2.5136549473
, 2.5201284885
, 2.5269827843
, 2.5334565639
, 2.5403108597
, 2.5467844009
, 2.5536389351
, 2.5601124763
, 2.5669667721
, 2.5745828152
, 2.5799138546
, 2.5867683887
, 2.5932419300
, 2.6000962257
, 2.6065700054
, 2.6134243011
, 2.6198978424
, 2.6263713837
, 2.6332259178
, 2.6396994591
, 2.6465537548
, 2.6530272961
, 2.6598818302
, 2.6663553715
, 2.6732096672
, 2.6800642014
, 2.6865377426
, 2.6933920383
, 2.6998655796
, 2.7067201138
, 2.7131936550
, 2.7200479507
, 2.7269024849
, 2.7333760262
, 2.7402303219
, 2.7467038631
, 2.7535583973
, 2.7600319386
, 2.7665054798
, 2.7745022774
, 2.7802143097
, 2.7874495983
, 2.7931613922
, 2.8000159264
, 2.8064894676
, 2.8133437634
, 2.8198173046
, 2.8266718388
, 2.8331453800
, 2.8399996758
, 2.8464734554
, 2.8533277512
, 2.8601820469
, 2.8666555882
, 2.8735101223
, 2.8799836636
, 2.8868379593
, 2.8944540024
, 2.9001660347
, 2.9066395760
, 2.9134938717
, 2.9199676514
, 2.9268219471
, 2.9332954884
, 2.9401500225
, 2.9466235638
, 2.9534778595
, 2.9599514008
, 2.9668059349
, 2.9732794762
, 2.9801337719
, 2.9866073132
, 2.9934618473
, 2.9999353886
, 3.0067896843
, 3.0132634640
, 3.0201177597
, 3.0265913010
, 3.0334455967
, 3.0403001308
, 3.0467736721
, 3.0536279678
, 3.0601017475
, 3.0669560432
, 3.0734295845
, 3.0802838802
