velocity=[0.0000000000
, 0.0000000000
, 0.0024390661
, 0.0198206678
, 0.0661984086
, 0.1384268403
, 0.2407173663
, 0.3693019450
, 0.5233793259
, 0.7017983198
, 0.8997449279
, 1.1199942827
, 1.3562208414
, 1.6038222313
, 1.8577514887
, 2.1223063469
, 2.3939163685
, 2.6684269905
, 2.9402456284
, 3.2106750011
, 3.4815666676
, 3.7494828701
, 4.0144300461
, 4.2764267921
, 4.5280971527
, 4.7621922493
, 4.9827718735
, 5.1848912239
, 5.3709874153
, 5.5428996086
, 5.6989173889
, 5.8371558189
, 5.9569792747
, 6.0587439537
, 6.1436500549
, 6.2109837532
, 6.2575082779
, 6.2891383171
, 6.3063220978
, 6.3151946068
, 6.3147325516
, 6.3046946526
, 6.2877860069
, 6.2643761635
, 6.2315878868
, 6.1952867508
, 6.1555485725
, 6.1180267334
, 6.0791563988
, 6.0377902985
, 5.9952783585
, 5.9512624741
, 5.9023404121
, 5.8534984589
, 5.8038115501
, 5.7578492165
, 5.7155489922
, 5.6801652908
, 5.6488308907
, 5.6240606308
, 5.5998196602
, 5.5757846832
, 5.5575881004
, 5.5401701927
, 5.5207858086
, 5.5019922256
, 5.4899826050
, 5.4810357094
, 5.4765343666
, 5.4761142731
, 5.4821839333
, 5.4902534485
, 5.4957118034
, 5.5021743774
, 5.5069499016
, 5.5147433281
, 5.5240955353
, 5.5300149918
, 5.5375652313
, 5.5469026566
, 5.5527362823
, 5.5585975647
, 5.5655837059
, 5.5692348480
, 5.5754265785
, 5.5838317871
, 5.5873317719
, 5.5897254944
, 5.5944123268
, 5.6036081314
, 5.6133961678
, 5.6165709496
, 5.6182856560
, 5.6219959259
, 5.6282014847
, 5.6338601112
, 5.6329131126
, 5.6309504509
, 5.6315035820
, 5.6351451874
, 5.6412215233
, 5.6463117599
, 5.6441454887
, 5.6400318146
, 5.6391649246
, 5.6394195557
, 5.6347527504
, 5.6304345131
, 5.6296329498
, 5.6325516701
, 5.6382279396
, 5.6433591843
, 5.6418261528
, 5.6391444206
, 5.6388554573
, 5.6391506195
, 5.6342797279
, 5.6297216415
, 5.6284112930
, 5.6277794838
, 5.6231908798
, 5.6196455956
, 5.6202340126
, 5.6223850250
, 5.6197652817
, 5.6175055504
, 5.6186804771
, 5.6210479736
, 5.6185126305
, 5.6163115501
, 5.6175298691
, 5.6223354340
, 5.6275196075
, 5.6267156601
, 5.6243562698
, 5.6216988564
, 5.6212682724
, 5.6223940849
, 5.6198496819
, 5.6182117462
, 5.6187138557
, 5.6225967407
, 5.6273622513
, 5.6266069412
, 5.6253900528
, 5.6240549088
, 5.6184473038
, 5.6151847839
, 5.6154847145
, 5.6132893562
, 5.6120519638
, 5.6112799644
, 5.6070466042
, 5.6044769287
, 5.6064014435
, 5.6100955009
, 5.6090989113
, 5.6084055901
, 5.6109800339
, 5.6146154404
, 5.6130790710
, 5.6117887497
, 5.6138925552
, 5.6171946526
, 5.6155152321
, 5.6140375137
, 5.6154718399
, 5.6191654205
, 5.6228537560
, 5.6210856438
, 5.6190500259
, 5.6200509071
, 5.6222419739
, 5.6197295189
, 5.6176099777
, 5.6189007759
, 5.6213421822
, 5.6188426018
, 5.6166462898
, 5.6178474426
, 5.6225929260
, 5.6276464462
, 5.6262111664
, 5.6223993301
, 5.6217250824
, 5.6269178391
, 5.6333165169
, 5.6332287788
, 5.6313080788
, 5.6322603226
, 5.6339282990
, 5.6303286552
, 5.6268467903
, 5.6264929771
, 5.6274681091
, 5.6239905357
, 5.6210360527
, 5.6214966774
, 5.6249742508
, 5.6285195351
, 5.6327748299
, 5.6364617348
, 5.6345605850
, 5.6322555542
, 5.6319899559
, 5.6323933601
, 5.6277751923
, 5.6239161491
, 5.6244111061
, 5.6258878708
, 5.6226673126
, 5.6180891991
, 5.6108336449
, 5.6072726250
, 5.6086049080
, 5.6128106117
, 5.6171355247
, 5.6165223122
, 5.6160187721
, 5.6159305573
, 5.6113862991
, 5.6078886986
, 5.6087970734
, 5.6117038727
, 5.6101479530
, 5.6090950966
, 5.6114983559
, 5.6150321960
, 5.6135239601
, 5.6121163368
, 5.6136116982
, 5.6172461510
, 5.6231217384
, 5.6320238113
, 5.6403484344
, 5.6422266960
, 5.6422500610
, 5.6409068108
, 5.6342501640
, 5.6283445358
, 5.6266336441
, 5.6293721199
, 5.6330728531
, 5.6311511993
, 5.6288113594
, 5.6293339729
, 5.6326184273
, 5.6366043091
, 5.6390619278
, 5.6362652779
, 5.6311311722
, 5.6214847565
, 5.6139435768
, 5.6117377281
, 5.6123270988
, 5.6091432571
, 5.6069636345
, 5.6088795662
, 5.6147713661
, 5.6209855080
, 5.6211175919
, 5.6205382347
, 5.6218776703
, 5.6228976250
, 5.6221747398
, 5.6210489273
, 5.6223745346
, 5.6248426437
, 5.6246466637
, 5.6269135475
, 5.6259479523
, 5.6254253387
, 5.6246943474
, 5.6191372871
, 5.6141309738
, 5.6134886742
, 5.6176571846
, 5.6226062775
, 5.6225337982
, 5.6220445633
, 5.6218686104
, 5.6186437607
, 5.6155443192
, 5.6088318825
, 5.6041169167
, 5.6042423248
, 5.6064972878
, 5.6048245430
, 5.6040658951
, 5.6069793701
, 5.6110868454
, 5.6101369858
, 5.6094307899
, 5.6120219231
, 5.6175880432
, 5.6221828461
, 5.6216425896
, 5.6210222244
, 5.6209492683
, 5.6163568497
, 5.6127295494
, 5.6131291389
, 5.6177668571
, 5.6231160164
, 5.6226620674
, 5.6216468811
, 5.6233577728
, 5.6257672310
, 5.6229619980
, 5.6202893257
, 5.6205048561
, 5.6210517883
, 5.6177172661
, 5.6154356003
, 5.6170544624
, 5.6200017929
, 5.6179904938
, 5.6161913872
, 5.6177110672
, 5.6227726936
, 5.6280274391
, 5.6271018982
, 5.6254806519
, 5.6266541481
, 5.6285901070
, 5.6253571510
, 5.6219334602
, 5.6210651398
, 5.6248121262
, 5.6295142174
, 5.6285295486
, 5.6270165443
, 5.6282835007
, 5.6302385330
, 5.6269459724
, 5.6237955093
, 5.6239967346
, 5.6253662109
, 5.6219906807
, 5.6190748215
, 5.6196422577
, 5.6215386391
, 5.6203279495
, 5.6240620613
, 5.6284284592
, 5.6276354790
, 5.6275939941
, 5.6280536652
, 5.6233401299
, 5.6191077232
, 5.6180729866
, 5.6210584641
, 5.6250205040
, 5.6239523888
, 5.6234374046
, 5.6235742569
, 5.6191210747
, 5.6146364212
, 5.6137614250
, 5.6177778244
, 5.6228823662
, 5.6229453087
, 5.6228628159
, 5.6231050491
, 5.6198649406
, 5.6183886528
, 5.6203541756
, 5.6220927238
, 5.6195950508
, 5.6176457405
, 5.6183338165
, 5.6198334694
, 5.6173901558
, 5.6161642075
, 5.6179661751
, 5.6190958023
, 5.6160359383
, 5.6144690514
, 5.6167893410
, 5.6194663048
, 5.6172137260
, 5.6154508591
, 5.6160521507
, 5.6180934906
, 5.6164002419
, 5.6156044006
, 5.6156706810
, 5.6113595963
, 5.6078443527
, 5.6080245972
, 5.6108722687
, 5.6144127846
, 5.6136846542
, 5.6095767021
, 5.6027216911
, 5.5987877846
, 5.6000695229
, 5.6036000252
, 5.6027131081
, 5.6025052071
, 5.6056928635
, 5.6100540161
, 5.6094264984
, 5.6089625359
, 5.6140422821
, 5.6302495003
, 5.6517658234
, 5.6812334061
, 5.7242522240
, 5.7751317024
, 5.8273706436
, 5.8786697388
, 5.9341273308
, 5.9943742752
, 6.0577898026
, 6.1277065277
, 6.1956253052
, 6.2585129738
, 6.3224520683
, 6.3859777451
, 6.4424214363
, 6.4965262413
, 6.5479617119
, 6.5950217247
, 6.6399645805
, 6.6788363457
, 6.7115855217
, 6.7391672134
, 6.7620820999
, 6.7830743790
, 6.8082213402
, 6.8320016861
, 6.8506479263
, 6.8635668755
, 6.8714036942
, 6.8752751350
, 6.8739037514
, 6.8630890846
, 6.8493905067
, 6.8351888657
, 6.8227834702
, 6.8171739578
, 6.8106021881
, 6.8029422760
, 6.7907648087
, 6.7778921127
, 6.7624807358
, 6.7487215996
, 6.7343444824
, 6.7227301598
, 6.7110290527
, 6.7023925781
, 6.6938905716
, 6.6883130074
, 6.6819691658
, 6.6782851219
, 6.6747503281
, 6.6644816399
, 6.6551914215
, 6.6466512680
, 6.6422891617
, 6.6393718719
, 6.6402235031
, 6.6386814117
, 6.6342649460
, 6.6325993538
, 6.6313424110
, 6.6332788467
, 6.6349282265
, 6.6386036873
, 6.6399755478
, 6.6429209709
, 6.6476831436
, 6.6508245468
, 6.6556367874
, 6.6587271690
, 6.6624884605
, 6.6637573242
, 6.6677017212
, 6.6746749878
, 6.6785192490
, 6.6821980476
, 6.6834578514
, 6.6851606369
, 6.6826152802
, 6.6781196594
, 6.6781902313
, 6.6788053513
, 6.6736855507
, 6.6676878929
, 6.6650876999
, 6.6625146866
, 6.6626667976
, 6.6620225906
, 6.6630430222
, 6.6625795364
, 6.6636133194
, 6.6632122993
, 6.6666793823
, 6.6736478806
, 6.6780266762
, 6.6818618774
, 6.6818194389
, 6.6813564301
, 6.6815648079
, 6.6818037033
, 6.6790237427
, 6.6774353981
, 6.6745157242
, 6.6731500626
, 6.6704154015
, 6.6697330475
, 6.6678919792
, 6.6678786278
, 6.6665711403
, 6.6668682098
, 6.6657328606
, 6.6661372185
, 6.6645750999
, 6.6634068489
, 6.6618728638
, 6.6625895500
, 6.6623592377
, 6.6636981964
, 6.6635417938
, 6.6672062874
, 6.6744070053
, 6.6790132523
, 6.6830749512
, 6.6836614609
, 6.6841921806
, 6.6821360588
