torque=[5.0000000000
, 5.0000000000
, 5.0000000000
, 5.0000000000
, 5.0000000000
, 5.0000000000
, 5.0000000000
, 5.0000000000
, 5.0000000000
, 5.0000000000
, 5.0000000000
, 5.0000000000
, 5.0000000000
, 5.0000000000
, 5.0000000000
, 4.9507136345
, 4.5636692047
, 4.1724915504
, 3.7851500511
, 3.3997881413
, 3.0137674809
, 2.6319868565
, 2.2544372082
, 1.8810918331
, 1.5224615335
, 1.1888760328
, 0.8745501041
, 0.5865300298
, 0.3213429451
, 0.0763680562
, -0.1459572762
, -0.3429470360
, -0.5136954784
, -0.6587101221
, -0.7797013521
, -0.8756518364
, -0.9419493079
, -0.9870221019
, -1.0115089417
, -1.0241522789
, -1.0234938860
, -1.0091898441
, -0.9850950837
, -0.9517360330
, -0.9050127268
, -0.8532836437
, -0.7966567278
, -0.7431880832
, -0.6877978444
, -0.6288511753
, -0.5682716370
, -0.5055490136
, -0.4358350933
, -0.3662353158
, -0.2954314649
, -0.2299351394
, -0.1696573198
, -0.1192355379
, -0.0745840222
, -0.0392863974
, -0.0047430159
, 0.0295068268
, 0.0554369576
, 0.0802574754
, 0.1078802198
, 0.1346610785
, 0.1517747939
, 0.1645241082
, 0.1709385216
, 0.1715371609
, 0.1628879011
, 0.1513888389
, 0.1436106861
, 0.1344015151
, 0.1275963932
, 0.1164907590
, 0.1031638607
, 0.0947286338
, 0.0839695483
, 0.0706637129
, 0.0623507984
, 0.0539984703
, 0.0440432206
, 0.0388403423
, 0.0300171264
, 0.0180397034
, 0.0130522251
, 0.0096411705
, 0.0029624342
, -0.0101415869
, -0.0240895394
, -0.0286136027
, -0.0310570598
, -0.0363441929
, -0.0451871157
, -0.0532506593
, -0.0519011840
, -0.0491043925
, -0.0498926044
, -0.0550818928
, -0.0637406707
, -0.0709942579
, -0.0679073185
, -0.0620453358
, -0.0608100183
, -0.0611728653
, -0.0545226708
, -0.0483691804
, -0.0472269543
, -0.0513861291
, -0.0594748147
, -0.0667868406
, -0.0646022707
, -0.0607808009
, -0.0603690259
, -0.0607896335
, -0.0538486131
, -0.0473533385
, -0.0454860926
, -0.0445857644
, -0.0380470045
, -0.0329949744
, -0.0338334665
, -0.0368986614
, -0.0331655256
, -0.0299454089
, -0.0316196792
, -0.0349933617
, -0.0313804969
, -0.0282439590
, -0.0299800634
, -0.0368279926
, -0.0442154408
, -0.0430698171
, -0.0397076830
, -0.0359208696
, -0.0353072882
, -0.0369115695
, -0.0332857966
, -0.0309517384
, -0.0316672437
, -0.0372003540
, -0.0439912081
, -0.0429148898
, -0.0411808267
, -0.0392782465
, -0.0312874094
, -0.0266383179
, -0.0270657185
, -0.0239373334
, -0.0221740492
, -0.0210739486
, -0.0150414109
, -0.0113796238
, -0.0141220568
, -0.0193860885
, -0.0179659482
, -0.0169779658
, -0.0206465479
, -0.0258270018
, -0.0236376766
, -0.0217989683
, -0.0247968920
, -0.0295023806
, -0.0271092057
, -0.0250034574
, -0.0270473715
, -0.0323107243
, -0.0375666022
, -0.0350470431
, -0.0321462862
, -0.0335725434
, -0.0366948135
, -0.0331145637
, -0.0300942175
, -0.0319336057
, -0.0354126096
, -0.0318507068
, -0.0287209637
, -0.0304326061
, -0.0371949188
, -0.0443961844
, -0.0423509106
, -0.0369190462
, -0.0359582417
, -0.0433579199
, -0.0524760373
, -0.0523510091
, -0.0496140122
, -0.0509709604
, -0.0533478260
, -0.0482183322
, -0.0432566777
, -0.0427524932
, -0.0441420563
, -0.0391865149
, -0.0349763744
, -0.0356327668
, -0.0405883081
, -0.0456403382
, -0.0517041311
, -0.0569579713
, -0.0542488322
, -0.0509641655
, -0.0505856872
, -0.0511605367
, -0.0445796475
, -0.0390805118
, -0.0397858247
, -0.0418902151
, -0.0373009220
, -0.0307771079
, -0.0204379447
, -0.0153634902
, -0.0172619931
, -0.0232551210
, -0.0294181220
, -0.0285442956
, -0.0278267507
, -0.0277010445
, -0.0212254766
, -0.0162413958
, -0.0175358299
, -0.0216780193
, -0.0194608327
, -0.0179605130
, -0.0213851575
, -0.0264208801
, -0.0242716428
, -0.0222657807
, -0.0243966691
, -0.0295757651
, -0.0379484780
, -0.0506339297
, -0.0624965206
, -0.0651730448
, -0.0652063340
, -0.0632922053
, -0.0538064837
, -0.0453909636
, -0.0429529436
, -0.0468552709
, -0.0521288142
, -0.0493904576
, -0.0460561886
, -0.0468009114
, -0.0514812581
, -0.0571611412
, -0.0606632456
, -0.0566780195
, -0.0493619218
, -0.0356157795
, -0.0248695966
, -0.0217262618
, -0.0225661155
, -0.0180291422
, -0.0149231795
, -0.0176533815
, -0.0260491967
, -0.0349043496
, -0.0350925699
, -0.0342669860
, -0.0361756794
, -0.0376291163
, -0.0365990028
, -0.0349947214
, -0.0368837118
, -0.0404007658
, -0.0401214957
, -0.0433518067
, -0.0419758335
, -0.0412311070
, -0.0401894450
, -0.0322706327
, -0.0251366384
, -0.0242213607
, -0.0301614888
, -0.0372139439
, -0.0371106640
, -0.0364135019
, -0.0361627713
, -0.0315673575
, -0.0271506552
, -0.0175854322
, -0.0108666066
, -0.0110453125
, -0.0142586352
, -0.0118749738
, -0.0107939001
, -0.0149456020
, -0.0207987539
, -0.0194452051
, -0.0184388757
, -0.0221312400
, -0.0300629623
, -0.0366105549
, -0.0358406901
, -0.0349566713
, -0.0348527059
, -0.0283085108
, -0.0231396072
, -0.0237090234
, -0.0303177722
, -0.0379403234
, -0.0372934453
, -0.0358468071
, -0.0382848270
, -0.0417183042
, -0.0377208479
, -0.0339122899
, -0.0342194214
, -0.0349987969
, -0.0302471034
, -0.0269957297
, -0.0293026082
, -0.0335025564
, -0.0306364540
, -0.0280727260
, -0.0302382708
, -0.0374510884
, -0.0449391007
, -0.0436202064
, -0.0413099304
, -0.0429821610
, -0.0457409024
, -0.0411339402
, -0.0362551808
, -0.0350178257
, -0.0403572805
, -0.0470577590
, -0.0456546061
, -0.0434985757
, -0.0453039892
, -0.0480899103
, -0.0433980115
, -0.0389086008
, -0.0391953476
, -0.0411468521
, -0.0363367200
, -0.0321816206
, -0.0329902172
, -0.0356925614
, -0.0339673273
, -0.0392884389
, -0.0455105528
, -0.0443805568
, -0.0443214402
, -0.0449764729
, -0.0382596850
, -0.0322285071
, -0.0307540055
, -0.0350083113
, -0.0406542197
, -0.0391321555
, -0.0383983031
, -0.0385933146
, -0.0322475322
, -0.0258569010
, -0.0246100314
, -0.0303333998
, -0.0376073718
, -0.0376970656
, -0.0375795141
, -0.0379246958
, -0.0333075412
, -0.0312038306
, -0.0340046994
, -0.0364821330
, -0.0329229459
, -0.0301451795
, -0.0311256889
, -0.0332626924
, -0.0297809727
, -0.0280339960
, -0.0306017995
, -0.0322115198
, -0.0278512128
, -0.0256183986
, -0.0289248116
, -0.0327394828
, -0.0295295604
, -0.0270174742
, -0.0278743152
, -0.0307832249
, -0.0283703450
, -0.0272362716
, -0.0273307208
, -0.0211874247
, -0.0161782019
, -0.0164350513
, -0.0204929821
, -0.0255382173
, -0.0245006327
, -0.0186468009
, -0.0088784099
, -0.0032725930
, -0.0050990703
, -0.0101300357
, -0.0088661788
, -0.0085699204
, -0.0131123308
, 1.4806730747
, 1.4815672636
, 1.4822283983
, 1.4749897718
, 1.4518945217
, 1.4212336540
, 1.3792424202
, 1.3179405928
, 1.2454373837
, 1.1709967852
, 1.0978956223
, 1.0188685656
, 0.9330166578
, 0.8426495194
, 0.7430182099
, 0.6462339163
, 0.5566189885
, 0.4655058086
, 0.3749817014
, 0.2945494652
, 0.2174501121
, 0.1441545635
, 0.0770940408
, 0.0130504724
, -0.0423417911
, -0.0890093669
, -0.1283132732
, -0.1609669924
, -0.1908809841
, -0.2267154157
, -0.2606024146
, -0.2871733010
, -0.3055827916
, -0.3167502582
, -0.3222670555
, -0.3203128576
, -0.3049019575
, -0.2853814662
, -0.2651441395
, -0.2474664450
, -0.2394728959
, -0.2301081121
, -0.2191927433
, -0.2018398494
, -0.1834962666
, -0.1615350544
, -0.1419282854
, -0.1214408875
, -0.1048904806
, -0.0882164016
, -0.0759094208
, -0.0637940615
, -0.0558460355
, -0.0468060598
, -0.0415562987
, -0.0365192182
, -0.0218863375
, -0.0086477753
, 0.0035219430
, 0.0097379442
, 0.0138950823
, 0.0126815084
, 0.0148789883
, 0.0211724527
, 0.0235459208
, 0.0253370646
, 0.0225776434
, 0.0202272777
, 0.0149897458
, 0.0130348448
, 0.0088376161
, 0.0020515204
, -0.0024249791
, -0.0092824223
, -0.0136862155
, -0.0190460570
, -0.0208541863
, -0.0264749527
, -0.0364118591
, -0.0418899283
, -0.0471322164
, -0.0489274375
, -0.0513539091
, -0.0477267727
, -0.0413205139
, -0.0414210781
, -0.0422976241
, -0.0350019112
, -0.0264552478
, -0.0227499716
, -0.0190834291
, -0.0193001870
, -0.0183821917
, -0.0198363066
, -0.0191758387
, -0.0206489805
, -0.0200775266
, -0.0250181202
, -0.0349482298
, -0.0411880128
, -0.0466531739
, -0.0465927012
, -0.0459329113
, -0.0462298505
