StateVariable_6=[7.0000000000
, 7.0000000000
, 6.9975609779
, 6.9801793098
, 6.9338016510
, 6.8615732193
, 6.7592825890
, 6.6306982040
, 6.4766206741
, 6.2982015610
, 6.1002550125
, 5.8800058365
, 5.6437792778
, 5.3961777687
, 5.1422486305
, 4.8776936531
, 4.6060838699
, 4.3315730095
, 4.0597543716
, 3.7893249989
, 3.5184333324
, 3.2505171299
, 2.9855699539
, 2.7235732079
, 2.4719028473
, 2.2378077507
, 2.0172281265
, 1.8151087761
, 1.6290125847
, 1.4571003914
, 1.3010826111
, 1.1628441811
, 1.0430207253
, 0.9412560463
, 0.8563499451
, 0.7890162468
, 0.7424917221
, 0.7108616829
, 0.6936779022
, 0.6848053932
, 0.6852674484
, 0.6953053474
, 0.7122139931
, 0.7356238365
, 0.7684121132
, 0.8047132492
, 0.8444514275
, 0.8819732666
, 0.9208436012
, 0.9622097015
, 1.0047216415
, 1.0487375259
, 1.0976595879
, 1.1465015411
, 1.1961884499
, 1.2421507835
, 1.2844510078
, 1.3198347092
, 1.3511691093
, 1.3759393692
, 1.4001803398
, 1.4242153168
, 1.4424118996
, 1.4598298073
, 1.4792141914
, 1.4980077744
, 1.5100173950
, 1.5189642906
, 1.5234656334
, 1.5238857269
, 1.5178160667
, 1.5097465515
, 1.5042881966
, 1.4978256226
, 1.4930500984
, 1.4852566719
, 1.4759044647
, 1.4699850082
, 1.4624347687
, 1.4530973434
, 1.4472637177
, 1.4414024353
, 1.4344162941
, 1.4307651520
, 1.4245734215
, 1.4161682129
, 1.4126682281
, 1.4102745056
, 1.4055876732
, 1.3963918686
, 1.3866038322
, 1.3834290504
, 1.3817143440
, 1.3780040741
, 1.3717985153
, 1.3661398888
, 1.3670868874
, 1.3690495491
, 1.3684964180
, 1.3648548126
, 1.3587784767
, 1.3536882401
, 1.3558545113
, 1.3599681854
, 1.3608350754
, 1.3605804443
, 1.3652472496
, 1.3695654869
, 1.3703670502
, 1.3674483299
, 1.3617720604
, 1.3566408157
, 1.3581738472
, 1.3608555794
, 1.3611445427
, 1.3608493805
, 1.3657202721
, 1.3702783585
, 1.3715887070
, 1.3722205162
, 1.3768091202
, 1.3803544044
, 1.3797659874
, 1.3776149750
, 1.3802347183
, 1.3824944496
, 1.3813195229
, 1.3789520264
, 1.3814873695
, 1.3836884499
, 1.3824701309
, 1.3776645660
, 1.3724803925
, 1.3732843399
, 1.3756437302
, 1.3783011436
, 1.3787317276
, 1.3776059151
, 1.3801503181
, 1.3817882538
, 1.3812861443
, 1.3774032593
, 1.3726377487
, 1.3733930588
, 1.3746099472
, 1.3759450912
, 1.3815526962
, 1.3848152161
, 1.3845152855
, 1.3867106438
, 1.3879480362
, 1.3887200356
, 1.3929533958
, 1.3955230713
, 1.3935985565
, 1.3899044991
, 1.3909010887
, 1.3915944099
, 1.3890199661
, 1.3853845596
, 1.3869209290
, 1.3882112503
, 1.3861074448
, 1.3828053474
, 1.3844847679
, 1.3859624863
, 1.3845281601
, 1.3808345795
, 1.3771462440
, 1.3789143562
, 1.3809499741
, 1.3799490929
, 1.3777580261
, 1.3802704811
, 1.3823900223
, 1.3810992241
, 1.3786578178
, 1.3811573982
, 1.3833537102
, 1.3821525574
, 1.3774070740
, 1.3723535538
, 1.3737888336
, 1.3776006699
, 1.3782749176
, 1.3730821609
, 1.3666834831
, 1.3667712212
, 1.3686919212
, 1.3677396774
, 1.3660717010
, 1.3696713448
, 1.3731532097
, 1.3735070229
, 1.3725318909
, 1.3760094643
, 1.3789639473
, 1.3785033226
, 1.3750257492
, 1.3714804649
, 1.3672251701
, 1.3635382652
, 1.3654394150
, 1.3677444458
, 1.3680100441
, 1.3676066399
, 1.3722248077
, 1.3760838509
, 1.3755888939
, 1.3741121292
, 1.3773326874
, 1.3819108009
, 1.3891663551
, 1.3927273750
, 1.3913950920
, 1.3871893883
, 1.3828644753
, 1.3834776878
, 1.3839812279
, 1.3840694427
, 1.3886137009
, 1.3921113014
, 1.3912029266
, 1.3882961273
, 1.3898520470
, 1.3909049034
, 1.3885016441
, 1.3849678040
, 1.3864760399
, 1.3878836632
, 1.3863883018
, 1.3827538490
, 1.3768782616
, 1.3679761887
, 1.3596515656
, 1.3577733040
, 1.3577499390
, 1.3590931892
, 1.3657498360
, 1.3716554642
, 1.3733663559
, 1.3706278801
, 1.3669271469
, 1.3688488007
, 1.3711886406
, 1.3706660271
, 1.3673815727
, 1.3633956909
, 1.3609380722
, 1.3637347221
, 1.3688688278
, 1.3785152435
, 1.3860564232
, 1.3882622719
, 1.3876729012
, 1.3908567429
, 1.3930363655
, 1.3911204338
, 1.3852286339
, 1.3790144920
, 1.3788824081
, 1.3794617653
, 1.3781223297
, 1.3771023750
, 1.3778252602
, 1.3789510727
, 1.3776254654
, 1.3751573563
, 1.3753533363
, 1.3730864525
, 1.3740520477
, 1.3745746613
, 1.3753056526
, 1.3808627129
, 1.3858690262
, 1.3865113258
, 1.3823428154
, 1.3773937225
, 1.3774662018
, 1.3779554367
, 1.3781313896
, 1.3813562393
, 1.3844556808
, 1.3911681175
, 1.3958830833
, 1.3957576752
, 1.3935027122
, 1.3951754570
, 1.3959341049
, 1.3930206299
, 1.3889131546
, 1.3898630142
, 1.3905692101
, 1.3879780769
, 1.3824119568
, 1.3778171539
, 1.3783574104
, 1.3789777756
, 1.3790507317
, 1.3836431503
, 1.3872704506
, 1.3868708611
, 1.3822331429
, 1.3768839836
, 1.3773379326
, 1.3783531189
, 1.3766422272
, 1.3742327690
, 1.3770380020
, 1.3797106743
, 1.3794951439
, 1.3789482117
, 1.3822827339
, 1.3845643997
, 1.3829455376
, 1.3799982071
, 1.3820095062
, 1.3838086128
, 1.3822889328
, 1.3772273064
, 1.3719725609
, 1.3728981018
, 1.3745193481
, 1.3733458519
, 1.3714098930
, 1.3746428490
, 1.3780665398
, 1.3789348602
, 1.3751878738
, 1.3704857826
, 1.3714704514
, 1.3729834557
, 1.3717164993
, 1.3697614670
, 1.3730540276
, 1.3762044907
, 1.3760032654
, 1.3746337891
, 1.3780093193
, 1.3809251785
, 1.3803577423
, 1.3784613609
, 1.3796720505
, 1.3759379387
, 1.3715715408
, 1.3723645210
, 1.3724060059
, 1.3719463348
, 1.3766598701
, 1.3808922768
, 1.3819270134
, 1.3789415359
, 1.3749794960
, 1.3760476112
, 1.3765625954
, 1.3764257431
, 1.3808789253
, 1.3853635788
, 1.3862385750
, 1.3822221756
, 1.3771176338
, 1.3770546913
, 1.3771371841
, 1.3768949509
, 1.3801350594
, 1.3816113472
, 1.3796458244
, 1.3779072762
, 1.3804049492
, 1.3823542595
, 1.3816661835
, 1.3801665306
, 1.3826098442
, 1.3838357925
, 1.3820338249
, 1.3809041977
, 1.3839640617
, 1.3855309486
, 1.3832106590
, 1.3805336952
, 1.3827862740
, 1.3845491409
, 1.3839478493
, 1.3819065094
, 1.3835997581
, 1.3843955994
, 1.3843293190
, 1.3886404037
, 1.3921556473
, 1.3919754028
, 1.3891277313
, 1.3855872154
, 1.3863153458
, 1.3904232979
, 1.3972783089
, 1.4012122154
, 1.3999304771
, 1.3963999748
, 1.3972868919
, 1.3974947929
, 1.3943071365
, 1.3899459839
, 1.3905735016
, 1.3910374641
, 1.3859577179
, 1.3697504997
, 1.3482341766
, 1.3187665939
, 1.2757477760
, 1.2248682976
, 1.1726293564
, 1.1213302612
, 1.0658726692
, 1.0056257248
, 0.9422101974
, 0.8722934723
, 0.8043746948
, 0.7414870262
, 0.6775479317
, 0.6140222549
, 0.5575785637
, 0.5034737587
, 0.4520382881
, 0.4049782753
, 0.3600354195
, 0.3211636543
, 0.2884144783
, 0.2608327866
, 0.2379179001
, 0.2169256210
, 0.1917786598
, 0.1679983139
, 0.1493520737
, 0.1364331245
, 0.1285963058
, 0.1247248650
, 0.1260962486
, 0.1369109154
, 0.1506094933
, 0.1648111343
, 0.1772165298
, 0.1828260422
, 0.1893978119
, 0.1970577240
, 0.2092351913
, 0.2221078873
, 0.2375192642
, 0.2512784004
, 0.2656555176
, 0.2772698402
, 0.2889709473
, 0.2976074219
, 0.3061094284
, 0.3116869926
, 0.3180308342
, 0.3217148781
, 0.3252496719
, 0.3355183601
, 0.3448085785
, 0.3533487320
, 0.3577108383
, 0.3606281281
, 0.3597764969
, 0.3613185883
, 0.3657350540
, 0.3674006462
, 0.3686575890
, 0.3667211533
, 0.3650717735
, 0.3613963127
, 0.3600244522
, 0.3570790291
, 0.3523168564
, 0.3491754532
, 0.3443632126
, 0.3412728310
, 0.3375115395
, 0.3362426758
, 0.3322982788
, 0.3253250122
, 0.3214807510
, 0.3178019524
, 0.3165421486
, 0.3148393631
, 0.3173847198
, 0.3218803406
, 0.3218097687
, 0.3211946487
, 0.3263144493
, 0.3323121071
, 0.3349123001
, 0.3374853134
, 0.3373332024
, 0.3379774094
, 0.3369569778
, 0.3374204636
, 0.3363866806
, 0.3367877007
, 0.3333206177
, 0.3263521194
, 0.3219733238
, 0.3181381226
, 0.3181805611
, 0.3186435699
, 0.3184351921
, 0.3181962967
, 0.3209762573
, 0.3225646019
, 0.3254842758
, 0.3268499374
, 0.3295845985
, 0.3302669525
, 0.3321080208
, 0.3321213722
, 0.3334288597
, 0.3331317902
, 0.3342671394
, 0.3338627815
, 0.3354249001
, 0.3365931511
, 0.3381271362
, 0.3374104500
, 0.3376407623
, 0.3363018036
, 0.3364582062
, 0.3327937126
, 0.3255929947
, 0.3209867477
, 0.3169250488
, 0.3163385391
, 0.3158078194
, 0.3178639412
