StateVariable_7=[0.0000000000
, 0.0069881002
, 0.0139800627
, 0.0209602416
, 0.0278940443
, 0.0347611085
, 0.0416623354
, 0.0483540334
, 0.0547924452
, 0.0610591546
, 0.0671185330
, 0.0730773360
, 0.0787115172
, 0.0840990618
, 0.0892413110
, 0.0940941274
, 0.0987352207
, 0.1030628979
, 0.1070954427
, 0.1108627915
, 0.1143397093
, 0.1175876260
, 0.1206057370
, 0.1237084344
, 0.1258092970
, 0.1280509233
, 0.1300697625
, 0.1318984777
, 0.1335152686
, 0.1349699050
, 0.1362709850
, 0.1374328882
, 0.1384759098
, 0.1394171715
, 0.1402735263
, 0.1410625428
, 0.1418050379
, 0.1425158978
, 0.1432154030
, 0.1438950002
, 0.1445819736
, 0.1452755481
, 0.1459871978
, 0.1467234045
, 0.1474912018
, 0.1482965499
, 0.1491410136
, 0.1500229836
, 0.1509438306
, 0.1519068927
, 0.1529116184
, 0.1539594084
, 0.1550570726
, 0.1562035829
, 0.1574118435
, 0.1586414576
, 0.1599291116
, 0.1612456441
, 0.1625968218
, 0.1639727503
, 0.1653729379
, 0.1667960137
, 0.1682384312
, 0.1696982533
, 0.1711774766
, 0.1726754755
, 0.1741892695
, 0.1757413447
, 0.1772290170
, 0.1787528992
, 0.1803139746
, 0.1818250865
, 0.1833242476
, 0.1848145872
, 0.1863038987
, 0.1878053546
, 0.1892775595
, 0.1907462329
, 0.1922099739
, 0.1936495602
, 0.1951114386
, 0.1965479404
, 0.1979751885
, 0.1993903518
, 0.2008029670
, 0.2022191286
, 0.2036412656
, 0.2050609887
, 0.2064490020
, 0.2078430206
, 0.2092307359
, 0.2106141597
, 0.2119947672
, 0.2133727819
, 0.2147445828
, 0.2161107212
, 0.2174777985
, 0.2188468575
, 0.2202153504
, 0.2215802073
, 0.2229400724
, 0.2242926806
, 0.2256610096
, 0.2270084620
, 0.2283703834
, 0.2297298759
, 0.2310951203
, 0.2324646860
, 0.2338350564
, 0.2352048308
, 0.2365653813
, 0.2379209250
, 0.2392791063
, 0.2406399548
, 0.2420011014
, 0.2433619499
, 0.2447276711
, 0.2460979521
, 0.2474821657
, 0.2488428503
, 0.2502219975
, 0.2515988946
, 0.2529786825
, 0.2543562949
, 0.2557365298
, 0.2571190298
, 0.2585003376
, 0.2598792911
, 0.2612607777
, 0.2626444697
, 0.2640280426
, 0.2654046118
, 0.2667770684
, 0.2681503594
, 0.2695605457
, 0.2709458768
, 0.2723199129
, 0.2736895382
, 0.2750626504
, 0.2764629424
, 0.2778420448
, 0.2792147398
, 0.2805862725
, 0.2819573581
, 0.2833377123
, 0.2847113311
, 0.2860847414
, 0.2874544561
, 0.2888285816
, 0.2902164161
, 0.2916160226
, 0.2929930687
, 0.2943872809
, 0.2957804203
, 0.2971740067
, 0.2985639274
, 0.2999548316
, 0.3013475537
, 0.3027354479
, 0.3041231930
, 0.3055088818
, 0.3068970740
, 0.3082820773
, 0.3096648753
, 0.3110493422
, 0.3124353290
, 0.3138349652
, 0.3154010773
, 0.3165783882
, 0.3179596663
, 0.3193417192
, 0.3207205832
, 0.3220959902
, 0.3234762549
, 0.3248586357
, 0.3262397349
, 0.3276183903
, 0.3289995492
, 0.3303829134
, 0.3317661881
, 0.3331435919
, 0.3345148265
, 0.3359104693
, 0.3374707401
, 0.3386443257
, 0.3400174081
, 0.3413840830
, 0.3427623510
, 0.3441206515
, 0.3454896212
, 0.3468557000
, 0.3482241333
, 0.3496007025
, 0.3509731293
, 0.3523422182
, 0.3537182212
, 0.3550995290
, 0.3564756811
, 0.3578830361
, 0.3592613637
, 0.3606262803
, 0.3619830012
, 0.3633450270
, 0.3647230268
, 0.3660886884
, 0.3674575388
, 0.3688297570
, 0.3701953888
, 0.3715801835
, 0.3729508817
, 0.3743247688
, 0.3756939769
, 0.3770691156
, 0.3784618378
, 0.3798707426
, 0.3814475536
, 0.3826252222
, 0.3840074539
, 0.3853937984
, 0.3867767453
, 0.3881675601
, 0.3895574808
, 0.3909474313
, 0.3923357129
, 0.3937255740
, 0.3951164782
, 0.3965049684
, 0.3978899419
, 0.3992776573
, 0.4006655514
, 0.4020670354
, 0.4036422968
, 0.4048239291
, 0.4061919153
, 0.4075390399
, 0.4088968039
, 0.4102602601
, 0.4116159678
, 0.4129817188
, 0.4143522680
, 0.4157243967
, 0.4170939326
, 0.4184608459
, 0.4198296964
, 0.4212009013
, 0.4225715399
, 0.4239583611
, 0.4255139828
, 0.4266671240
, 0.4280297756
, 0.4293974042
, 0.4307748079
, 0.4321608543
, 0.4335491061
, 0.4349367917
, 0.4363300204
, 0.4377206862
, 0.4391117990
, 0.4404981434
, 0.4418771565
, 0.4432560205
, 0.4446344078
, 0.4460425377
, 0.4476449490
, 0.4487684369
, 0.4501473904
, 0.4515239000
, 0.4529832006
, 0.4543089569
, 0.4556751549
, 0.4570457935
, 0.4584295452
, 0.4598014057
, 0.4611891806
, 0.4625739455
, 0.4639546275
, 0.4653438926
, 0.4667109847
, 0.4680895507
, 0.4694709480
, 0.4708329141
, 0.4721992314
, 0.4735836983
, 0.4749748409
, 0.4763707221
, 0.4777700007
, 0.4791600108
, 0.4805551767
, 0.4819511175
, 0.4833441377
, 0.4847341478
, 0.4861229062
, 0.4875134826
, 0.4889014661
, 0.4903023839
, 0.4916628301
, 0.4930424690
, 0.4944190681
, 0.4957981408
, 0.4971817732
, 0.4985701442
, 0.4999559224
, 0.5013381243
, 0.5027150512
, 0.5040923953
, 0.5054706931
, 0.5068473816
, 0.5082216263
, 0.5095986128
, 0.5109794140
, 0.5123739839
, 0.5137379169
, 0.5151214600
, 0.5165036321
, 0.5178865790
, 0.5192666054
, 0.5206485987
, 0.5220323801
, 0.5234146714
, 0.5247918963
, 0.5261649489
, 0.5275378823
, 0.5289112926
, 0.5302846432
, 0.5316560864
, 0.5330306888
, 0.5344237685
, 0.5357887745
, 0.5371652246
, 0.5385344625
, 0.5399059653
, 0.5412778258
, 0.5426495671
, 0.5440192819
, 0.5453923345
, 0.5467685461
, 0.5481456518
, 0.5495191813
, 0.5508972406
, 0.5522792339
, 0.5536596179
, 0.5550369620
, 0.5564478040
, 0.5578411222
, 0.5592058301
, 0.5605655313
, 0.5619367361
, 0.5633133054
, 0.5646876097
, 0.5660777688
, 0.5674586296
, 0.5688375831
, 0.5702102184
, 0.5715770721
, 0.5729547143
, 0.5743265748
, 0.5757178068
, 0.5771079063
, 0.5784848332
, 0.5798705220
, 0.5812405944
, 0.5826141834
, 0.5839948058
, 0.5853567123
, 0.5867299438
, 0.5881091356
, 0.5895096660
, 0.5908702016
, 0.5922505856
, 0.5936411619
, 0.5950275064
, 0.5963971615
, 0.5977752209
, 0.5991578102
, 0.6005654335
, 0.6019300222
, 0.6033093929
, 0.6046901941
, 0.6060850620
, 0.6074621677
, 0.6088380218
, 0.6102387309
, 0.6116179824
, 0.6129895449
, 0.6143707633
, 0.6157564521
, 0.6171395183
, 0.6185328960
, 0.6199237704
, 0.6213345528
, 0.6227282882
, 0.6240918040
, 0.6256956458
, 0.6268620491
, 0.6282593608
, 0.6296605468
, 0.6310604811
, 0.6324592829
, 0.6338541508
, 0.6352540255
, 0.6366471052
, 0.6380370259
, 0.6394265294
, 0.6408199072
, 0.6422035098
, 0.6435756087
, 0.6449509263
, 0.6462895870
, 0.6475546360
, 0.6487722993
, 0.6499429941
, 0.6510671377
, 0.6521276236
, 0.6531459093
, 0.6540849805
, 0.6549572945
, 0.6557602882
, 0.6564980745
, 0.6571744680
, 0.6577864289
, 0.6583360434
, 0.6588391066
, 0.6592979431
, 0.6597586274
, 0.6600634456
, 0.6603848338
, 0.6606730223
, 0.6609338522
, 0.6611723900
, 0.6613892913
, 0.6615807414
, 0.6617487669
, 0.6618979573
, 0.6620343924
, 0.6621630192
, 0.6622877121
, 0.6624138355
, 0.6625507474
, 0.6627033949
, 0.6628909707
, 0.6630426645
, 0.6632242203
, 0.6634134650
, 0.6636105180
, 0.6638197899
, 0.6640420556
, 0.6642794013
, 0.6645306945
, 0.6647963524
, 0.6650738120
, 0.6653627753
, 0.6656601429
, 0.6659662724
, 0.6662779450
, 0.6665994525
, 0.6669635177
, 0.6672424078
, 0.6675779223
, 0.6679227352
, 0.6682772636
, 0.6686340570
, 0.6689946651
, 0.6693542004
, 0.6697155237
, 0.6700812578
, 0.6704486609
, 0.6708173156
, 0.6711840034
, 0.6715490818
, 0.6719120145
, 0.6722765565
, 0.6726381183
, 0.6729895473
, 0.6733372808
, 0.6736807823
, 0.6740223169
, 0.6743595600
, 0.6746972203
, 0.6750289202
, 0.6753556132
, 0.6756765842
, 0.6759924889
, 0.6763087511
, 0.6766233444
, 0.6769351363
, 0.6773077846
, 0.6775829196
, 0.6779466867
, 0.6782264709
, 0.6785590053
, 0.6788936853
, 0.6792305708
, 0.6795676351
, 0.6799058914
, 0.6802428365
, 0.6805802584
, 0.6809163690
, 0.6812531948
, 0.6815867424
, 0.6819131374
, 0.6822353601
, 0.6825532317
, 0.6828756928
, 0.6832389832
, 0.6835085154
, 0.6838275194
, 0.6841479540
, 0.6844702363
, 0.6847960353
, 0.6851233840
, 0.6854521632
, 0.6857827306
, 0.6861145496
, 0.6864466667
, 0.6867800951
, 0.6871132255
, 0.6874474883
, 0.6877813339
, 0.6881207228
, 0.6884536743
, 0.6887922883
, 0.6891288757
, 0.6894668341
, 0.6898028255
, 0.6901392937
, 0.6904720664
, 0.6907976866
, 0.6911186576
, 0.6914355755
, 0.6917518973
, 0.6920677423
, 0.6923858523
