time=[0.0000000000
, 0.9966999888
, 1.9974999428
, 2.9974999428
, 3.9974999428
, 4.9974999428
, 5.9966998100
, 7.0167999268
, 8.0000000000
, 8.9983997345
, 10.0889997482
, 10.9983997345
, 11.9983997345
, 13.0235004425
, 14.0277004242
, 15.0227003098
, 16.0184993744
, 17.0167999268
, 18.0478992462
, 19.0109004974
, 20.0251998901
, 21.0251998901
, 22.0226993561
, 23.0226993561
, 24.0167999268
, 25.0160007477
, 26.0135002136
, 27.0244007111
, 28.0051002502
, 29.0109004974
, 30.0067005157
, 31.0135002136
, 32.0033988953
, 33.0059013367
, 34.0150985718
, 35.0125999451
, 36.0101013184
, 37.0101013184
, 38.0185012817
, 39.0093002319
, 40.0051002502
, 41.0033988953
, 42.0143013000
, 43.0143013000
, 44.0000000000
, 45.0066986084
, 45.9975013733
, 46.9984016418
, 47.9975013733
, 48.9975013733
, 49.9967002869
, 50.9967002869
, 51.9967002869
, 52.9967002869
, 53.9967002869
, 54.9967002869
, 55.9975013733
, 57.0000000000
, 57.9967002869
, 58.9975013733
, 59.9967002869
, 61.0083999634
, 61.9975013733
, 62.9984016418
, 63.9967002869
, 64.9966964722
, 65.9966964722
, 67.0000000000
, 67.9974975586
, 68.9974975586
, 69.9974975586
, 70.9966964722
, 71.9966964722
, 72.9966964722
, 73.9966964722
, 74.9966964722
, 75.9966964722
, 77.0217971802
, 78.0277023315
, 79.0202026367
, 80.0177001953
, 81.0150985718
, 82.0226974487
, 83.0210037231
, 84.0226974487
, 85.0210037231
, 86.0142974854
, 87.0226974487
, 88.0217971802
, 89.0167999268
, 90.0101013184
, 90.9966964722
, 91.9966964722
, 93.0075988770
, 94.0026016235
, 94.9983978271
, 95.9966964722
, 96.9974975586
, 97.9974975586
, 98.9974975586
, 99.9974975586
, 101.0075988770
, 101.9983978271
, 102.9966964722
, 103.9966964722
, 104.9966964722
, 105.9966964722
, 106.9974975586
, 107.9966964722
, 109.0075988770
, 110.0009002686
, 110.9983978271
, 111.9966964722
, 112.9966964722
, 113.9966964722
, 114.9966964722
, 115.9966964722
, 116.9966964722
, 117.9966964722
, 119.0009002686
, 119.9966964722
, 120.9966964722
, 121.9966964722
, 122.9966964722
, 123.9966964722
, 125.0066986084
, 125.9974975586
, 127.0050964355
, 127.9974975586
, 128.9974975586
, 129.9967041016
, 130.9967041016
, 131.9967041016
, 132.9967041016
, 134.0041961670
, 134.9967041016
, 135.9967041016
, 136.9967041016
, 137.9974975586
, 138.9967041016
, 139.9967041016
, 141.0184936523
, 142.0234985352
, 143.0234985352
, 144.0184936523
, 145.0135040283
, 146.0234985352
, 147.0218048096
, 148.0252075195
, 149.0260009766
, 150.0218048096
, 151.0227050781
, 152.0160064697
, 153.0151062012
, 154.0101013184
, 154.9983978271
, 155.9974975586
, 157.0092926025
, 158.1358947754
, 158.9983978271
, 160.0487060547
, 160.9974975586
, 162.0126037598
, 163.0000000000
, 163.9974975586
, 164.9974975586
, 165.9974975586
, 166.9992065430
, 167.9983978271
, 168.9983978271
, 169.9992065430
, 170.9974975586
, 171.9983978271
, 173.0101013184
, 174.1988983154
, 175.0009002686
, 175.9974975586
, 177.0000000000
, 177.9983978271
, 178.9983978271
, 179.9974975586
, 181.0016937256
, 181.9974975586
, 183.0009002686
, 183.9983978271
, 184.9983978271
, 185.9983978271
, 187.0009002686
, 187.9983978271
, 189.0126037598
, 190.1502075195
, 190.9974975586
, 191.9974975586
, 192.9992065430
, 194.0000000000
, 194.9992065430
, 195.9967041016
, 196.9992065430
, 197.9974975586
, 198.9974975586
, 199.9967041016
, 200.9967041016
, 201.9967041016
, 202.9983978271
, 203.9974975586
, 205.0092926025
, 206.1459960938
, 206.9992065430
, 207.9974975586
, 209.0009002686
, 209.9974975586
, 210.9967041016
, 211.9967041016
, 212.9967041016
, 213.9967041016
, 214.9967041016
, 215.9974975586
, 216.9983978271
, 217.9983978271
, 219.0041961670
, 220.0025939941
, 221.0193023682
, 222.0269012451
, 223.0234985352
, 224.0177001953
, 225.0142974854
, 226.0234985352
, 227.0193023682
, 228.0252075195
, 229.0243988037
, 230.0243988037
, 231.0202026367
, 232.0218048096
, 233.0218048096
, 234.0108947754
, 235.0092926025
, 236.0016937256
, 237.0126037598
, 238.1493988037
, 238.9974975586
, 239.9967041016
, 240.9967041016
, 241.9974975586
, 242.9983978271
, 243.9974975586
, 244.9967041016
, 245.9967041016
, 247.0016937256
, 247.9974975586
, 248.9974975586
, 249.9992065430
, 250.9974975586
, 251.9967041016
, 253.0117950439
, 254.1468048096
, 254.9967041016
, 255.9967041016
, 256.9984130859
, 257.9974975586
, 258.9992065430
, 260.0050964355
, 261.0067138672
, 261.9967041016
, 262.9967041016
, 263.9967041016
, 264.9967041016
, 265.9967041016
, 266.9992065430
, 267.9967041016
, 269.0075988770
, 269.9974975586
, 270.9984130859
, 271.9967041016
, 272.9967041016
, 273.9992065430
, 274.9967041016
, 275.9967041016
, 276.9967041016
, 277.9974975586
, 278.9974975586
, 279.9974975586
, 280.9967041016
, 281.9967041016
, 282.9967041016
, 283.9967041016
, 285.0177001953
, 286.1007080078
, 287.0260009766
, 288.0177001953
, 289.0143127441
, 290.0202026367
, 291.0134887695
, 292.0244140625
, 293.0252075195
, 294.0202026367
, 295.0202026367
, 296.0151062012
, 297.0462036133
, 298.0184936523
, 299.0101013184
, 299.9974975586
, 301.0075988770
, 301.9974975586
, 302.9992065430
, 303.9967041016
, 304.9974975586
, 305.9984130859
, 306.9984130859
, 307.9984130859
, 308.9984130859
, 309.9974975586
, 310.9974975586
, 311.9984130859
, 312.9974975586
, 313.9974975586
, 314.9974975586
, 315.9974975586
, 317.0101013184
, 317.9992065430
, 319.0008850098
, 319.9992065430
, 320.9992065430
, 322.0000000000
, 322.9967041016
, 323.9974975586
, 324.9984130859
, 325.9974975586
, 326.9967041016
, 327.9974975586
, 328.9984130859
, 329.9984130859
, 330.9967041016
, 331.9974975586
, 333.0093078613
, 333.9984130859
, 334.9992065430
, 335.9974975586
, 336.9984130859
, 338.0042114258
, 339.0101013184
, 340.0083923340
, 341.0177001953
, 342.0168151855
, 343.0108947754
, 344.0058898926
, 344.9974975586
, 346.0108947754
, 347.0067138672
, 348.0000000000
, 349.0134887695
, 350.0260009766
, 351.0252075195
, 352.0217895508
, 353.0151062012
, 354.0202026367
, 355.0168151855
, 356.0227050781
, 357.0217895508
, 358.0192871094
, 359.0192871094
, 360.0252075195
, 361.0234985352
, 362.0168151855
, 363.0093078613
, 363.9984130859
, 365.0310974121
, 366.0025939941
, 367.0067138672
, 367.9984130859
, 368.9984130859
, 369.9974975586
, 371.0033874512
, 371.9974975586
, 372.9974975586
, 373.9967041016
, 375.0025939941
, 375.9984130859
, 376.9974975586
, 377.9984130859
, 378.9992065430
, 379.9974975586
, 381.0184936523
, 382.0050964355
, 383.0126037598
, 383.9984130859
, 384.9992065430
, 386.0000000000
, 386.9967041016
, 387.9974975586
, 389.0042114258
, 390.0008850098
, 390.9974975586
, 391.9967041016
, 392.9974975586
, 393.9967041016
, 394.9974975586
, 395.9967041016
, 397.0143127441
, 398.0017089844
, 399.0008850098
, 399.9984130859
, 400.9974975586
, 401.9974975586
, 403.0033874512
, 403.9967041016
, 404.9992065430
, 405.9974975586
, 406.9974975586
, 407.9974975586
, 408.9974975586
, 409.9974975586
, 410.9967041016
, 411.9974975586
, 413.0126037598
, 414.0252075195
, 415.0244140625
, 416.0227050781
, 417.0192871094
, 418.0209960938
, 419.0159912109
, 420.0234985352
, 421.0227050781
, 422.0217895508
, 423.0244140625
, 424.0177001953
, 425.0159912109
, 426.0101013184
, 426.9974975586
, 427.9974975586
, 429.0151062012
, 430.0008850098
, 431.0008850098
, 431.9974975586
, 432.9974975586
, 434.0050964355
, 435.0075988770
, 436.0025939941
, 436.9974975586
, 437.9984130859
, 438.9974975586
, 439.9984130859
, 440.9967041016
, 441.9974975586
, 442.9992065430
, 443.9967041016
, 445.0293884277
, 446.0025939941
, 447.0042114258
, 448.0067138672
, 449.0008850098
, 449.9974975586
, 450.9974975586
, 451.9974975586
, 452.9974975586
, 453.9974975586
, 454.9974975586
, 455.9984130859
, 456.9984130859
, 458.0033874512
, 459.0000000000
, 460.0000000000
, 461.0252075195
, 462.0008850098
, 463.0017089844
, 464.0000000000
, 464.9974975586
, 465.9974975586
, 466.9974975586
, 467.9984130859
, 468.9984130859
, 469.9974975586
, 470.9974975586
, 471.9974975586
, 472.9967041016
, 473.9974975586
, 475.0017089844
