position=[0.0076159821
, 0.0076159821
, 0.0083775800
, 0.0091391783
, 0.0102815758
, 0.0118047725
, 0.0133279692
, 0.0156127634
, 0.0178975575
, 0.0205631517
, 0.0236095451
, 0.0266559385
, 0.0300831292
, 0.0338911191
, 0.0380799100
, 0.0422687009
, 0.0468382910
, 0.0517886803
, 0.0571198650
, 0.0624510534
, 0.0685438365
, 0.0746366233
, 0.0811102092
, 0.0875837952
, 0.0944381803
, 0.1016733646
, 0.1092893481
, 0.1172861233
, 0.1252829134
, 0.1336604804
, 0.1420380622
, 0.1511772424
, 0.1603164226
, 0.1698364019
, 0.1793563813
, 0.1892571598
, 0.1991579384
, 0.2094395161
, 0.2197210789
, 0.2303834558
, 0.2406650335
, 0.2509466112
, 0.2616089880
, 0.2718905509
, 0.2817913294
, 0.2916921079
, 0.3008312881
, 0.3099704683
, 0.3187288642
, 0.3274872303
, 0.3358648121
, 0.3438616097
, 0.3514775634
, 0.3590935469
, 0.3659479320
, 0.3728023171
, 0.3796567023
, 0.3857494891
, 0.3918422759
, 0.3975542784
, 0.4028854668
, 0.4082166553
, 0.4131670296
, 0.4177366197
, 0.4219254255
, 0.4257334173
, 0.4295414090
, 0.4333494008
, 0.4367765784
, 0.4402037561
, 0.4436309636
, 0.4474389553
, 0.4508661330
, 0.4550549388
, 0.4592437148
, 0.4634325206
, 0.4683828950
, 0.4737140834
, 0.4790452719
, 0.4843764603
, 0.4904692471
, 0.4965620339
, 0.5030356050
, 0.5098900199
, 0.5171251893
, 0.5243603587
, 0.5319763422
, 0.5399731398
, 0.5483506918
, 0.5567283034
, 0.5654866695
, 0.5742450356
, 0.5837650299
, 0.5932850242
, 0.6028050184
, 0.6127057672
, 0.6226065159
, 0.6328881383
, 0.6431697011
, 0.6534512639
, 0.6637328267
, 0.6740144491
, 0.6839151978
, 0.6934351921
, 0.7029551268
, 0.7120943069
, 0.7208527327
, 0.7296110988
, 0.7376078963
, 0.7459854484
, 0.7536014318
, 0.7608366013
, 0.7680718303
, 0.7749261856
, 0.7813997865
, 0.7878733873
, 0.7935853601
, 0.7992973328
, 0.8050093055
, 0.8099597096
, 0.8149101138
, 0.8194797039
, 0.8236684799
, 0.8278572559
, 0.8316652775
, 0.8354732394
, 0.8389004469
, 0.8427084088
, 0.8461356163
, 0.8495628238
, 0.8537515998
, 0.8575596213
, 0.8617483974
, 0.8663179874
, 0.8712683916
, 0.8765995502
, 0.8819307089
, 0.8876427412
, 0.8937355280
, 0.9002090693
, 0.9066826701
, 0.9139178395
, 0.9211530685
, 0.9287690520
, 0.9363850355
, 0.9443817735
, 0.9527593851
, 0.9615177512
, 0.9702761173
, 0.9794152975
, 0.9889352918
, 0.9984552860
, 1.0083560944
, 1.0182567835
, 1.0281575918
, 1.0380584002
, 1.0483399630
, 1.0590022802
, 1.0704263449
, 1.0788038969
, 1.0894662142
, 1.0982246399
, 1.1077445745
, 1.1168837547
, 1.1252614260
, 1.1340197325
, 1.1420165300
, 1.1500133276
, 1.1576292515
, 1.1648644209
, 1.1717188358
, 1.1785732508
, 1.1850467920
, 1.1911395788
, 1.1979939938
, 1.2025636435
, 1.2078948021
, 1.2128452063
, 1.2177956104
, 1.2219843864
, 1.2261731625
, 1.2303619385
, 1.2341699600
, 1.2375971079
, 1.2410242558
, 1.2448322773
, 1.2482594252
, 1.2520674467
, 1.2558754683
, 1.2604449987
, 1.2653954029
, 1.2692034245
, 1.2741538286
, 1.2794849873
, 1.2851970196
, 1.2909089327
, 1.2973825932
, 1.3038561344
, 1.3103297949
, 1.3175649643
, 1.3248001337
, 1.3324160576
, 1.3404128551
, 1.3484096527
, 1.3571680784
, 1.3659263849
, 1.3762079477
, 1.3838239908
, 1.3933439255
, 1.4032447338
, 1.4131455421
, 1.4230462313
, 1.4333277941
, 1.4432286024
, 1.4538910389
, 1.4637917280
, 1.4740734100
, 1.4839740992
, 1.4938749075
, 1.5033948421
, 1.5125340223
, 1.5216732025
, 1.5300508738
, 1.5384284258
, 1.5464252234
, 1.5540411472
, 1.5616571903
, 1.5688923597
, 1.5757467747
, 1.5822203159
, 1.5886938572
, 1.5947866440
, 1.6004986763
, 1.6058298349
, 1.6107802391
, 1.6157306433
, 1.6203001738
, 1.6248698235
, 1.6294393539
, 1.6324857473
, 1.6362937689
, 1.6397209167
, 1.6435289383
, 1.6469562054
, 1.6503833532
, 1.6541913748
, 1.6583801508
, 1.6625689268
, 1.6671384573
, 1.6720888615
, 1.6770392656
, 1.6823704243
, 1.6880824566
, 1.6941752434
, 1.7014104128
, 1.7071224451
, 1.7139767408
, 1.7212120295
, 1.7284471989
, 1.7364439964
, 1.7444406748
, 1.7528183460
, 1.7611958981
, 1.7699542046
, 1.7790933847
, 1.7882325649
, 1.7977526188
, 1.8076534271
, 1.8175541162
, 1.8278356791
, 1.8377364874
, 1.8480180502
, 1.8582996130
, 1.8685811758
, 1.8784819841
, 1.8883827925
, 1.8979027271
, 1.9074227810
, 1.9165619612
, 1.9253202677
, 1.9336978197
, 1.9420754910
, 1.9496914148
, 1.9573074579
, 1.9649233818
, 1.9721585512
, 1.9793937206
, 1.9854865074
, 1.9915792942
, 1.9972913265
, 2.0030033588
, 2.0083343983
, 2.0132849216
, 2.0182352066
, 2.0224239826
, 2.0266127586
, 2.0308015347
, 2.0346095562
, 2.0380368233
, 2.0414640903
, 2.0448911190
, 2.0486991405
, 2.0521264076
, 2.0563151836
, 2.0601232052
, 2.0646927357
, 2.0692622662
, 2.0742127895
, 2.0795438290
, 2.0852558613
, 2.0909678936
, 2.0970606804
, 2.1035342216
, 2.1103887558
, 2.1172430515
, 2.1244783401
, 2.1320941448
, 2.1400909424
, 2.1480877399
, 2.1564652920
, 2.1652238369
, 2.1743628979
, 2.1835021973
, 2.1930220127
, 2.2025420666
, 2.2124428749
, 2.2223436832
, 2.2326252460
, 2.2429068089
, 2.2531883717
, 2.2634699345
, 2.2733707428
, 2.2836523056
, 2.2935531139
, 2.3026921749
, 2.3122122288
, 2.3209705353
, 2.3297288418
, 2.3381066322
, 2.3461034298
, 2.3537192345
, 2.3613352776
, 2.3685705662
, 2.3754248619
, 2.3822791576
, 2.3883719444
, 2.3944647312
, 2.4001767635
, 2.4058887959
, 2.4112200737
, 2.4161703587
, 2.4207398891
, 2.4249286652
, 2.4291174412
, 2.4329254627
, 2.4367334843
, 2.4401607513
, 2.4439687729
, 2.4473958015
, 2.4508230686
, 2.4546310902
, 2.4588198662
, 2.4630086422
, 2.4671974182
, 2.4721477032
, 2.4770982265
, 2.4824295044
, 2.4881412983
, 2.4938533306
, 2.5003268719
, 2.5068006516
, 2.5136549473
, 2.5205092430
, 2.5281252861
, 2.5357413292
, 2.5437381268
, 2.5521156788
, 2.5604932308
, 2.5692515373
, 2.5783908367
, 2.5875298977
, 2.5974307060
, 2.6069507599
, 2.6168515682
, 2.6267523766
, 2.6370339394
, 2.6473155022
, 2.6575970650
, 2.6678786278
, 2.6781601906
, 2.6880609989
, 2.6975808144
, 2.7071008682
, 2.7162399292
, 2.7249984741
, 2.7337567806
, 2.7417535782
, 2.7501311302
, 2.7577471733
, 2.7649822235
, 2.7722175121
, 2.7790718079
, 2.7859263420
, 2.7920191288
, 2.7977311611
, 2.8034429550
, 2.8091549873
, 2.8141055107
, 2.8190557957
, 2.8236253262
, 2.8278141022
, 2.8320028782
, 2.8358108997
, 2.8396189213
, 2.8430461884
, 2.8468542099
, 2.8502812386
, 2.8537085056
, 2.8578972816
, 2.8617053032
, 2.8658940792
, 2.8704636097
, 2.8754141331
, 2.8807451725
, 2.8860764503
, 2.8917884827
, 2.8978812695
, 2.9039740562
, 2.9104475975
, 2.9176828861
, 2.9245371819
, 2.9321532249
, 2.9397690296
, 2.9477658272
, 2.9561433792
, 2.9649019241
, 2.9736602306
, 2.9827995300
, 2.9919385910
, 3.0014586449
, 3.0113594532
, 3.0212600231
, 3.0315418243
, 3.0418233871
, 3.0521049500
, 3.0627672672
, 3.0726680756
, 3.0825688839
, 3.0924694538
, 3.1019895077
, 3.1115095615
, 3.1202678680
, 3.1290261745
, 3.1377847195
, 3.1457815170
, 3.1537783146
, 3.1613941193
, 3.1686294079
, 3.1758644581
, 3.1827189922
, 3.1891925335
, 3.1952853203
, 3.2009973526
, 3.2067093849
, 3.2120404243
, 3.2173717022
, 3.2219412327
, 3.2265107632
, 3.2306995392
, 3.2345075607
, 3.2383155823
, 3.2421236038
, 3.2455508709
, 3.2489778996
, 3.2527859211
, 3.2562131882
, 3.2604019642
, 3.2645907402
, 3.2687795162
, 3.2733490467
, 3.2782995701
, 3.2836306095
, 3.2893426418
, 3.2950546741
, 3.3011474609
, 3.3076210022
, 3.3140945435
, 3.3213298321
, 3.3285651207
, 3.3361809254
, 3.3437969685
, 3.3517937660
, 3.3601713181
, 3.3689296246
, 3.3776881695
, 3.3868272305
, 3.3963472843
, 3.4058673382
, 3.4157679081
, 3.4256687164
, 3.4355695248
, 3.4458510876
, 3.4565134048
, 3.4664142132
, 3.4766957760
, 3.4869773388
, 3.4964973927
, 3.5060174465
, 3.5155372620
, 3.5246765614
, 3.5330541134
, 3.5414316654
, 3.5494284630
, 3.5574252605
, 3.5650413036
, 3.5722763538
, 3.5791308880
, 3.5859851837
, 3.5924587250
, 3.5985515118
, 3.6042635441
, 3.6099755764
, 3.6149258614
, 3.6202571392
, 3.6248266697
, 3.6293962002
, 3.6335852146
, 3.6373929977
, 3.6408202648
, 3.6446282864
, 3.6480555534
, 3.6518635750
