StateVariable_6=[7.0000000000
, 7.0000000000
, 6.9991626740
, 6.9940409660
, 6.9820957184
, 6.9606428146
, 6.9273123741
, 6.8809247017
, 6.8192658424
, 6.7415032387
, 6.6474375725
, 6.5375394821
, 6.4116635323
, 6.2707781792
, 6.1158294678
, 5.9473600388
, 5.7668929100
, 5.5754127502
, 5.3735189438
, 5.1620855331
, 4.9415116310
, 4.7118291855
, 4.4740414619
, 4.2291646004
, 3.9791026115
, 3.7247734070
, 3.4663901329
, 3.2037837505
, 2.9370880127
, 2.6669168472
, 2.3945188522
, 2.1211810112
, 1.8464021683
, 1.5702052116
, 1.2932486534
, 1.0171031952
, 0.7422728539
, 0.4697585106
, 0.2001914978
, -0.0653038025
, -0.3266091347
, -0.5811476707
, -0.8263854980
, -1.0609645844
, -1.2825412750
, -1.4882316589
, -1.6748943329
, -1.8386077881
, -1.9769544601
, -2.0884284973
, -2.1731243134
, -2.2309713364
, -2.2616252899
, -2.2652177811
, -2.2429933548
, -2.1949377060
, -2.1229324341
, -2.0296449661
, -1.9158658981
, -1.7835426331
, -1.6341257095
, -1.4688768387
, -1.2899808884
, -1.0992803574
, -0.8975501060
, -0.6850948334
, -0.4624080658
, -0.2316398621
, 0.0044026375
, 0.2437849045
, 0.4840626717
, 0.7219710350
, 0.9533839226
, 1.1756143570
, 1.3839097023
, 1.5750012398
, 1.7466115952
, 1.8948144913
, 2.0168566704
, 2.1120834351
, 2.1807117462
, 2.2217307091
, 2.2357773781
, 2.2236952782
, 2.1858539581
, 2.1230850220
, 2.0375242233
, 1.9308271408
, 1.8044643402
, 1.6596117020
, 1.4984283447
, 1.3227763176
, 1.1347012520
, 0.9349970818
, 0.7260141373
, 0.5101561546
, 0.2890176773
, 0.0646471977
, -0.1616363525
, -0.3879232407
, -0.6118245125
, -0.8307905197
, -1.0419273376
, -1.2417325974
, -1.4260673523
, -1.5920419693
, -1.7367086411
, -1.8575792313
, -1.9534673691
, -2.0226078033
, -2.0657835007
, -2.0827007294
, -2.0731868744
, -2.0386981964
, -1.9803962708
, -1.8994712830
, -1.7978668213
, -1.6759786606
, -1.5358800888
, -1.3802604675
, -1.2097616196
, -1.0261201859
, -0.8305201530
, -0.6239461899
, -0.4083862305
, -0.1854186058
, 0.0429306030
, 0.2746558189
, 0.5063095093
, 0.7357048988
, 0.9600043297
, 1.1741209030
, 1.3753685951
, 1.5605545044
, 1.7259902954
, 1.8681750298
, 1.9842734337
, 2.0736651421
, 2.1358766556
, 2.1703763008
, 2.1771898270
, 2.1577210426
, 2.1125617027
, 2.0430960655
, 1.9507856369
, 1.8380427361
, 1.7067770958
, 1.5585432053
, 1.3944554329
, 1.2168178558
, 1.0270681381
, 0.8261704445
, 0.6161570549
, 0.3984503746
, 0.1756057739
, -0.0493941307
, -0.2739925385
, -0.4969096184
, -0.7170457840
, -0.9308590889
, -1.1341152191
, -1.3245983124
, -1.4978799820
, -1.6516885757
, -1.7842350006
, -1.8924331665
, -1.9759597778
, -2.0334930420
, -2.0651378632
, -2.0711145401
, -2.0514535904
, -2.0066537857
, -1.9387474060
, -1.8491754532
, -1.7387351990
, -1.6088552475
, -1.4619073868
, -1.2996368408
, -1.1233720779
, -0.9350013733
, -0.7346520424
, -0.5239820480
, -0.3055853844
, -0.0809888840
, 0.1490039825
, 0.3819618225
, 0.6138095856
, 0.8418459892
, 1.0623583794
, 1.2715096474
, 1.4643158913
, 1.6382069588
, 1.7914266586
, 1.9215273857
, 2.0260982513
, 2.1035370827
, 2.1536512375
, 2.1753168106
, 2.1697177887
, 2.1389904022
, 2.0836167336
, 2.0052719116
, 1.9053988457
, 1.7854208946
, 1.6474547386
, 1.4920206070
, 1.3212132454
, 1.1371860504
, 0.9428491592
, 0.7391262054
, 0.5266408920
, 0.3072438240
, 0.0834941864
, -0.1425561905
, -0.3678483963
, -0.5913443565
, -0.8092694283
, -1.0191917419
, -1.2180004120
, -1.4030094147
, -1.5707511902
, -1.7180252075
, -1.8423099518
, -1.9407234192
, -2.0127534866
, -2.0581493378
, -2.0767908096
, -2.0697965622
, -2.0383348465
, -1.9829378128
, -1.9045705795
, -1.8055334091
, -1.6875772476
, -1.5516290665
, -1.3983669281
, -1.2289056778
, -1.0454225540
, -0.8498630524
, -0.6443252563
, -0.4294910431
, -0.2059259415
, 0.0238656998
, 0.2575521469
, 0.4913387299
, 0.7229585648
, 0.9498472214
, 1.1677021980
, 1.3718366623
, 1.5589618683
, 1.7255573273
, 1.8686847687
, 1.9872112274
, 2.0799303055
, 2.1457056999
, 2.1839876175
, 2.1945133209
, 2.1776323318
, 2.1347837448
, 2.0676469803
, 1.9784531593
, 1.8679041862
, 1.7379608154
, 1.5904045105
, 1.4275555611
, 1.2512888908
, 1.0630679131
, 0.8651189804
, 0.6587595940
, 0.4448671341
, 0.2250871658
, 0.0012979507
, -0.2236089706
, -0.4475903511
, -0.6685843468
, -0.8839087486
, -1.0897073746
, -1.2828836441
, -1.4600896835
, -1.6190557480
, -1.7571973801
, -1.8718347549
, -1.9610176086
, -2.0242185593
, -2.0599346161
, -2.0688781738
, -2.0531225204
, -2.0134611130
, -1.9504613876
, -1.8656263351
, -1.7598686218
, -1.6340503693
, -1.4902362823
, -1.3301591873
, -1.1550369263
, -0.9668855667
, -0.7661108971
, -0.5545563698
, -0.3349275589
, -0.1084656715
, 0.1233863831
, 0.3583898544
, 0.5933127403
, 0.8241119385
, 1.0477533340
, 1.2596178055
, 1.4569802284
, 1.6357131004
, 1.7930641174
, 1.9264693260
, 2.0335340500
, 2.1127352715
, 2.1644320488
, 2.1889686584
, 2.1864891052
, 2.1575436592
, 2.1041831970
, 2.0280184746
, 1.9302072525
, 1.8121891022
, 1.6759138107
, 1.5231165886
, 1.3548088074
, 1.1720881462
, 0.9771590233
, 0.7718095779
, 0.5585393906
, 0.3391609192
, 0.1157007217
, -0.1105723381
, -0.3376173973
, -0.5628881454
, -0.7834367752
, -0.9956755638
, -1.1976881027
, -1.3858327866
, -1.5558948517
, -1.7059507370
, -1.8330078125
, -1.9354963303
, -2.0119419098
, -2.0611085892
, -2.0826921463
, -2.0778541565
, -2.0478754044
, -1.9941625595
, -1.9187345505
, -1.8218803406
, -1.7047433853
, -1.5691995621
, -1.4179735184
, -1.2524471283
, -1.0733575821
, -0.8813643456
, -0.6773552895
, -0.4633526802
, -0.2409281731
, -0.0123195648
, 0.2205429077
, 0.4539723396
, 0.6856961250
, 0.9131851196
, 1.1321763992
, 1.3377923965
, 1.5268645287
, 1.6970682144
, 1.8448200226
, 1.9686589241
, 2.0662775040
, 2.1366415024
, 2.1798882484
, 2.1952452660
, 2.1836333275
, 2.1465229988
, 2.0857572556
, 2.0017819405
, 1.8963737488
, 1.7711572647
, 1.6273827553
, 1.4675273895
, 1.2934284210
, 1.1065015793
, 0.9087448120
, 0.7012195587
, 0.4861402512
, 0.2657427788
, 0.0417556763
, -0.1843323708
, -0.4104132652
, -0.6341080666
, -0.8527855873
, -1.0635490417
, -1.2626466751
, -1.4460515976
, -1.6109714508
, -1.7544784546
, -1.8741493225
, -1.9688262939
, -2.0367021561
, -2.0784416199
, -2.0940027237
, -2.0832223892
, -2.0475854874
, -1.9886951447
, -1.9085721970
, -1.8070878983
, -1.6846771240
, -1.5436801910
, -1.3870382309
, -1.2155656815
, -1.0309610367
, -0.8344392776
, -0.6270270348
, -0.4107389450
, -0.1871223450
, 0.0419464111
, 0.2746539116
, 0.5073051453
, 0.7376570702
, 0.9627776146
, 1.1775641441
, 1.3792862892
, 1.5648808479
, 1.7305936813
, 1.8728218079
, 1.9889488220
, 2.0782184601
, 2.1400952339
, 2.1743130684
, 2.1820821762
, 2.1643581390
, 2.1213393211
, 2.0549602509
, 1.9661335945
, 1.8567943573
, 1.7286314964
, 1.5829305649
, 1.4207482338
, 1.2440237999
, 1.0545945168
, 0.8551664352
, 0.6473212242
, 0.4320750237
, 0.2111129761
, -0.0142741203
, -0.2419557571
, -0.4693946838
, -0.6938047409
, -0.9116711617
, -1.1190376282
, -1.3128051758
, -1.4900569916
, -1.6483535767
, -1.7838373184
, -1.8949089050
, -1.9813070297
, -2.0414457321
, -2.0753164291
, -2.0830163956
, -2.0649566650
, -2.0228967667
, -1.9583625793
, -1.8720474243
, -1.7641649246
, -1.6363868713
, -1.4910478592
, -1.3302192688
, -1.1562013626
, -0.9693164825
, -0.7709074020
, -0.5619263649
, -0.3432254791
, -0.1171150208
, 0.1135783195
, 0.3470668793
, 0.5806293488
, 0.8102927208
, 1.0332603455
, 1.2445039749
, 1.4405999184
, 1.6193289757
, 1.7778511047
, 1.9129710197
, 2.0219511986
, 2.1030740738
, 2.1564807892
, 2.1826024055
, 2.1819601059
, 2.1561141014
, 2.1050968170
, 2.0300993919
, 1.9328737259
, 1.8159809113
, 1.6811776161
, 1.5298948288
, 1.3638739586
, 1.1848788261
, 0.9942436218
, 0.7929110527
, 0.5829710960
, 0.3660802841
, 0.1447176933
, -0.0784840584
, -0.3024754524
, -0.5262556076
, -0.7457199097
, -0.9585771561
, -1.1620740891
, -1.3517303467
, -1.5243930817
, -1.6777868271
, -1.8082866669
, -1.9142274857
, -1.9942331314
, -2.0475864410
, -2.0750694275
, -2.0771894455
