time=[0.0000000000
, 0.9983999729
, 2.0000000000
, 2.9992001057
, 3.9974999428
, 4.9974999428
, 5.9984002113
, 6.9984002113
, 7.9974999428
, 8.9975004196
, 9.9975004196
, 11.1233997345
, 12.0000000000
, 13.1561002731
, 13.9983997345
, 14.9967002869
, 15.9975004196
, 16.9967002869
, 17.9967002869
, 18.9967002869
, 19.9967002869
, 20.9967002869
, 21.9974994659
, 22.9974994659
, 23.9974994659
, 24.9967002869
, 25.9983997345
, 27.0813999176
, 28.0167999268
, 29.0244007111
, 30.0202007294
, 31.0226993561
, 32.0234985352
, 33.0150985718
, 34.0192985535
, 35.0159988403
, 36.0251998901
, 37.0125999451
, 38.0093002319
, 39.0209999084
, 40.0185012817
, 41.0185012817
, 42.1954994202
, 43.1618995667
, 44.0009002686
, 45.0108985901
, 46.0083999634
, 47.0135002136
, 48.0083999634
, 48.9991989136
, 50.0033988953
, 50.9967002869
, 51.9991989136
, 52.9975013733
, 53.9975013733
, 54.9967002869
, 55.9967002869
, 56.9967002869
, 57.9967002869
, 59.1912994385
, 59.9975013733
, 61.1501998901
, 61.9991989136
, 62.9975013733
, 63.9975013733
, 64.9966964722
, 65.9966964722
, 66.9966964722
, 67.9966964722
, 68.9974975586
, 69.9966964722
, 70.9966964722
, 71.9966964722
, 72.9966964722
, 73.9974975586
, 75.1519012451
, 75.9974975586
, 76.9983978271
, 77.9966964722
, 78.9966964722
, 79.9966964722
, 80.9966964722
, 81.9966964722
, 82.9966964722
, 83.9974975586
, 84.9966964722
, 85.9974975586
, 86.9974975586
, 87.9966964722
, 88.9966964722
, 89.9966964722
, 91.1501998901
, 92.0185012817
, 93.0202026367
, 94.0217971802
, 95.0251998901
, 96.0243988037
, 97.0159988403
, 98.0210037231
, 99.0142974854
, 100.0234985352
, 101.0243988037
, 102.0177001953
, 103.0185012817
, 104.0109024048
, 105.0000000000
, 105.9966964722
, 107.2005004883
, 107.9974975586
, 108.9983978271
, 109.9966964722
, 110.9966964722
, 111.9966964722
, 112.9974975586
, 113.9974975586
, 114.9966964722
, 115.9974975586
, 116.9966964722
, 117.9966964722
, 118.9966964722
, 120.0009002686
, 120.9966964722
, 121.9966964722
, 123.1871032715
, 123.9983978271
, 124.9983978271
, 125.9974975586
, 126.9974975586
, 127.9974975586
, 128.9967041016
, 130.0000000000
, 130.9974975586
, 131.9974975586
, 132.9983978271
, 133.9983978271
, 134.9974975586
, 135.9974975586
, 136.9983978271
, 137.9983978271
, 139.2113952637
, 139.9983978271
, 141.0000000000
, 141.9974975586
, 142.9974975586
, 143.9983978271
, 144.9983978271
, 145.9974975586
, 146.9974975586
, 147.9967041016
, 148.9967041016
, 149.9967041016
, 150.9974975586
, 151.9974975586
, 152.9983978271
, 153.9983978271
, 155.1979980469
, 156.0319061279
, 157.0285949707
, 158.0234985352
, 159.0276947021
, 160.0252075195
, 161.0177001953
, 162.0209960938
, 163.0126037598
, 164.0269012451
, 165.0218048096
, 166.0218048096
, 167.0234985352
, 168.0142974854
, 169.0000000000
, 169.9967041016
, 171.2458038330
, 172.0084075928
, 172.9983978271
, 173.9974975586
, 174.9967041016
, 175.9967041016
, 176.9967041016
, 177.9967041016
, 178.9967041016
, 179.9967041016
, 180.9967041016
, 181.9967041016
, 182.9967041016
, 183.9967041016
, 184.9967041016
, 185.9967041016
, 187.2601013184
, 188.0227050781
, 188.9974975586
, 189.9967041016
, 190.9967041016
, 191.9967041016
, 192.9983978271
, 193.9974975586
, 194.9974975586
, 195.9967041016
, 196.9983978271
, 198.0025939941
, 198.9967041016
, 199.9967041016
, 200.9967041016
, 202.0000000000
, 203.2626037598
, 204.0377960205
, 205.1551971436
, 205.9967041016
, 206.9967041016
, 207.9967041016
, 208.9967041016
, 209.9967041016
, 210.9967041016
, 211.9967041016
, 212.9974975586
, 213.9974975586
, 214.9974975586
, 215.9967041016
, 216.9967041016
, 217.9967041016
, 219.2467041016
, 220.0906066895
, 221.0243988037
, 222.0218048096
, 223.0252075195
, 224.0227050781
, 225.0234985352
, 226.0252075195
, 227.0184936523
, 228.0193023682
, 229.0142974854
, 230.0227050781
, 231.0243988037
, 232.0151062012
, 233.0050964355
, 234.1535949707
, 235.2509002686
, 236.0579071045
, 237.1502075195
, 237.9974975586
, 238.9967041016
, 239.9967041016
, 240.9992065430
, 241.9983978271
, 242.9974975586
, 243.9967041016
, 245.0998992920
, 245.9974975586
, 246.9974975586
, 247.9967041016
, 248.9967041016
, 249.9967041016
, 251.3356018066
, 252.0796966553
, 253.1569061279
, 253.9992065430
, 254.9967041016
, 255.9967041016
, 256.9984130859
, 257.9967041016
, 258.9967041016
, 259.9992065430
, 260.9967041016
, 261.9974975586
, 262.9974975586
, 263.9974975586
, 264.9967041016
, 265.9967041016
, 267.3078918457
, 268.0813903809
, 269.1467895508
, 269.9967041016
, 270.9974975586
, 271.9992065430
, 272.9974975586
, 273.9974975586
, 274.9974975586
, 275.9974975586
, 276.9992065430
, 277.9974975586
, 278.9974975586
, 279.9974975586
, 280.9967041016
, 281.9992065430
, 283.3389892578
, 284.1409912109
, 285.0234985352
, 286.0227050781
, 287.0260009766
, 288.0268859863
, 289.0202026367
, 290.0202026367
, 291.0159912109
, 292.0192871094
, 293.0151062012
, 294.0260009766
, 295.0234985352
, 296.0159912109
, 297.0075988770
, 297.9974975586
, 299.3717041016
, 300.1166076660
, 301.1384887695
, 301.9992065430
, 303.0487060547
, 304.0067138672
, 304.9984130859
, 305.9974975586
, 306.9974975586
, 307.9974975586
, 308.9974975586
, 309.9974975586
, 310.9974975586
, 311.9974975586
, 312.9984130859
, 313.9984130859
, 315.3499145508
, 316.1199951172
, 316.9984130859
, 317.9974975586
, 318.9974975586
, 319.9967041016
, 320.9967041016
, 322.0000000000
, 322.9967041016
, 323.9974975586
, 324.9974975586
, 325.9967041016
, 326.9967041016
, 327.9967041016
, 328.9967041016
, 329.9967041016
, 330.9967041016
, 331.9992065430
, 332.9984130859
, 333.9984130859
, 334.9967041016
, 335.9967041016
, 336.9974975586
, 337.9967041016
, 338.9967041016
, 339.9967041016
, 340.9967041016
, 341.9967041016
, 342.9967041016
, 343.9974975586
, 344.9967041016
, 345.9967041016
, 346.9967041016
, 348.0000000000
, 348.9984130859
, 349.9967041016
, 350.9967041016
, 351.9967041016
, 352.9967041016
, 353.9974975586
, 354.9992065430
, 355.9967041016
, 356.9967041016
, 357.9967041016
, 358.9967041016
, 359.9974975586
, 360.9974975586
, 361.9967041016
, 362.9967041016
, 364.0209960938
, 365.0244140625
, 366.0209960938
, 367.0244140625
, 368.0202026367
, 369.0217895508
, 370.0227050781
, 371.0159912109
, 372.0192871094
, 373.0118103027
, 374.0268859863
, 375.0202026367
, 376.0151062012
, 377.0050964355
, 377.9967041016
, 378.9967041016
, 380.0050964355
, 380.9984130859
, 381.9967041016
, 382.9967041016
, 383.9974975586
, 384.9967041016
, 385.9967041016
, 386.9984130859
, 387.9967041016
, 388.9967041016
, 389.9967041016
, 390.9967041016
, 391.9967041016
, 392.9967041016
, 393.9974975586
, 394.9967041016
, 396.0042114258
, 396.9992065430
, 397.9967041016
, 398.9967041016
, 399.9967041016
, 400.9967041016
, 401.9967041016
, 402.9967041016
, 403.9974975586
, 404.9974975586
, 406.0285949707
, 407.0134887695
, 408.0000000000
, 408.9967041016
, 409.9967041016
, 410.9967041016
, 412.0075988770
, 413.0000000000
, 413.9974975586
, 414.9967041016
, 415.9967041016
, 416.9967041016
, 417.9967041016
, 418.9967041016
, 419.9967041016
, 420.9967041016
, 421.9967041016
, 422.9967041016
, 423.9974975586
, 424.9974975586
, 425.9967041016
, 426.9974975586
, 428.0209960938
, 429.0227050781
, 430.0217895508
, 431.0217895508
, 432.0202026367
, 433.0244140625
, 434.0244140625
, 435.0192871094
, 436.0227050781
, 437.0159912109
, 438.0252075195
, 439.0217895508
, 440.0159912109
, 441.0075988770
, 441.9974975586
, 443.0000000000
, 444.0093078613
, 445.1510009766
, 445.9992065430
, 446.9974975586
, 447.9974975586
, 448.9992065430
, 449.9974975586
, 450.9984130859
, 452.0025939941
, 452.9984130859
, 453.9984130859
, 455.0000000000
, 455.9974975586
, 456.9984130859
, 457.9974975586
, 458.9974975586
, 460.0083923340
, 461.1484985352
, 461.9984130859
, 463.0008850098
, 463.9992065430
, 464.9974975586
, 465.9974975586
, 466.9974975586
, 467.9974975586
, 468.9967041016
, 469.9974975586
, 470.9974975586
, 471.9967041016
, 472.9974975586
, 473.9974975586
, 474.9967041016
