position=[0.0099007767
, 0.0102815758
, 0.0110431742
, 0.0118047725
, 0.0129471701
, 0.0144703658
, 0.0163743626
, 0.0182783566
, 0.0205631517
, 0.0232287459
, 0.0258943401
, 0.0297023300
, 0.0327487253
, 0.0373183116
, 0.0407455042
, 0.0449342951
, 0.0495038852
, 0.0544542745
, 0.0597854592
, 0.0654974505
, 0.0712094307
, 0.0773022175
, 0.0837758034
, 0.0902493894
, 0.0971037745
, 0.1043389589
, 0.1119549349
, 0.1203325167
, 0.1275677085
, 0.1359452754
, 0.1443228573
, 0.1527004391
, 0.1614588201
, 0.1698364019
, 0.1785947829
, 0.1877339631
, 0.1964923441
, 0.2056315243
, 0.2143899053
, 0.2235290706
, 0.2326682508
, 0.2418074310
, 0.2524698079
, 0.2608473897
, 0.2684633732
, 0.2776025534
, 0.2863609195
, 0.2955000997
, 0.3038776815
, 0.3126360774
, 0.3213944435
, 0.3297720253
, 0.3381496072
, 0.3465271890
, 0.3549047709
, 0.3629015386
, 0.3712791204
, 0.3792759180
, 0.3868919015
, 0.3964118659
, 0.4028854668
, 0.4116438329
, 0.4181174338
, 0.4257334173
, 0.4333494008
, 0.4409653544
, 0.4482005537
, 0.4558165371
, 0.4630517066
, 0.4702869058
, 0.4775220752
, 0.4847572744
, 0.4919924438
, 0.4992276430
, 0.5060819983
, 0.5144596100
, 0.5205523968
, 0.5274067521
, 0.5346419215
, 0.5414963365
, 0.5487315059
, 0.5555859208
, 0.5628210902
, 0.5696754456
, 0.5769106746
, 0.5837650299
, 0.5906194448
, 0.5978546143
, 0.6047089696
, 0.6119441986
, 0.6187985539
, 0.6267953515
, 0.6332688928
, 0.6401233077
, 0.6473584771
, 0.6542128921
, 0.6614480615
, 0.6683024168
, 0.6751568317
, 0.6823920012
, 0.6892464161
, 0.6964815855
, 0.7033359408
, 0.7105711102
, 0.7174255252
, 0.7246606946
, 0.7315151095
, 0.7398926616
, 0.7456046343
, 0.7528398633
, 0.7596942186
, 0.7669293880
, 0.7737838030
, 0.7810189724
, 0.7882541418
, 0.7951085567
, 0.8023437262
, 0.8095788956
, 0.8164333105
, 0.8236684799
, 0.8305228353
, 0.8377580643
, 0.8449932337
, 0.8533707857
, 0.8590828180
, 0.8659371734
, 0.8731723428
, 0.8800267577
, 0.8872619271
, 0.8941162825
, 0.9013515115
, 0.9085866809
, 0.9154410362
, 0.9226762652
, 0.9295306206
, 0.9367657900
, 0.9436202049
, 0.9508553743
, 0.9577097893
, 0.9664681554
, 0.9717993140
, 0.9790344834
, 0.9858888984
, 0.9931240678
, 0.9999784827
, 1.0072135925
, 1.0140680075
, 1.0209224224
, 1.0281575918
, 1.0350120068
, 1.0422471762
, 1.0491015911
, 1.0563367605
, 1.0631910563
, 1.0704263449
, 1.0788038969
, 1.0845158100
, 1.0917510986
, 1.0986053944
, 1.1058405638
, 1.1126949787
, 1.1195493937
, 1.1267845631
, 1.1336389780
, 1.1408741474
, 1.1477285624
, 1.1545828581
, 1.1618180275
, 1.1686724424
, 1.1755268574
, 1.1823812723
, 1.1911395788
, 1.1964708567
, 1.2037060261
, 1.2105603218
, 1.2174147367
, 1.2246499062
, 1.2315043211
, 1.2387394905
, 1.2455939054
, 1.2528290749
, 1.2596834898
, 1.2669186592
, 1.2737730742
, 1.2806273699
, 1.2878625393
, 1.2947169542
, 1.3038561344
, 1.3088065386
, 1.3156609535
, 1.3228961229
, 1.3297505379
, 1.3369857073
, 1.3438400030
, 1.3510752916
, 1.3579295874
, 1.3647840023
, 1.3720191717
, 1.3792543411
, 1.3861087561
, 1.3929631710
, 1.4001983404
, 1.4070527554
, 1.4161919355
, 1.4215230942
, 1.4291390181
, 1.4352318048
, 1.4420862198
, 1.4493213892
, 1.4561758041
, 1.4630302191
, 1.4702653885
, 1.4771198034
, 1.4839740992
, 1.4912092686
, 1.4980636835
, 1.5052988529
, 1.5121532679
, 1.5193884373
, 1.5281468630
, 1.5338587761
, 1.5403324366
, 1.5475676060
, 1.5544220209
, 1.5616571903
, 1.5685114861
, 1.5757467747
, 1.5826010704
, 1.5894554853
, 1.5963099003
, 1.6035450697
, 1.6103994846
, 1.6172537804
, 1.6241081953
, 1.6324857473
, 1.6401017904
, 1.6458137035
, 1.6534297466
, 1.6591417789
, 1.6663769484
, 1.6732312441
, 1.6800856590
, 1.6873208284
, 1.6941752434
, 1.7014104128
, 1.7090264559
, 1.7151192427
, 1.7223544121
, 1.7292087078
, 1.7364439964
, 1.7432982922
, 1.7528183460
, 1.7577686310
, 1.7653846741
, 1.7714774609
, 1.7783318758
, 1.7851861715
, 1.7924214602
, 1.7992757559
, 1.8065109253
, 1.8133653402
, 1.8202197552
, 1.8274549246
, 1.8343093395
, 1.8415445089
, 1.8483989239
, 1.8556340933
, 1.8647732735
, 1.8701044321
, 1.8777203560
, 1.8834323883
, 1.8906675577
, 1.8975219727
, 1.9043763876
, 1.9116115570
, 1.9184659719
, 1.9253202677
, 1.9325554371
, 1.9394098520
, 1.9466450214
, 1.9534994364
, 1.9603538513
, 1.9675890207
, 1.9771089554
, 1.9828209877
, 1.9889137745
, 1.9957681894
, 2.0030033588
, 2.0098576546
, 2.0167121887
, 2.0239472389
, 2.0308015347
, 2.0376560688
, 2.0448911190
, 2.0517456532
, 2.0589807034
, 2.0658352375
, 2.0726895332
, 2.0795438290
, 2.0890638828
, 2.0943951607
, 2.1016302109
, 2.1073422432
, 2.1149582863
, 2.1214318275
, 2.1286671162
, 2.1355214119
, 2.1423757076
, 2.1496109962
, 2.1564652920
, 2.1637005806
, 2.1705548763
, 2.1774094105
, 2.1846444607
, 2.1914987564
, 2.2010188103
, 2.2063500881
, 2.2124428749
, 2.2196779251
, 2.2265324593
, 2.2333867550
, 2.2406220436
, 2.2474763393
, 2.2543306351
, 2.2615659237
, 2.2684202194
, 2.2756555080
, 2.2825098038
, 2.2897450924
, 2.2965993881
, 2.3034539223
, 2.3106889725
, 2.3183050156
, 2.3247785568
, 2.3316328526
, 2.3384873867
, 2.3457224369
, 2.3525769711
, 2.3594312668
, 2.3666665554
, 2.3735208511
, 2.3807561398
, 2.3876104355
, 2.3944647312
, 2.4017000198
, 2.4085543156
, 2.4157896042
, 2.4226438999
, 2.4294984341
, 2.4367334843
, 2.4435877800
, 2.4508230686
, 2.4576773643
, 2.4645318985
, 2.4717669487
, 2.4786214828
, 2.4858565331
, 2.4927110672
, 2.4995653629
, 2.5068006516
, 2.5136549473
, 2.5208899975
, 2.5277445316
, 2.5345988274
, 2.5433571339
, 2.5490691662
, 2.5559237003
, 2.5631587505
, 2.5700132847
, 2.5768675804
, 2.5841028690
, 2.5909571648
, 2.5978114605
, 2.6050467491
, 2.6119010448
, 2.6191363335
, 2.6259906292
, 2.6328449249
, 2.6396994591
, 2.6465537548
, 2.6537890434
, 2.6606433392
, 2.6674978733
, 2.6747329235
, 2.6815872192
, 2.6884417534
, 2.6956768036
, 2.7025313377
, 2.7097663879
, 2.7166209221
, 2.7234752178
, 2.7307105064
, 2.7375648022
, 2.7448000908
, 2.7516543865
, 2.7585086823
, 2.7657439709
, 2.7725982666
, 2.7798335552
, 2.7866878510
, 2.7935423851
, 2.8007774353
, 2.8076317310
, 2.8148670197
, 2.8221023083
, 2.8293373585
, 2.8369534016
, 2.8441884518
, 2.8518044949
, 2.8594205379
, 2.8670365810
, 2.8746523857
, 2.8826491833
, 2.8906459808
, 2.8986427784
, 2.9066395760
, 2.9146363735
, 2.9226331711
, 2.9310107231
, 2.9390075207
, 2.9473850727
, 2.9557626247
, 2.9637594223
, 2.9721369743
, 2.9805145264
, 2.9888923168
, 2.9968888760
, 3.0052666664
, 3.0136442184
, 3.0220217705
, 3.0303993225
, 3.0383961201
, 3.0463929176
, 3.0547704697
, 3.0627672672
, 3.0707640648
, 3.0787608624
, 3.0867576599
, 3.0947544575
, 3.1027512550
, 3.1103670597
, 3.1179831028
, 3.1255991459
, 3.1335959435
, 3.1412117481
, 3.1499702930
, 3.1564438343
, 3.1636788845
, 3.1712949276
, 3.1789109707
, 3.1865270138
, 3.1937620640
, 3.2013781071
, 3.2086133957
, 3.2158484459
, 3.2230837345
, 3.2306995392
, 3.2379348278
, 3.2451701164
, 3.2524051666
, 3.2596404552
, 3.2680180073
, 3.2741107941
, 3.2809650898
, 3.2882003784
, 3.2954354286
, 3.3026707172
, 3.3095250130
, 3.3167603016
, 3.3239953518
, 3.3312306404
, 3.3380849361
, 3.3453202248
, 3.3525552750
, 3.3594098091
, 3.3666448593
, 3.3738801479
, 3.3818769455
, 3.3879697323
, 3.3948240280
, 3.4020593166
, 3.4092943668
, 3.4161489010
, 3.4233839512
, 3.4306192398
, 3.4374735355
, 3.4447088242
, 3.4515631199
, 3.4587984085
, 3.4656527042
, 3.4728879929
, 3.4801230431
, 3.4873583317
, 3.4945933819
, 3.5014479160
, 3.5086829662
, 3.5155372620
, 3.5227725506
, 3.5296268463
, 3.5368621349
, 3.5440974236
, 3.5509517193
, 3.5581867695
, 3.5650413036
, 3.5722763538
, 3.5791308880
, 3.5859851837
, 3.5932204723
, 3.6000747681
, 3.6080715656
, 3.6141643524
, 3.6213996410
, 3.6282539368
, 3.6354889870
, 3.6423435211
, 3.6495785713
, 3.6564331055
, 3.6636681557
, 3.6705226898
, 3.6777577400
, 3.6846122742
, 3.6918473244
, 3.6987018585
, 3.7059369087
, 3.7131721973
, 3.7211689949
, 3.7268807888
, 3.7341160774
, 3.7409703732
, 3.7482056618
, 3.7550599575
, 3.7622952461
