velocity=[0.0000000000
, 0.0024410202
, 0.0173857901
, 0.0536821522
, 0.1121726185
, 0.1962468475
, 0.3099378347
, 0.4532698691
, 0.6191195250
, 0.8050103784
, 1.0088642836
, 1.2258361578
, 1.4595232010
, 1.7078815699
, 1.9699559212
, 2.2393782139
, 2.5096709728
, 2.7806835175
, 3.0555408001
, 3.3374855518
, 3.6264479160
, 3.9160757065
, 4.2053947449
, 4.4943614006
, 4.7783956528
, 5.0586380959
, 5.3393039703
, 5.6227183342
, 5.9045381546
, 6.1795253754
, 6.4513292313
, 6.7175197601
, 6.9724750519
, 7.2149257660
, 7.4373936653
, 7.6424760818
, 7.8355369568
, 8.0110969543
, 8.1726303101
, 8.3142251968
, 8.4381999969
, 8.5489368439
, 8.6471261978
, 8.7287969589
, 8.7886743546
, 8.8345928192
, 8.8701782227
, 8.8945684433
, 8.9101343155
, 8.9098863602
, 8.9001111984
, 8.8827342987
, 8.8540811539
, 8.8140153885
, 8.7665939331
, 8.7136917114
, 8.6537609100
, 8.5931844711
, 8.5274953842
, 8.4517450333
, 8.3747425079
, 8.3016786575
, 8.2274789810
, 8.1518945694
, 8.0774936676
, 8.0068569183
, 7.9396657944
, 7.8719105721
, 7.8079986572
, 7.7443118095
, 7.6800560951
, 7.6171727180
, 7.5577812195
, 7.5035219193
, 7.4529013634
, 7.4011516571
, 7.3547296524
, 7.3141255379
, 7.2747545242
, 7.2399768829
, 7.2070965767
, 7.1793351173
, 7.1537961960
, 7.1333885193
, 7.1148543358
, 7.1008157730
, 7.0856056213
, 7.0689749718
, 7.0567736626
, 7.0467591286
, 7.0415172577
, 7.0353960991
, 7.0303926468
, 7.0336537361
, 7.0379247665
, 7.0431470871
, 7.0452737808
, 7.0480875969
, 7.0470829010
, 7.0416336060
, 7.0382938385
, 7.0337123871
, 7.0318398476
, 7.0307064056
, 7.0326910019
, 7.0353178978
, 7.0415434837
, 7.0447955132
, 7.0448174477
, 7.0470209122
, 7.0522780418
, 7.0555167198
, 7.0588836670
, 7.0592637062
, 7.0622744560
, 7.0681672096
, 7.0712361336
, 7.0760784149
, 7.0827717781
, 7.0856370926
, 7.0869998932
, 7.0841331482
, 7.0840973854
, 7.0883283615
, 7.0922403336
, 7.0924220085
, 7.0874409676
, 7.0825653076
, 7.0759344101
, 7.0711555481
, 7.0654420853
, 7.0640273094
, 7.0672545433
, 7.0688261986
, 7.0704612732
, 7.0691938400
, 7.0684704781
, 7.0655651093
, 7.0636672974
, 7.0600500107
, 7.0572423935
, 7.0514650345
, 7.0472240448
, 7.0428714752
, 7.0413618088
, 7.0393071175
, 7.0395259857
, 7.0364770889
, 7.0301470757
, 7.0265331268
, 7.0233941078
, 7.0235333443
, 7.0234375000
, 7.0256652832
, 7.0267887115
, 7.0304384232
, 7.0327672958
, 7.0318150520
, 7.0328693390
, 7.0334711075
, 7.0355749130
, 7.0342788696
, 7.0301890373
, 7.0284481049
, 7.0269508362
, 7.0266532898
, 7.0234241486
, 7.0174417496
, 7.0147018433
, 7.0121402740
, 7.0078701973
, 7.0012784004
, 6.9951062202
, 6.9924631119
, 6.9969143867
, 7.0002846718
, 7.0007719994
, 7.0033302307
, 7.0054097176
, 7.0098309517
, 7.0132451057
, 7.0182905197
, 7.0217013359
, 7.0262870789
, 7.0265183449
, 7.0225958824
, 7.0206642151
, 7.0187292099
, 7.0174636841
, 7.0073018074
, 6.9966030121
, 6.9921669960
, 6.9905796051
, 6.9936304092
, 6.9970364571
, 7.0030903816
, 7.0056858063
, 7.0045304298
, 7.0074276924
, 7.0149364471
, 7.0195760727
, 7.0199031830
, 7.0211358070
, 7.0208601952
, 7.0227923393
, 7.0216298103
, 7.0165538788
, 7.0139493942
, 7.0118794441
, 7.0132398605
, 7.0121116638
, 7.0081834793
, 7.0071206093
, 7.0040817261
, 6.9989767075
, 6.9974999428
, 6.9971871376
, 7.0006585121
, 7.0041074753
, 7.0107493401
, 7.0161242485
, 7.0144410133
, 7.0098462105
, 7.0086903572
, 7.0079245567
, 7.0105953217
, 7.0128755569
, 7.0172958374
, 7.0188083649
, 7.0144271851
, 7.0070667267
, 7.0022010803
, 6.9962482452
, 6.9887471199
, 6.9828724861
, 6.9844803810
, 6.9890656471
, 6.9950394630
, 6.9983487129
, 6.9964585304
, 6.9962229729
, 6.9936919212
, 6.9889926910
, 6.9882030487
, 6.9889311790
, 6.9939050674
, 6.9969663620
, 6.9957895279
, 6.9965338707
, 6.9974703789
, 7.0014867783
, 7.0042781830
, 7.0053038597
, 6.9994177818
, 6.9942059517
, 6.9945816994
, 6.9942865372
, 6.9921107292
, 6.9930148125
, 6.9946374893
, 6.9993529320
, 7.0008907318
, 6.9993624687
, 7.0002775192
, 7.0012807846
, 7.0052151680
, 7.0086908340
, 7.0148596764
, 7.0196595192
, 7.0210633278
, 7.0211248398
, 7.0166540146
, 7.0136718750
, 7.0083651543
, 7.0015630722
, 6.9989509583
, 6.9954290390
, 6.9905862808
, 6.9896593094
, 6.9902453423
, 6.9946622849
, 6.9966111183
, 6.9955148697
, 6.9982075691
, 7.0052332878
, 7.0140929222
, 7.0187911987
, 7.0187482834
, 7.0192480087
, 7.0164141655
, 7.0116448402
, 7.0104675293
, 7.0079369545
, 7.0032854080
, 7.0020709038
, 7.0005087852
, 7.0027217865
, 7.0041303635
, 7.0022854805
, 6.9974546432
, 6.9921288490
, 6.9914069176
, 6.9924383163
, 6.9888591766
, 6.9870429039
, 6.9846949577
, 6.9871649742
, 6.9884657860
, 6.9875693321
, 6.9896574020
, 6.9920792580
, 6.9974284172
, 6.9996814728
, 6.9984903336
, 6.9994835854
, 6.9992561340
, 6.9985342026
, 6.9961042404
, 6.9937949181
, 6.9957985878
, 6.9960350990
, 6.9939794540
, 6.9948277473
, 6.9933786392
, 6.9901428223
, 6.9904556274
, 6.9916844368
, 6.9964284897
, 7.0008955002
, 7.0073609352
, 7.0098752975
, 7.0083446503
, 7.0134692192
, 7.0284266472
, 7.0334305763
, 7.0274004936
, 7.0166525841
, 7.0094504356
, 7.0017929077
, 6.9938850403
, 6.9910349846
, 6.9902863503
, 6.9938235283
, 6.9952301979
, 6.9938383102
, 6.9950828552
, 6.9966635704
, 7.0012483597
, 7.0026788712
, 7.0004205704
, 7.0007991791
, 7.0017271042
, 7.0057516098
, 7.0067911148
, 7.0044946671
, 7.0044364929
, 7.0043859482
, 7.0076646805
, 7.0082168579
, 7.0056219101
, 7.0055165291
, 7.0055036545
, 7.0085082054
, 7.0087609291
, 7.0143485069
, 7.0414280891
, 7.0475211143
, 7.0380573273
, 7.0274248123
, 7.0155124664
, 7.0034074783
, 6.9971613884
, 6.9921731949
, 6.9871664047
, 6.9871435165
, 6.9871883392
, 6.9915633202
, 6.9950075150
, 6.9950466156
, 6.9911780357
, 6.9851145744
, 6.9824047089
, 6.9797782898
, 6.9768996239
, 6.9784188271
, 6.9786906242
, 6.9773302078
, 6.9794926643
, 6.9823031425
, 6.9885425568
, 6.9919590950
, 6.9920253754
, 6.9943451881
, 6.9965658188
, 7.0014495850
, 7.0030641556
, 7.0010037422
, 7.0004944801
, 7.0007104874
, 7.0047121048
, 7.0060582161
, 7.0041656494
, 7.0046463013
, 7.0051803589
, 7.0109939575
, 7.0237550735
, 7.0431046486
, 7.0695710182
, 7.1030821800
, 7.1476812363
, 7.2005190849
, 7.2564272881
, 7.3131356239
, 7.3747444153
, 7.4433650970
, 7.5157074928
, 7.5872354507
, 7.6543455124
, 7.7172832489
, 7.7802281380
, 7.8390765190
, 7.8977165222
, 7.9547009468
, 8.0032281876
, 8.0475568771
, 8.0900468826
, 8.1283454895
, 8.1565465927
, 8.1788082123
, 8.1960496902
, 8.2121486664
, 8.2267637253
, 8.2322502136
, 8.2289600372
, 8.2234582901
, 8.2132987976
, 8.1981372833
, 8.1787824631
, 8.1575565338
, 8.1347360611
, 8.1106204987
, 8.0796957016
, 8.0417585373
, 8.0016117096
, 7.9653587341
, 7.9286046028
, 7.8917317390
, 7.8532152176
, 7.8087582588
, 7.7653331757
, 7.7275562286
, 7.6946759224
, 7.6608366966
, 7.6287837029
, 7.5948410034
, 7.5573930740
, 7.5201158524
, 7.4906883240
, 7.4643688202
, 7.4383883476
, 7.4119448662
, 7.3853387833
, 7.3617925644
, 7.3374395370
, 7.3073945045
, 7.2790431976
, 7.2567009926
, 7.2384047508
, 7.2180666924
, 7.2008395195
, 7.1896581650
, 7.1818399429
, 7.1710577011
, 7.1623353958
, 7.1559109688
, 7.1466250420
, 7.1393914223
, 7.1347255707
, 7.1301798820
, 7.1243309975
, 7.1148939133
, 7.1086173058
, 7.1061611176
, 7.1018896103
, 7.1002898216
, 7.1016736031
, 7.1003127098
, 7.0985574722
, 7.0935063362
, 7.0890069008
, 7.0827283859
, 7.0804357529
, 7.0834660530
, 7.0883493423
, 7.0932044983
, 7.0944924355
, 7.0953907967
, 7.0925292969
, 7.0886950493
, 7.0822954178
, 7.0805988312
, 7.0832180977
, 7.0840301514
, 7.0834822655
, 7.0795812607
, 7.0777349472
, 7.0735397339
, 7.0672469139
, 7.0627040863
, 7.0546913147
, 7.0463156700
, 7.0432171822
, 7.0455384254
, 7.0471348763
, 7.0497541428
, 7.0502591133
, 7.0516538620
, 7.0511212349
, 7.0517134666
, 7.0505304337
, 7.0506677628
, 7.0492291451
, 7.0492734909
, 7.0478215218
, 7.0497474670
, 7.0550465584
, 7.0580663681
, 7.0537233353
, 7.0488495827
, 7.0428357124
, 7.0398826599
, 7.0369949341
