torque=[5.0000000000
, 5.0000000000
, 5.0000000000
, 5.0000000000
, 5.0000000000
, 5.0000000000
, 5.0000000000
, 5.0000000000
, 5.0000000000
, 5.0000000000
, 5.0000000000
, 5.0000000000
, 5.0000000000
, 5.0000000000
, 5.0000000000
, 5.0000000000
, 5.0000000000
, 5.0000000000
, 5.0000000000
, 5.0000000000
, 5.0000000000
, 5.0000000000
, 5.0000000000
, 4.7051424980
, 4.4007139206
, 4.0931382179
, 3.7771122456
, 3.4526085854
, 3.1168172359
, 2.7842152119
, 2.4477195740
, 2.1109688282
, 1.7814620733
, 1.4612718821
, 1.1605027914
, 0.8765043020
, 0.6022776961
, 0.3462867141
, 0.1035936698
, -0.1178690940
, -0.3195081949
, -0.5072673559
, -0.6899175048
, -0.8435042500
, -0.9639953971
, -1.0764766932
, -1.1759310961
, -1.2619895935
, -1.3365064859
, -1.3903053999
, -1.4322130680
, -1.4631868601
, -1.4792258739
, -1.4791134596
, -1.4682035446
, -1.4486410618
, -1.4182982445
, -1.3853865862
, -1.3439726830
, -1.2954376936
, -1.2273789644
, -1.1756373644
, -1.1093165874
, -1.0442851782
, -0.9787151814
, -0.9159781933
, -0.8558065295
, -0.7929663062
, -0.7332772017
, -0.6720752120
, -0.6082659960
, -0.5444517136
, -0.4834625721
, -0.4275703728
, -0.3749547899
, -0.3211574554
, -0.2695965469
, -0.2259859890
, -0.1828254461
, -0.1446343511
, -0.1079608798
, -0.0771248937
, -0.0484377928
, -0.0258145612
, -0.0050909920
, 0.0102149453
, 0.0274694152
, 0.0470417365
, 0.0612261072
, 0.0728626251
, 0.0784660727
, 0.0852283090
, 0.0909555331
, 0.0857666582
, 0.0791471601
, 0.0711434335
, 0.0670945123
, 0.0620854609
, 0.0620337315
, 0.0679105595
, 0.0711319447
, 0.0761021748
, 0.0776235312
, 0.0782129988
, 0.0747140944
, 0.0703118742
, 0.0610624067
, 0.0553071462
, 0.0542571545
, 0.0500565581
, 0.0417533405
, 0.0359698534
, 0.0299239010
, 0.0277352594
, 0.0220537838
, 0.0124717019
, 0.0064569251
, -0.0019903500
, -0.0130288750
, -0.0191901103
, -0.0234542750
, -0.0221365001
, -0.0244953558
, -0.0329837799
, -0.0401919931
, -0.0430706218
, -0.0391162448
, -0.0351611972
, -0.0287425909
, -0.0245850105
, -0.0190610308
, -0.0190547872
, -0.0251591485
, -0.0291654300
, -0.0332988612
, -0.0336340629
, -0.0346552059
, -0.0327681489
, -0.0321304202
, -0.0295274630
, -0.0271786228
, -0.0211683121
, -0.0170213375
, -0.0126087079
, -0.0118369469
, -0.0102992784
, -0.0117122475
, -0.0088056466
, -0.0014666367
, 0.0024563866
, 0.0058539142
, 0.0049999459
, 0.0044537997
, 0.0008330185
, -0.0013885401
, -0.0071610403
, -0.0109595871
, -0.0106328530
, -0.0129339537
, -0.0146748358
, -0.0184152275
, -0.0177092198
, -0.0132770929
, -0.0118285026
, -0.0106706060
, -0.0110435337
, -0.0075301118
, -0.0002795928
, 0.0028533519
, 0.0058296174
, 0.0111371558
, 0.0196311586
, 0.0277339537
, 0.0313714966
, 0.0256930403
, 0.0213187020
, 0.0206652898
, 0.0172558557
, 0.0144071626
, 0.0083982889
, 0.0035964421
, -0.0034630008
, -0.0085023716
, -0.0151950121
, -0.0162530411
, -0.0118177338
, -0.0099062547
, -0.0080762012
, -0.0068176039
, 0.0061435397
, 0.0201009065
, 0.0260717887
, 0.0283976775
, 0.0246278383
, 0.0202999841
, 0.0123687405
, 0.0088438829
, 0.0102108838
, 0.0062441565
, -0.0039081015
, -0.0104786120
, -0.0114716142
, -0.0136749558
, -0.0140711712
, -0.0170795824
, -0.0162647646
, -0.0100872982
, -0.0071121412
, -0.0047702733
, -0.0069113527
, -0.0057961675
, -0.0009412519
, 0.0002320468
, 0.0040520900
, 0.0106949080
, 0.0126795582
, 0.0131651815
, 0.0086491825
, 0.0040635765
, -0.0049252482
, -0.0122776106
, -0.0104826475
, -0.0048109521
, -0.0035629340
, -0.0027969147
, -0.0065601571
, -0.0098830722
, -0.0161008853
, -0.0185987186
, -0.0133334529
, -0.0040017869
, 0.0022386005
, 0.0100568011
, 0.0200931206
, 0.0282662977
, 0.0266703200
, 0.0209824778
, 0.0133983651
, 0.0091512464
, 0.0117011834
, 0.0121143712
, 0.0155742113
, 0.0219766181
, 0.0233366881
, 0.0227097124
, 0.0164583437
, 0.0125703150
, 0.0142153231
, 0.0133500788
, 0.0122091798
, 0.0069634127
, 0.0031833258
, 0.0017416895
, 0.0093850410
, 0.0162765440
, 0.0159443393
, 0.0164901260
, 0.0195349045
, 0.0185630992
, 0.0166142900
, 0.0105239851
, 0.0085063549
, 0.0105044674
, 0.0093110828
, 0.0079747215
, 0.0027286925
, -0.0020225907
, -0.0105715636
, -0.0172246695
, -0.0196851119
, -0.0202782936
, -0.0149630215
, -0.0114913443
, -0.0048553217
, 0.0039120717
, 0.0073260679
, 0.0120194443
, 0.0185629297
, 0.0200590584
, 0.0195788369
, 0.0140093463
, 0.0115814777
, 0.0131302634
, 0.0097105531
, 0.0004886977
, -0.0113446601
, -0.0179682784
, -0.0184506495
, -0.0196490251
, -0.0164440889
, -0.0105984705
, -0.0093713747
, -0.0063207597
, -0.0003882511
, 0.0011252661
, 0.0031344758
, 0.0001902739
, -0.0017516746
, 0.0005736669
, 0.0069320551
, 0.0139993103
, 0.0151857119
, 0.0140356775
, 0.0190068521
, 0.0217148457
, 0.0251906998
, 0.0223575402
, 0.0210022163
, 0.0225190893
, 0.0201097932
, 0.0171988122
, 0.0103425235
, 0.0074328003
, 0.0090191374
, 0.0077471486
, 0.0080705648
, 0.0090381103
, 0.0122839985
, 0.0154530285
, 0.0129774343
, 0.0127843404
, 0.0156196160
, 0.0146690663
, 0.0167351328
, 0.0212092716
, 0.0210770015
, 0.0197227169
, 0.0136789409
, 0.0078663174
, -0.0007201766
, -0.0042599663
, -0.0025156699
, -0.0095407329
, -0.0297304373
, -0.0371691436
, -0.0301394854
, -0.0166918319
, -0.0076319459
, 0.0022371453
, 0.0126566757
, 0.0166053213
, 0.0178529881
, 0.0134472214
, 0.0117612965
, 0.0137408515
, 0.0122690620
, 0.0103166681
, 0.0043413700
, 0.0024112742
, 0.0053248936
, 0.0048115887
, 0.0035600665
, -0.0018181766
, -0.0033590812
, -0.0005126827
, -0.0005644186
, -0.0006240621
, -0.0050908695
, -0.0060412176
, -0.0028402493
, -0.0028616262
, -0.0030023516
, -0.0071378890
, -0.0077158553
, -0.0153748980
, -0.0516453907
, -0.0608933643
, -0.0497251861
, -0.0367318094
, -0.0217437260
, -0.0061592571
, 0.0020131916
, 0.0086999806
, 0.0155505743
, 0.0159534644
, 0.0162593611
, 0.0108316327
, 0.0065110340
, 0.0066008572
, 0.0118649108
, 0.0201494209
, 0.0241599139
, 0.0281397924
, 0.0325297751
, 0.0311793573
, 0.0314362086
, 0.0338469855
, 0.0316330343
, 0.0284973253
, 0.0207418464
, 0.0165456925
, 0.0166878998
, 0.0138443094
, 0.0110657001
, 0.0046972902
, 0.0025180487
, 0.0051583918
, 0.0058040693
, 0.0055039627
, 0.0001851013
, -0.0017320509
, 1.5006005764
, 1.4998450279
, 1.4990050793
, 1.4911588430
, 1.4739474058
, 1.4476089478
, 1.4113620520
, 1.3650399446
, 1.3030520678
, 1.2288658619
, 1.1491029263
, 1.0665841103
, 0.9761335850
, 0.8745869994
, 0.7661299109
, 0.6566705108
, 0.5510151386
, 0.4489649832
, 0.3451053798
, 0.2448697090
, 0.1432268918
, 0.0420991145
, -0.0494602509
, -0.1368719637
, -0.2230931073
, -0.3049540222
, -0.3745920360
, -0.4379380941
, -0.4945399165
, -0.5500318408
, -0.6040511131
, -0.6463452578
, -0.6773791313
, -0.7052425146
, -0.7266033292
, -0.7413454652
, -0.7497581244
, -0.7556711435
, -0.7584497929
, -0.7587876320
, -0.7493447065
, -0.7296904325
, -0.7063980103
, -0.6872985363
, -0.6700047255
, -0.6438681483
, -0.6183302402
, -0.5838667750
, -0.5495355129
, -0.5213680267
, -0.4986574948
, -0.4737977386
, -0.4501810968
, -0.4232207835
, -0.3906737268
, -0.3572191894
, -0.3331423700
, -0.3123142421
, -0.2911944389
, -0.2688468993
, -0.2469434589
, -0.2252336293
, -0.2033589035
, -0.1732122898
, -0.1444501728
, -0.1228474975
, -0.1059630886
, -0.0858518407
, -0.0692734942
, -0.0602165759
, -0.0552886911
, -0.0462086648
, -0.0395553932
, -0.0356916040
, -0.0278518330
, -0.0225071795
, -0.0208362844
, -0.0181365833
, -0.0141119650
, -0.0051721879
, -0.0001472978
, 0.0000008952
, 0.0026132979
, 0.0018224369
, -0.0028781169
, -0.0039817467
, -0.0045313975
, -0.0006594836
, 0.0026259574
, 0.0083937412
, 0.0090633854
, 0.0026925141
, -0.0061797793
, -0.0151195815
, -0.0194792077
, -0.0233712103
, -0.0223237202
, -0.0198974665
, -0.0139427222
, -0.0140535794
, -0.0198130757
, -0.0232905038
, -0.0249723904
, -0.0221754927
, -0.0219899192
, -0.0186336730
, -0.0124045862
, -0.0083306413
, 0.0002666305
, 0.0099914577
, 0.0127695370
, 0.0084589338
, 0.0050414405
, 0.0002265149
, -0.0018650851
