StateVariable_6=[7.0000000000
, 6.9975590706
, 6.9826140404
, 6.9463176727
, 6.8878273964
, 6.8037533760
, 6.6900620461
, 6.5467300415
, 6.3808803558
, 6.1949896812
, 5.9911355972
, 5.7741637230
, 5.5404767990
, 5.2921185493
, 5.0300440788
, 4.7606220245
, 4.4903287888
, 4.2193164825
, 3.9444591999
, 3.6625144482
, 3.3735520840
, 3.0839242935
, 2.7946052551
, 2.5056385994
, 2.2216043472
, 1.9413619041
, 1.6606960297
, 1.3772816658
, 1.0954618454
, 0.8204746246
, 0.5486707687
, 0.2824802399
, 0.0275249481
, -0.2149257660
, -0.4373936653
, -0.6424760818
, -0.8355369568
, -1.0110969543
, -1.1726303101
, -1.3142251968
, -1.4381999969
, -1.5489368439
, -1.6471261978
, -1.7287969589
, -1.7886743546
, -1.8345928192
, -1.8701782227
, -1.8945684433
, -1.9101343155
, -1.9098863602
, -1.9001111984
, -1.8827342987
, -1.8540811539
, -1.8140153885
, -1.7665939331
, -1.7136917114
, -1.6537609100
, -1.5931844711
, -1.5274953842
, -1.4517450333
, -1.3747425079
, -1.3016786575
, -1.2274789810
, -1.1518945694
, -1.0774936676
, -1.0068569183
, -0.9396657944
, -0.8719105721
, -0.8079986572
, -0.7443118095
, -0.6800560951
, -0.6171727180
, -0.5577812195
, -0.5035219193
, -0.4529013634
, -0.4011516571
, -0.3547296524
, -0.3141255379
, -0.2747545242
, -0.2399768829
, -0.2070965767
, -0.1793351173
, -0.1537961960
, -0.1333885193
, -0.1148543358
, -0.1008157730
, -0.0856056213
, -0.0689749718
, -0.0567736626
, -0.0467591286
, -0.0415172577
, -0.0353960991
, -0.0303926468
, -0.0336537361
, -0.0379247665
, -0.0431470871
, -0.0452737808
, -0.0480875969
, -0.0470829010
, -0.0416336060
, -0.0382938385
, -0.0337123871
, -0.0318398476
, -0.0307064056
, -0.0326910019
, -0.0353178978
, -0.0415434837
, -0.0447955132
, -0.0448174477
, -0.0470209122
, -0.0522780418
, -0.0555167198
, -0.0588836670
, -0.0592637062
, -0.0622744560
, -0.0681672096
, -0.0712361336
, -0.0760784149
, -0.0827717781
, -0.0856370926
, -0.0869998932
, -0.0841331482
, -0.0840973854
, -0.0883283615
, -0.0922403336
, -0.0924220085
, -0.0874409676
, -0.0825653076
, -0.0759344101
, -0.0711555481
, -0.0654420853
, -0.0640273094
, -0.0672545433
, -0.0688261986
, -0.0704612732
, -0.0691938400
, -0.0684704781
, -0.0655651093
, -0.0636672974
, -0.0600500107
, -0.0572423935
, -0.0514650345
, -0.0472240448
, -0.0428714752
, -0.0413618088
, -0.0393071175
, -0.0395259857
, -0.0364770889
, -0.0301470757
, -0.0265331268
, -0.0233941078
, -0.0235333443
, -0.0234375000
, -0.0256652832
, -0.0267887115
, -0.0304384232
, -0.0327672958
, -0.0318150520
, -0.0328693390
, -0.0334711075
, -0.0355749130
, -0.0342788696
, -0.0301890373
, -0.0284481049
, -0.0269508362
, -0.0266532898
, -0.0234241486
, -0.0174417496
, -0.0147018433
, -0.0121402740
, -0.0078701973
, -0.0012784004
, 0.0048937798
, 0.0075368881
, 0.0030856133
, -0.0002846718
, -0.0007719994
, -0.0033302307
, -0.0054097176
, -0.0098309517
, -0.0132451057
, -0.0182905197
, -0.0217013359
, -0.0262870789
, -0.0265183449
, -0.0225958824
, -0.0206642151
, -0.0187292099
, -0.0174636841
, -0.0073018074
, 0.0033969879
, 0.0078330040
, 0.0094203949
, 0.0063695908
, 0.0029635429
, -0.0030903816
, -0.0056858063
, -0.0045304298
, -0.0074276924
, -0.0149364471
, -0.0195760727
, -0.0199031830
, -0.0211358070
, -0.0208601952
, -0.0227923393
, -0.0216298103
, -0.0165538788
, -0.0139493942
, -0.0118794441
, -0.0132398605
, -0.0121116638
, -0.0081834793
, -0.0071206093
, -0.0040817261
, 0.0010232925
, 0.0025000572
, 0.0028128624
, -0.0006585121
, -0.0041074753
, -0.0107493401
, -0.0161242485
, -0.0144410133
, -0.0098462105
, -0.0086903572
, -0.0079245567
, -0.0105953217
, -0.0128755569
, -0.0172958374
, -0.0188083649
, -0.0144271851
, -0.0070667267
, -0.0022010803
, 0.0037517548
, 0.0112528801
, 0.0171275139
, 0.0155196190
, 0.0109343529
, 0.0049605370
, 0.0016512871
, 0.0035414696
, 0.0037770271
, 0.0063080788
, 0.0110073090
, 0.0117969513
, 0.0110688210
, 0.0060949326
, 0.0030336380
, 0.0042104721
, 0.0034661293
, 0.0025296211
, -0.0014867783
, -0.0042781830
, -0.0053038597
, 0.0005822182
, 0.0057940483
, 0.0054183006
, 0.0057134628
, 0.0078892708
, 0.0069851875
, 0.0053625107
, 0.0006470680
, -0.0008907318
, 0.0006375313
, -0.0002775192
, -0.0012807846
, -0.0052151680
, -0.0086908340
, -0.0148596764
, -0.0196595192
, -0.0210633278
, -0.0211248398
, -0.0166540146
, -0.0136718750
, -0.0083651543
, -0.0015630722
, 0.0010490417
, 0.0045709610
, 0.0094137192
, 0.0103406906
, 0.0097546577
, 0.0053377151
, 0.0033888817
, 0.0044851303
, 0.0017924309
, -0.0052332878
, -0.0140929222
, -0.0187911987
, -0.0187482834
, -0.0192480087
, -0.0164141655
, -0.0116448402
, -0.0104675293
, -0.0079369545
, -0.0032854080
, -0.0020709038
, -0.0005087852
, -0.0027217865
, -0.0041303635
, -0.0022854805
, 0.0025453568
, 0.0078711510
, 0.0085930824
, 0.0075616837
, 0.0111408234
, 0.0129570961
, 0.0153050423
, 0.0128350258
, 0.0115342140
, 0.0124306679
, 0.0103425980
, 0.0079207420
, 0.0025715828
, 0.0003185272
, 0.0015096664
, 0.0005164146
, 0.0007438660
, 0.0014657974
, 0.0038957596
, 0.0062050819
, 0.0042014122
, 0.0039649010
, 0.0060205460
, 0.0051722527
, 0.0066213608
, 0.0098571777
, 0.0095443726
, 0.0083155632
, 0.0035715103
, -0.0008955002
, -0.0073609352
, -0.0098752975
, -0.0083446503
, -0.0134692192
, -0.0284266472
, -0.0334305763
, -0.0274004936
, -0.0166525841
, -0.0094504356
, -0.0017929077
, 0.0061149597
, 0.0089650154
, 0.0097136497
, 0.0061764717
, 0.0047698021
, 0.0061616898
, 0.0049171448
, 0.0033364296
, -0.0012483597
, -0.0026788712
, -0.0004205704
, -0.0007991791
, -0.0017271042
, -0.0057516098
, -0.0067911148
, -0.0044946671
, -0.0044364929
, -0.0043859482
, -0.0076646805
, -0.0082168579
, -0.0056219101
, -0.0055165291
, -0.0055036545
, -0.0085082054
, -0.0087609291
, -0.0143485069
, -0.0414280891
, -0.0475211143
, -0.0380573273
, -0.0274248123
, -0.0155124664
, -0.0034074783
, 0.0028386116
, 0.0078268051
, 0.0128335953
, 0.0128564835
, 0.0128116608
, 0.0084366798
, 0.0049924850
, 0.0049533844
, 0.0088219643
, 0.0148854256
, 0.0175952911
, 0.0202217102
, 0.0231003761
, 0.0215811729
, 0.0213093758
, 0.0226697922
, 0.0205073357
, 0.0176968575
, 0.0114574432
, 0.0080409050
, 0.0079746246
, 0.0056548119
, 0.0034341812
, -0.0014495850
, -0.0030641556
, -0.0010037422
, -0.0004944801
, -0.0007104874
, -0.0047121048
, -0.0060582161
, -0.0041656494
, -0.0046463013
, -0.0051803589
, -0.0109939575
, -0.0237550735
, -0.0431046486
, -0.0695710182
, -0.1030821800
, -0.1476812363
, -0.2005190849
, -0.2564272881
, -0.3131356239
, -0.3747444153
, -0.4433650970
, -0.5157074928
, -0.5872354507
, -0.6543455124
, -0.7172832489
, -0.7802281380
, -0.8390765190
, -0.8977165222
, -0.9547009468
, -1.0032281876
, -1.0475568771
, -1.0900468826
, -1.1283454895
, -1.1565465927
, -1.1788082123
, -1.1960496902
, -1.2121486664
, -1.2267637253
, -1.2322502136
, -1.2289600372
, -1.2234582901
, -1.2132987976
, -1.1981372833
, -1.1787824631
, -1.1575565338
, -1.1347360611
, -1.1106204987
, -1.0796957016
, -1.0417585373
, -1.0016117096
, -0.9653587341
, -0.9286046028
, -0.8917317390
, -0.8532152176
, -0.8087582588
, -0.7653331757
, -0.7275562286
, -0.6946759224
, -0.6608366966
, -0.6287837029
, -0.5948410034
, -0.5573930740
, -0.5201158524
, -0.4906883240
, -0.4643688202
, -0.4383883476
, -0.4119448662
, -0.3853387833
, -0.3617925644
, -0.3374395370
, -0.3073945045
, -0.2790431976
, -0.2567009926
, -0.2384047508
, -0.2180666924
, -0.2008395195
, -0.1896581650
, -0.1818399429
, -0.1710577011
, -0.1623353958
, -0.1559109688
, -0.1466250420
, -0.1393914223
, -0.1347255707
, -0.1301798820
, -0.1243309975
, -0.1148939133
, -0.1086173058
, -0.1061611176
, -0.1018896103
, -0.1002898216
, -0.1016736031
, -0.1003127098
, -0.0985574722
, -0.0935063362
, -0.0890069008
, -0.0827283859
, -0.0804357529
, -0.0834660530
, -0.0883493423
, -0.0932044983
, -0.0944924355
, -0.0953907967
, -0.0925292969
, -0.0886950493
, -0.0822954178
, -0.0805988312
, -0.0832180977
, -0.0840301514
, -0.0834822655
, -0.0795812607
, -0.0777349472
, -0.0735397339
