StateVariable_7=[0.0000000000
, 0.0069863629
, 0.0139801493
, 0.0209209099
, 0.0277970284
, 0.0346007794
, 0.0412968658
, 0.0478435978
, 0.0542187318
, 0.0604137257
, 0.0664048567
, 0.0729059875
, 0.0777627677
, 0.0838809907
, 0.0881177932
, 0.0928703249
, 0.0973642468
, 0.1015801877
, 0.1055246443
, 0.1091871634
, 0.1125607118
, 0.1156446412
, 0.1184414774
, 0.1209471151
, 0.1231687218
, 0.1251085252
, 0.1267720461
, 0.1282636374
, 0.1292883456
, 0.1301150471
, 0.1306614131
, 0.1309446096
, 0.1309721470
, 0.1307590306
, 0.1303198040
, 0.1296794415
, 0.1288362145
, 0.1278378665
, 0.1266690940
, 0.1253394932
, 0.1239048913
, 0.1223559529
, 0.1204172894
, 0.1187465787
, 0.1172458827
, 0.1153929457
, 0.1135274395
, 0.1116232127
, 0.1097228155
, 0.1078305021
, 0.1059224159
, 0.1040522903
, 0.1021935791
, 0.1003826410
, 0.0986160487
, 0.0969037265
, 0.0952499658
, 0.0936567783
, 0.0921292827
, 0.0903950334
, 0.0892867148
, 0.0877862722
, 0.0867441446
, 0.0855941996
, 0.0845167115
, 0.0835106596
, 0.0825709924
, 0.0816990882
, 0.0808910877
, 0.0801461786
, 0.0794666708
, 0.0788494945
, 0.0782917142
, 0.0777881891
, 0.0773349255
, 0.0768718347
, 0.0765718818
, 0.0762574673
, 0.0759831816
, 0.0757432058
, 0.0755361095
, 0.0753567740
, 0.0752029791
, 0.0750695914
, 0.0749546438
, 0.0748539120
, 0.0747682378
, 0.0746992603
, 0.0746425316
, 0.0745957717
, 0.0745542571
, 0.0745134279
, 0.0744870380
, 0.0744533241
, 0.0744153410
, 0.0743720457
, 0.0743268058
, 0.0742791221
, 0.0742318034
, 0.0741904527
, 0.0741518065
, 0.0741180629
, 0.0740864351
, 0.0740557015
, 0.0740232617
, 0.0739883259
, 0.0739469230
, 0.0738929957
, 0.0738572776
, 0.0738102123
, 0.0737580284
, 0.0737025067
, 0.0736436248
, 0.0735843107
, 0.0735220388
, 0.0734539255
, 0.0733826309
, 0.0733066201
, 0.0732238442
, 0.0731382072
, 0.0730508417
, 0.0729670599
, 0.0728829652
, 0.0727778152
, 0.0727029815
, 0.0726105645
, 0.0725231990
, 0.0724406317
, 0.0723647028
, 0.0722936019
, 0.0722279474
, 0.0721640736
, 0.0720968246
, 0.0720279366
, 0.0719574690
, 0.0718883425
, 0.0718198717
, 0.0717542470
, 0.0716905817
, 0.0716177374
, 0.0715726912
, 0.0715211406
, 0.0714740381
, 0.0714311674
, 0.0713897645
, 0.0713504553
, 0.0713109672
, 0.0712744892
, 0.0712443665
, 0.0712178349
, 0.0711944401
, 0.0711708888
, 0.0711474493
, 0.0711217597
, 0.0710949749
, 0.0710584596
, 0.0710311309
, 0.0709994212
, 0.0709667206
, 0.0709331110
, 0.0708976239
, 0.0708636045
, 0.0708333179
, 0.0708051026
, 0.0707777664
, 0.0707512498
, 0.0707278252
, 0.0707103536
, 0.0706957877
, 0.0706838220
, 0.0706759766
, 0.0706743822
, 0.0706781149
, 0.0706855729
, 0.0706886575
, 0.0706883743
, 0.0706875995
, 0.0706842691
, 0.0706788599
, 0.0706690326
, 0.0706557855
, 0.0706374943
, 0.0706157908
, 0.0705895051
, 0.0705629885
, 0.0705403909
, 0.0705197304
, 0.0704960674
, 0.0704827458
, 0.0704756305
, 0.0704790279
, 0.0704868585
, 0.0704962760
, 0.0705026612
, 0.0705056190
, 0.0705025271
, 0.0704968497
, 0.0704923123
, 0.0704848543
, 0.0704700053
, 0.0704504251
, 0.0704305246
, 0.0704093203
, 0.0703829825
, 0.0703653097
, 0.0703411400
, 0.0703272149
, 0.0703132600
, 0.0703013837
, 0.0702881441
, 0.0702760294
, 0.0702678487
, 0.0702607259
, 0.0702566430
, 0.0702576637
, 0.0702601671
, 0.0702629760
, 0.0702623203
, 0.0702582076
, 0.0702447742
, 0.0702311695
, 0.0702176839
, 0.0702078640
, 0.0701991394
, 0.0701912344
, 0.0701806322
, 0.0701677352
, 0.0701505542
, 0.0701317340
, 0.0701173767
, 0.0701102540
, 0.0701080486
, 0.0701117590
, 0.0701229051
, 0.0701425746
, 0.0701596066
, 0.0701684281
, 0.0701738447
, 0.0701752454
, 0.0701787844
, 0.0701825619
, 0.0701888874
, 0.0701998845
, 0.0702116713
, 0.0702227280
, 0.0702294558
, 0.0702321753
, 0.0702363849
, 0.0702398494
, 0.0702423826
, 0.0702408925
, 0.0702351630
, 0.0702312216
, 0.0702318475
, 0.0702367276
, 0.0702421293
, 0.0702478439
, 0.0702557489
, 0.0702627227
, 0.0702680796
, 0.0702687278
, 0.0702678412
, 0.0702684820
, 0.0702682063
, 0.0702669248
, 0.0702617094
, 0.0702530220
, 0.0702335387
, 0.0702183321
, 0.0701958910
, 0.0701779351
, 0.0701612681
, 0.0701475739
, 0.0701392218
, 0.0701376572
, 0.0701387078
, 0.0701432750
, 0.0701527074
, 0.0701630339
, 0.0701727867
, 0.0701781213
, 0.0701815113
, 0.0701860040
, 0.0701884106
, 0.0701842085
, 0.0701717734
, 0.0701529980
, 0.0701341853
, 0.0701149255
, 0.0700986162
, 0.0700869709
, 0.0700765476
, 0.0700685829
, 0.0700653121
, 0.0700632185
, 0.0700627118
, 0.0700600147
, 0.0700559169
, 0.0700536519
, 0.0700571537
, 0.0700630173
, 0.0700717941
, 0.0700783059
, 0.0700899959
, 0.0701024085
, 0.0701175854
, 0.0701304078
, 0.0701419488
, 0.0701543763
, 0.0701647177
, 0.0701726377
, 0.0701752082
, 0.0701755285
, 0.0701770410
, 0.0701775551
, 0.0701785609
, 0.0701796934
, 0.0701831132
, 0.0701893121
, 0.0701935142
, 0.0701974779
, 0.0702034980
, 0.0702086836
, 0.0702152848
, 0.0702251494
, 0.0702346936
, 0.0702430010
, 0.0702465773
, 0.0702456832
, 0.0702383220
, 0.0702284425
, 0.0702200979
, 0.0702065974
, 0.0701781884
, 0.0701447576
, 0.0701174065
, 0.0701007545
, 0.0700912997
, 0.0700895041
, 0.0700956210
, 0.0701045841
, 0.0701142997
, 0.0701204762
, 0.0701252446
, 0.0701314136
, 0.0701363236
, 0.0701396614
, 0.0701384097
, 0.0701357275
, 0.0701353028
, 0.0701345056
, 0.0701327771
, 0.0701270327
, 0.0701202378
, 0.0701157376
, 0.0701112971
, 0.0701069236
, 0.0700992569
, 0.0700910389
, 0.0700854138
, 0.0700798929
, 0.0700743943
, 0.0700658932
, 0.0700571314
, 0.0700424314
, 0.0700008646
, 0.0699535012
, 0.0699153170
, 0.0698880106
, 0.0698724687
, 0.0698690638
, 0.0698718801
, 0.0698797330
, 0.0698924735
, 0.0699055195
, 0.0699182451
, 0.0699266419
, 0.0699315816
, 0.0699364915
, 0.0699453130
, 0.0699603260
, 0.0699778050
, 0.0699979886
, 0.0700210929
, 0.0700426921
, 0.0700639859
, 0.0700866506
, 0.0701071918
, 0.0701248646
, 0.0701363161
, 0.0701443627
, 0.0701523349
, 0.0701579899
, 0.0701614246
, 0.0701599717
, 0.0701569095
, 0.0701559037
, 0.0701554045
, 0.0701546967
, 0.0701499879
, 0.0701439306
, 0.0701397657
, 0.0701351166
, 0.0701299384
, 0.0701189339
, 0.0700951815
, 0.0700507313
, 0.0699822158
, 0.0698805228
, 0.0697333291
, 0.0695328116
, 0.0692763776
, 0.0689598322
, 0.0685879365
, 0.0681456849
, 0.0676303804
, 0.0670431480
, 0.0663888007
, 0.0656715184
, 0.0648912936
, 0.0640522167
, 0.0631544963
, 0.0621997975
, 0.0611965694
, 0.0601481795
, 0.0590581335
, 0.0579306819
, 0.0567732193
, 0.0555667095
, 0.0543686189
, 0.0531575792
, 0.0519308150
, 0.0507005192
, 0.0494663827
, 0.0482429266
, 0.0470358469
, 0.0458336137
, 0.0446627475
, 0.0434945226
, 0.0423636660
, 0.0412594825
, 0.0401888490
, 0.0391576141
, 0.0381534956
, 0.0371791497
, 0.0361189693
, 0.0353625976
, 0.0345108397
, 0.0337020829
, 0.0329354405
, 0.0322091281
, 0.0315138176
, 0.0308502167
, 0.0302240625
, 0.0296292212
, 0.0290709436
, 0.0285521299
, 0.0280609913
, 0.0275970474
, 0.0271586590
, 0.0267422274
, 0.0263029002
, 0.0259954073
, 0.0256571341
, 0.0253502540
, 0.0250716880
, 0.0248149876
, 0.0245765820
, 0.0243585166
, 0.0241578352
, 0.0239680279
, 0.0237861872
, 0.0236152653
, 0.0234528016
, 0.0232968908
, 0.0231503807
, 0.0230095945
, 0.0228566676
, 0.0227451548
, 0.0226209387
, 0.0225060452
, 0.0223974269
, 0.0222913511
, 0.0221892055
, 0.0220890883
, 0.0219874140
, 0.0218871813
, 0.0217884555
, 0.0216950346
, 0.0216060970
, 0.0215233695
, 0.0214429330
, 0.0213574395
, 0.0212684199
, 0.0211757645
, 0.0210816693
, 0.0209862795
, 0.0208932869
, 0.0208044387
, 0.0207227618
, 0.0206420347
, 0.0205592997
, 0.0204744954
, 0.0203908700
, 0.0203119591
, 0.0202348158
, 0.0201621354
, 0.0200948883
, 0.0200315565
, 0.0199692044
, 0.0199298393
, 0.0198866222
, 0.0198410470
, 0.0197938699
, 0.0197441615
, 0.0196939018
, 0.0196422897
, 0.0195911676
, 0.0195394550
, 0.0194889233
, 0.0194382556
, 0.0193890277
, 0.0193397533
, 0.0192918945
, 0.0192416031
, 0.0191790778
, 0.0191295817
, 0.0190758575
, 0.0190269239
, 0.0189841613
, 0.0189442802
, 0.0189072844
