time=[0.0000000000
, 0.8313999772
, 1.8296999931
, 2.8296999931
, 3.8289000988
, 4.8364000320
, 5.8305997849
, 6.8288998604
, 7.8322000504
, 8.8289003372
, 9.8289003372
, 10.8297004700
, 11.8297004700
, 12.8297004700
, 14.1166000366
, 14.8951997757
, 15.9806995392
, 16.8288993835
, 17.8288993835
, 18.8306007385
, 19.8355998993
, 20.8306007385
, 21.8297004700
, 22.8297004700
, 23.8288993835
, 24.8439998627
, 25.8288993835
, 26.8288993835
, 27.8297004700
, 28.8297004700
, 30.1434993744
, 30.9034996033
, 31.9824008942
, 32.8297004700
, 33.8306007385
, 34.8314018250
, 35.8288993835
, 36.8288993835
, 37.8288993835
, 38.8288993835
, 39.8288993835
, 40.8297004700
, 41.8297004700
, 42.8297004700
, 43.8288993835
, 44.8288993835
, 46.1250000000
, 46.9613990784
, 47.8557014465
, 48.8531990051
, 49.8566017151
, 50.8573989868
, 51.8515014648
, 52.8540000916
, 53.8507003784
, 54.8540000916
, 55.8515014648
, 56.8591003418
, 57.8566017151
, 59.5410995483
, 59.8405990601
, 60.8465003967
, 62.1930007935
, 62.9472007751
, 63.8440017700
, 64.8414993286
, 65.8440017700
, 66.8339004517
, 67.8296966553
, 68.8296966553
, 69.8313980103
, 70.8348007202
, 71.8305969238
, 72.8305969238
, 73.8296966553
, 74.8305969238
, 75.8296966553
, 76.8296966553
, 78.1987991333
, 78.9514007568
, 79.9907989502
, 80.8313980103
, 81.8305969238
, 82.8296966553
, 83.8305969238
, 84.8296966553
, 85.8296966553
, 86.8305969238
, 87.8305969238
, 88.8296966553
, 89.8321990967
, 90.8305969238
, 91.8305969238
, 92.8305969238
, 94.1744995117
, 94.9487991333
, 95.9806976318
, 96.8296966553
, 97.8296966553
, 98.8289031982
, 99.8289031982
, 100.8289031982
, 101.8296966553
, 102.8296966553
, 103.8289031982
, 104.8289031982
, 105.8289031982
, 106.8289031982
, 107.8289031982
, 108.8289031982
, 109.8289031982
, 110.9899978638
, 111.8532028198
, 113.2138977051
, 114.1669998169
, 114.8507003784
, 115.9076995850
, 116.9681015015
, 117.9412994385
, 119.2390975952
, 120.2248992920
, 120.8666000366
, 121.8440017700
, 122.8573989868
, 123.8548965454
, 124.8548965454
, 126.2893981934
, 127.0000000000
, 127.8489990234
, 128.8482055664
, 129.8388977051
, 130.8289031982
, 131.8296966553
, 132.8289031982
, 133.8289031982
, 134.8289031982
, 135.8289031982
, 136.8289031982
, 137.8289031982
, 138.8289031982
, 139.8289031982
, 140.8289031982
, 141.8296966553
, 142.8372955322
, 143.8305969238
, 144.8289031982
, 145.8289031982
, 146.8289031982
, 147.8289031982
, 148.8289031982
, 149.8289031982
, 150.8296966553
, 151.8296966553
, 152.8289031982
, 153.8289031982
, 154.8289031982
, 155.8289031982
, 156.8372955322
, 157.8289031982
, 158.8363952637
, 159.8321990967
, 160.8296966553
, 161.8296966553
, 162.8289031982
, 163.8289031982
, 164.8296966553
, 165.8289031982
, 166.8289031982
, 167.8289031982
, 168.8289031982
, 169.8289031982
, 170.8296966553
, 171.8296966553
, 172.8289031982
, 173.8289031982
, 174.8540039063
, 175.8556976318
, 176.8556976318
, 177.8574066162
, 178.8549041748
, 179.8556976318
, 180.8549041748
, 181.8464965820
, 182.8540039063
, 183.8482055664
, 184.8574066162
, 185.8565979004
, 186.8482055664
, 187.8381042480
, 188.8289031982
, 189.8289031982
, 190.8372955322
, 191.8330993652
, 192.8289031982
, 193.8296966553
, 194.8296966553
, 195.8289031982
, 196.8289031982
, 197.8289031982
, 198.8289031982
, 199.8289031982
, 200.8296966553
, 201.8296966553
, 202.8289031982
, 203.8289031982
, 204.8289031982
, 205.8305969238
, 206.8388977051
, 207.8321990967
, 208.8296966553
, 209.8296966553
, 210.8305969238
, 211.8305969238
, 212.8296966553
, 213.8296966553
, 214.8296966553
, 215.8296966553
, 216.8296966553
, 217.8289031982
, 218.8289031982
, 219.8305969238
, 220.8347930908
, 221.8305969238
, 222.8457031250
, 223.8515014648
, 224.8506927490
, 225.8489990234
, 226.8540039063
, 227.8464965820
, 228.8406066895
, 229.8330993652
, 230.8330993652
, 231.8305969238
, 232.8314056396
, 233.8314056396
, 234.8305969238
, 235.8314056396
, 236.8314056396
, 237.8296966553
, 238.8549041748
, 239.8574066162
, 240.8574066162
, 241.8616027832
, 242.8556976318
, 243.8591003418
, 244.8582000732
, 245.8506927490
, 246.8540039063
, 247.8489990234
, 248.8598937988
, 249.8582000732
, 250.8482055664
, 251.8363952637
, 252.8296966553
, 253.8289031982
, 254.8397979736
, 255.9848937988
, 256.8288879395
, 257.8356018066
, 258.8288879395
, 259.8288879395
, 260.8313903809
, 261.8297119141
, 262.8297119141
, 263.8288879395
, 264.8297119141
, 265.8322143555
, 266.8288879395
, 267.8288879395
, 268.8288879395
, 269.8288879395
, 270.8406066895
, 271.9841003418
, 272.8297119141
, 273.8288879395
, 274.8288879395
, 275.8288879395
, 276.8313903809
, 277.8297119141
, 278.8288879395
, 279.8288879395
, 280.8297119141
, 281.8330993652
, 282.8288879395
, 283.8338928223
, 284.8322143555
, 285.8313903809
, 286.8439941406
, 287.9841003418
, 288.8297119141
, 289.8288879395
, 290.8313903809
, 291.8297119141
, 292.8297119141
, 293.8288879395
, 294.8288879395
, 295.8288879395
, 296.8288879395
, 297.8288879395
, 298.8288879395
, 299.8288879395
, 300.8297119141
, 301.8297119141
, 302.8557128906
, 303.8598937988
, 304.8548889160
, 305.8532104492
, 306.8532104492
, 307.8565979004
, 308.8548889160
, 309.8489990234
, 310.8507080078
, 311.8457031250
, 312.8548889160
, 313.8548889160
, 314.8472900391
, 315.8373107910
, 316.8313903809
, 317.8297119141
, 318.8356018066
, 319.9765014648
, 320.8363952637
, 321.8297119141
, 322.8297119141
, 323.8288879395
, 324.8288879395
, 325.8288879395
, 326.8305969238
, 327.8305969238
, 328.8297119141
, 329.8297119141
, 330.8305969238
, 331.8297119141
, 332.8297119141
, 333.8288879395
, 334.8398132324
, 335.9782104492
, 336.8322143555
, 337.8288879395
, 338.8288879395
, 339.8288879395
, 340.8288879395
, 341.8288879395
, 342.8297119141
, 343.8288879395
, 344.8288879395
, 345.8288879395
, 346.8288879395
, 347.8288879395
, 348.8288879395
, 349.8288879395
, 350.8363952637
, 351.8305969238
, 352.8313903809
, 353.8288879395
, 354.8288879395
, 355.8297119141
, 356.8297119141
, 357.8297119141
, 358.8297119141
, 359.8297119141
, 360.8297119141
, 361.8297119141
, 362.8305969238
, 363.8297119141
, 364.8305969238
, 365.8288879395
, 366.8363952637
, 367.8297119141
, 368.8305969238
, 369.8288879395
, 370.8288879395
, 371.8305969238
, 372.8305969238
, 373.8297119141
, 374.8297119141
, 375.8305969238
, 376.8297119141
, 377.8305969238
, 378.8305969238
, 379.8305969238
, 380.8297119141
, 381.8305969238
, 382.8532104492
, 383.8573913574
, 384.8565979004
, 385.8532104492
, 386.8472900391
, 387.8548889160
, 388.8548889160
, 389.8591003418
, 390.8581848145
, 391.8489990234
, 392.8548889160
, 393.8464965820
, 394.8482055664
, 395.8388977051
, 396.8297119141
, 397.8297119141
, 398.8363952637
, 399.8297119141
, 400.8305969238
, 401.8297119141
, 402.8297119141
, 403.8338928223
, 404.8297119141
, 405.8297119141
, 406.8288879395
, 407.8288879395
, 408.8305969238
, 409.8288879395
, 410.8406066895
, 411.8330993652
, 412.8297119141
, 413.8338928223
, 414.8388977051
, 415.8297119141
, 416.8305969238
, 417.8297119141
, 418.8288879395
, 419.8288879395
, 420.8288879395
, 421.8288879395
, 422.8297119141
, 423.8288879395
, 424.8288879395
, 425.8288879395
, 426.8288879395
, 427.8297119141
, 428.8288879395
, 429.8288879395
, 430.8363952637
, 431.8297119141
, 432.8313903809
, 433.8288879395
, 434.8288879395
, 435.8288879395
, 436.8414916992
, 437.8288879395
, 438.8288879395
, 439.8297119141
, 440.8288879395
, 441.8297119141
, 442.8288879395
, 443.8297119141
, 444.8288879395
, 445.8288879395
, 446.8532104492
, 447.8598937988
, 448.8565979004
, 449.8507080078
, 450.8447875977
, 451.8548889160
, 452.8532104492
, 453.8573913574
, 454.8565979004
, 455.8515014648
, 456.8523864746
, 457.8472900391
, 458.8472900391
, 459.8499145508
, 460.8457031250
, 461.8548889160
, 462.8489990234
, 463.8523864746
, 464.8499145508
, 465.8439941406
, 466.8515014648
, 467.8297119141
, 468.8297119141
, 469.8373107910
, 470.8305969238
, 471.8297119141
, 472.8297119141
, 473.8414916992
, 474.8330993652
