position=[0.0060927859
, 0.0060927859
, 0.0064735850
, 0.0064735850
, 0.0068543837
, 0.0068543837
, 0.0072351829
, 0.0072351829
, 0.0076159821
, 0.0076159821
, 0.0079967817
, 0.0079967817
, 0.0083775800
, 0.0087583791
, 0.0091391783
, 0.0091391783
, 0.0095199775
, 0.0099007767
, 0.0099007767
, 0.0102815758
, 0.0106623750
, 0.0110431742
, 0.0114239734
, 0.0121855717
, 0.0125663709
, 0.0129471701
, 0.0137087675
, 0.0140895667
, 0.0144703658
, 0.0152319642
, 0.0159935635
, 0.0167551599
, 0.0171359591
, 0.0178975575
, 0.0186591558
, 0.0194207542
, 0.0201823525
, 0.0209439509
, 0.0217055492
, 0.0224671476
, 0.0232287459
, 0.0243711434
, 0.0251327418
, 0.0258943401
, 0.0270367377
, 0.0277983341
, 0.0289407317
, 0.0297023300
, 0.0304639284
, 0.0316063277
, 0.0323679261
, 0.0331295207
, 0.0342719182
, 0.0350335166
, 0.0357951149
, 0.0365567133
, 0.0376991108
, 0.0384607092
, 0.0392223075
, 0.0403647050
, 0.0407455042
, 0.0415071025
, 0.0422687009
, 0.0426495001
, 0.0434110984
, 0.0437918976
, 0.0445534959
, 0.0449342951
, 0.0456958935
, 0.0460766926
, 0.0464574918
, 0.0468382910
, 0.0472190902
, 0.0472190902
, 0.0475998893
, 0.0479806885
, 0.0479806885
, 0.0479806885
, 0.0483614877
, 0.0483614877
, 0.0483614877
, 0.0483614877
, 0.0479806885
, 0.0479806885
, 0.0479806885
, 0.0475998893
, 0.0475998893
, 0.0475998893
, 0.0472190902
, 0.0472190902
, 0.0468382910
, 0.0464574918
, 0.0464574918
, 0.0460766926
, 0.0456958935
, 0.0456958935
, 0.0453150943
, 0.0449342951
, 0.0449342951
, 0.0445534959
, 0.0441726968
, 0.0441726968
, 0.0437918976
, 0.0434110984
, 0.0434110984
, 0.0430302992
, 0.0430302992
, 0.0430302992
, 0.0426495001
, 0.0426495001
, 0.0426495001
, 0.0426495001
, 0.0422687009
, 0.0422687009
, 0.0422687009
, 0.0426495001
, 0.0426495001
, 0.0426495001
, 0.0426495001
, 0.0430302992
, 0.0430302992
, 0.0430302992
, 0.0434110984
, 0.0437918976
, 0.0437918976
, 0.0441726968
, 0.0445534959
, 0.0449342951
, 0.0449342951
, 0.0453150943
, 0.0456958935
, 0.0464574918
, 0.0468382910
, 0.0472190902
, 0.0475998893
, 0.0483614877
, 0.0487422869
, 0.0495038852
, 0.0498846844
, 0.0506462827
, 0.0510270819
, 0.0517886803
, 0.0525502786
, 0.0529310778
, 0.0536926761
, 0.0544542745
, 0.0548350699
, 0.0555966683
, 0.0563582666
, 0.0571198650
, 0.0575006641
, 0.0582622625
, 0.0590238608
, 0.0597854592
, 0.0601662584
, 0.0609278567
, 0.0613086559
, 0.0620702542
, 0.0624510534
, 0.0632126555
, 0.0635934547
, 0.0639742538
, 0.0647358522
, 0.0651166514
, 0.0654974505
, 0.0658782423
, 0.0662590414
, 0.0662590414
, 0.0666398406
, 0.0670206398
, 0.0670206398
, 0.0670206398
, 0.0674014390
, 0.0674014390
, 0.0674014390
, 0.0674014390
, 0.0674014390
, 0.0670206398
, 0.0670206398
, 0.0670206398
, 0.0666398406
, 0.0666398406
, 0.0662590414
, 0.0662590414
, 0.0658782423
, 0.0654974505
, 0.0654974505
, 0.0651166514
, 0.0647358522
, 0.0643550530
, 0.0639742538
, 0.0635934547
, 0.0632126555
, 0.0628318563
, 0.0624510534
, 0.0620702542
, 0.0616894551
, 0.0613086559
, 0.0609278567
, 0.0605470575
, 0.0601662584
, 0.0597854592
, 0.0594046600
, 0.0590238608
, 0.0586430617
, 0.0582622625
, 0.0578814633
, 0.0575006641
, 0.0575006641
, 0.0571198650
, 0.0567390658
, 0.0567390658
, 0.0563582666
, 0.0563582666
, 0.0563582666
, 0.0563582666
, 0.0559774674
, 0.0559774674
, 0.0559774674
, 0.0563582666
, 0.0563582666
, 0.0563582666
, 0.0563582666
, 0.0567390658
, 0.0567390658
, 0.0571198650
, 0.0571198650
, 0.0575006641
, 0.0578814633
, 0.0582622625
, 0.0586430617
, 0.0590238608
, 0.0594046600
, 0.0597854592
, 0.0601662584
, 0.0605470575
, 0.0609278567
, 0.0616894551
, 0.0620702542
, 0.0624510534
, 0.0632126555
, 0.0635934547
, 0.0643550530
, 0.0647358522
, 0.0654974505
, 0.0658782423
, 0.0666398406
, 0.0674014390
, 0.0677822381
, 0.0685438365
, 0.0689246356
, 0.0696862340
, 0.0704478323
, 0.0708286315
, 0.0715902299
, 0.0719710290
, 0.0727326274
, 0.0731134266
, 0.0734942257
, 0.0738750249
, 0.0746366233
, 0.0750174224
, 0.0753982216
, 0.0757790208
, 0.0761598200
, 0.0761598200
, 0.0765406191
, 0.0769214183
, 0.0769214183
, 0.0773022175
, 0.0773022175
, 0.0773022175
, 0.0773022175
, 0.0773022175
, 0.0773022175
, 0.0773022175
, 0.0773022175
, 0.0773022175
, 0.0769214183
, 0.0769214183
, 0.0765406191
, 0.0765406191
, 0.0761598200
, 0.0757790208
, 0.0757790208
, 0.0753982216
, 0.0750174224
, 0.0746366233
, 0.0742558241
, 0.0738750249
, 0.0734942257
, 0.0731134266
, 0.0727326274
, 0.0723518282
, 0.0719710290
, 0.0715902299
, 0.0712094307
, 0.0708286315
, 0.0700670332
, 0.0696862340
, 0.0693054348
, 0.0689246356
, 0.0685438365
, 0.0681630373
, 0.0677822381
, 0.0674014390
, 0.0670206398
, 0.0666398406
, 0.0666398406
, 0.0662590414
, 0.0658782423
, 0.0658782423
, 0.0654974505
, 0.0654974505
, 0.0651166514
, 0.0651166514
, 0.0651166514
, 0.0651166514
, 0.0651166514
, 0.0651166514
, 0.0651166514
, 0.0651166514
, 0.0654974505
, 0.0654974505
, 0.0654974505
, 0.0658782423
, 0.0662590414
, 0.0662590414
, 0.0666398406
, 0.0670206398
, 0.0674014390
, 0.0674014390
, 0.0677822381
, 0.0685438365
, 0.0689246356
, 0.0693054348
, 0.0696862340
, 0.0700670332
, 0.0708286315
, 0.0712094307
, 0.0715902299
, 0.0723518282
, 0.0727326274
, 0.0734942257
, 0.0738750249
, 0.0746366233
, 0.0750174224
, 0.0757790208
, 0.0761598200
, 0.0769214183
, 0.0776830167
, 0.0780638158
, 0.0788254142
, 0.0792062134
, 0.0795870125
, 0.0803486109
, 0.0807294101
, 0.0814910084
, 0.0818718076
, 0.0822526067
, 0.0826334059
, 0.0830142051
, 0.0833950043
, 0.0837758034
, 0.0841566026
, 0.0845374018
, 0.0849182010
, 0.0849182010
, 0.0852990001
, 0.0852990001
, 0.0852990001
, 0.0852990001
, 0.0852990001
, 0.0852990001
, 0.0852990001
, 0.0852990001
, 0.0852990001
, 0.0852990001
, 0.0849182010
, 0.0849182010
, 0.0845374018
, 0.0845374018
, 0.0841566026
, 0.0837758034
, 0.0833950043
, 0.0833950043
, 0.0830142051
, 0.0826334059
, 0.0822526067
, 0.0818718076
, 0.0814910084
, 0.0811102092
, 0.0803486109
, 0.0799678117
, 0.0795870125
, 0.0792062134
, 0.0788254142
, 0.0784446150
, 0.0776830167
, 0.0773022175
, 0.0769214183
, 0.0765406191
, 0.0761598200
, 0.0757790208
, 0.0753982216
, 0.0750174224
, 0.0746366233
, 0.0742558241
, 0.0738750249
, 0.0734942257
, 0.0731134266
, 0.0731134266
, 0.0727326274
, 0.0727326274
, 0.0723518282
, 0.0723518282
, 0.0723518282
, 0.0723518282
, 0.0723518282
, 0.0723518282
, 0.0723518282
, 0.0723518282
, 0.0723518282
, 0.0727326274
, 0.0727326274
, 0.0731134266
, 0.0731134266
, 0.0734942257
, 0.0734942257
, 0.0738750249
, 0.0742558241
, 0.0746366233
, 0.0750174224
, 0.0753982216
, 0.0757790208
, 0.0761598200
, 0.0765406191
, 0.0769214183
, 0.0776830167
, 0.0780638158
, 0.0784446150
, 0.0792062134
, 0.0795870125
, 0.0803486109
, 0.0807294101
, 0.0814910084
, 0.0818718076
, 0.0826334059
, 0.0830142051
, 0.0837758034
, 0.0841566026
, 0.0849182010
, 0.0852990001
, 0.0860605985
, 0.0864413977
, 0.0872029960
, 0.0875837952
, 0.0879645944
, 0.0883453935
, 0.0891069919
, 0.0894877911
, 0.0898685902
, 0.0902493894
, 0.0906301886
, 0.0906301886
, 0.0910109878
, 0.0913917869
, 0.0913917869
, 0.0917725861
, 0.0917725861
, 0.0917725861
, 0.0917725861
, 0.0917725861
, 0.0917725861
, 0.0917725861
, 0.0917725861
, 0.0917725861
, 0.0917725861
, 0.0913917869
, 0.0913917869
, 0.0910109878
, 0.0906301886
, 0.0906301886
, 0.0902493894
, 0.0898685902
, 0.0894877911
, 0.0894877911
, 0.0891069919
, 0.0887261927
, 0.0883453935
, 0.0875837952
, 0.0872029960
, 0.0868221968
, 0.0864413977
, 0.0860605985
, 0.0856797993
, 0.0849182010
, 0.0845374018
, 0.0841566026
, 0.0837758034
, 0.0833950043
, 0.0830142051
, 0.0826334059
, 0.0818718076
, 0.0814910084
, 0.0811102092
, 0.0807294101
, 0.0803486109
, 0.0803486109
, 0.0799678117
, 0.0795870125
, 0.0792062134
, 0.0792062134
, 0.0788254142
, 0.0788254142
, 0.0788254142
, 0.0784446150
, 0.0784446150
, 0.0784446150
, 0.0784446150
, 0.0784446150
, 0.0788254142
, 0.0788254142
, 0.0788254142
, 0.0792062134
, 0.0792062134
, 0.0795870125
, 0.0795870125
, 0.0799678117
, 0.0803486109
, 0.0803486109
, 0.0807294101
