velocity=[0.0000000000
, 0.0000000000
, 0.3814476430
, 0.0000000000
, 0.3811035454
, 0.0000000000
, 0.3830207884
, 0.0000000000
, 0.3795466125
, 0.0000000000
, 0.3807996511
, 0.0000000000
, 0.3807982504
, 0.3807991743
, 0.2959043384
, 0.0000000000
, 0.3508054018
, 0.4489498138
, 0.0000000000
, 0.3801524043
, 0.3789049685
, 0.3827124238
, 0.3811423182
, 0.7615983486
, 0.3811044693
, 0.3751344681
, 0.7732742429
, 0.3807991743
, 0.3804943562
, 0.7615983486
, 0.5796924233
, 1.0021003485
, 0.3529509008
, 0.8988536596
, 0.7609133124
, 0.7609887123
, 0.7635089755
, 0.7615983486
, 0.7615983486
, 0.7615983486
, 0.7615983486
, 1.1414830685
, 0.7615983486
, 0.7615983486
, 1.1433134079
, 0.7615965009
, 0.8814111352
, 0.9105681181
, 0.8516116738
, 1.1452653408
, 0.7590156198
, 0.7609879375
, 1.1491748095
, 0.7597001195
, 0.7641197443
, 0.7590935826
, 1.1452591419
, 0.7558547258
, 0.7635060549
, 0.6781828403
, 1.2714517117
, 0.7571302652
, 0.5656131506
, 0.5049048066
, 0.8492389917
, 0.3817544878
, 0.7596972585
, 0.3846850097
, 0.7648134828
, 0.3807991743
, 0.3801524043
, 0.3795078099
, 0.3824067414
, 0.0000000000
, 0.3811423182
, 0.3804566562
, 0.0000000000
, 0.0000000000
, 0.2781378031
, 0.0000000000
, 0.0000000000
, 0.0000000000
, -0.3811044693
, 0.0000000000
, 0.0000000000
, -0.3811423182
, 0.0000000000
, 0.0000000000
, -0.3807991743
, 0.0000000000
, -0.3798486292
, -0.3814102709
, 0.0000000000
, -0.3807991743
, -0.2833532691
, 0.0000000000
, -0.3690277338
, -0.4485272169
, 0.0000000000
, -0.3811015487
, -0.3807991743
, 0.0000000000
, -0.3804972768
, -0.3807991743
, 0.0000000000
, -0.3807991743
, 0.0000000000
, 0.0000000000
, -0.3807991743
, 0.0000000000
, 0.0000000000
, 0.0000000000
, -0.4411457181
, 0.0000000000
, 0.0000000000
, 0.5569677949
, 0.0000000000
, 0.0000000000
, 0.0000000000
, 0.2934194207
, 0.0000000000
, 0.0000000000
, 0.3896035254
, 0.3757649660
, 0.0000000000
, 0.3807991743
, 0.2654574811
, 0.5358826518
, 0.0000000000
, 0.3811015487
, 0.3843769133
, 0.7692869902
, 0.3804972768
, 0.3811015487
, 0.3807991743
, 0.7615983486
, 0.3807991743
, 0.7615983486
, 0.3807991743
, 0.7615983486
, 0.3807991743
, 0.7615983486
, 0.7609945536
, 0.3779273629
, 0.7667344213
, 0.7628904581
, 0.3807954490
, 0.7615983486
, 0.7615983486
, 0.7615983486
, 0.3807991743
, 0.7609945536
, 0.7615983486
, 0.7622030973
, 0.3807991743
, 0.7615983486
, 0.3807991743
, 0.7552599311
, 0.3840220273
, 0.7559385300
, 0.3824037910
, 0.3817544878
, 0.7615983486
, 0.3811015487
, 0.3807991743
, 0.3804898262
, 0.3811015487
, 0.0000000000
, 0.3807991743
, 0.3807991743
, 0.0000000000
, 0.0000000000
, 0.3807991743
, 0.0000000000
, 0.0000000000
, 0.0000000000
, 0.0000000000
, -0.3807991743
, 0.0000000000
, 0.0000000000
, -0.3804972768
, 0.0000000000
, -0.3840279281
, 0.0000000000
, -0.3830200434
, -0.3773199916
, 0.0000000000
, -0.3840220273
, -0.3846850097
, -0.3843354583
, -0.3807991743
, -0.3776299655
, -0.3824037910
, -0.3824037910
, -0.3805010021
, -0.3807991743
, -0.3811015487
, -0.3807991743
, -0.3807991743
, -0.3807991743
, -0.3807991743
, -0.3804972768
, -0.3807991743
, -0.3811015487
, -0.3807991743
, -0.3807991743
, -0.3801552951
, -0.3776642680
, 0.0000000000
, -0.3817544878
, -0.3807991743
, 0.0000000000
, -0.3807991743
, 0.0000000000
, 0.0000000000
, 0.0000000000
, -0.3807991743
, 0.0000000000
, 0.0000000000
, 0.3807991743
, 0.0000000000
, 0.0000000000
, 0.0000000000
, 0.3751323521
, 0.0000000000
, 0.3811073899
, 0.0000000000
, 0.3789028227
, 0.3836795688
, 0.3830553293
, 0.3836795688
, 0.3807991743
, 0.3817544878
, 0.3804914653
, 0.3807991743
, 0.3811073899
, 0.3804914653
, 0.7615983486
, 0.3814510703
, 0.3714361787
, 0.7597009540
, 0.3807991743
, 0.7584159374
, 0.3830612004
, 0.7590156198
, 0.3811348379
, 0.7673591375
, 0.7590848804
, 0.3827146292
, 0.7533903122
, 0.3814452291
, 0.7692869902
, 0.7707005739
, 0.3833672106
, 0.7622030973
, 0.3766951561
, 0.6650957465
, 0.4511869848
, 0.3782595992
, 0.3833730817
, 0.7615983486
, 0.3798486292
, 0.3814394176
, 0.3807991743
, 0.3811132014
, 0.0000000000
, 0.3798486292
, 0.3820700943
, 0.0000000000
, 0.3807991743
, 0.0000000000
, 0.0000000000
, 0.0000000000
, 0.0000000000
, 0.0000000000
, 0.0000000000
, 0.0000000000
, 0.0000000000
, -0.3814394176
, 0.0000000000
, -0.3807991743
, 0.0000000000
, -0.3795135915
, -0.3824096620
, 0.0000000000
, -0.3814394176
, -0.3811132014
, -0.3760594130
, -0.3340032399
, -0.4503239989
, -0.3811132014
, -0.3798486292
, -0.3814394176
, -0.3807991743
, -0.3811132014
, -0.3807991743
, -0.3807991743
, -0.3807991743
, -0.7615983486
, -0.3807991743
, -0.3807991743
, -0.3804856539
, -0.3807991743
, -0.3711489439
, -0.3792137206
, -0.3827146292
, -0.3814394176
, -0.3807991743
, 0.0000000000
, -0.3814510703
, -0.3830553293
, 0.0000000000
, -0.3827071190
, 0.0000000000
, -0.3807991743
, 0.0000000000
, 0.0000000000
, 0.0000000000
, 0.0000000000
, 0.0000000000
, 0.0000000000
, 0.0000000000
, 0.3833613098
, 0.0000000000
, 0.0000000000
, 0.3807917237
, 0.3807991743
, 0.0000000000
, 0.3807991743
, 0.3811364770
, 0.3807991743
, 0.0000000000
, 0.3811364770
, 0.7615983486
, 0.3811132014
, 0.3766838014
, 0.3345046639
, 0.4458986223
, 0.7641401887
, 0.3807991743
, 0.3807991743
, 0.7615983486
, 0.3807991743
, 0.7609713078
, 0.3811132014
, 0.7615983486
, 0.3807991743
, 0.7615983486
, 0.3807991743
, 0.7615983486
, 0.7615983486
, 0.3779616952
, 0.7660400867
, 0.3804972768
, 0.3817544878
, 0.7615983486
, 0.3804856539
, 0.7615983486
, 0.3807991743
, 0.3807991743
, 0.3807991743
, 0.3807991743
, 0.3807991743
, 0.3804624677
, 0.3811364770
, 0.3804624677
, 0.3814510703
, 0.0000000000
, 0.3833613098
, 0.0000000000
, 0.0000000000
, 0.0000000000
, 0.0000000000
, 0.0000000000
, 0.0000000000
, 0.0000000000
, 0.0000000000
, 0.0000000000
, -0.3804624677
, 0.0000000000
, -0.3807991743
, 0.0000000000
, -0.3804624677
, -0.3723783791
, -0.3792137206
, 0.0000000000
, -0.3820934892
, -0.3830671012
, -0.3779273629
, -0.3807991743
, -0.3792021871
, -0.3811481297
, -0.7686591148
, -0.3785694540
, -0.3840220273
, -0.3801495135
, -0.3843769133
, -0.3843295574
, -0.7615983486
, -0.3782710433
, -0.3833613098
, -0.3804624677
, -0.3811364770
, -0.3807991743
, -0.3792137206
, -0.3823979497
, -0.3807991743
, -0.3811132014
, -0.3807991743
, -0.3801495135
, -0.3814510703
, 0.0000000000
, -0.3836795688
, 0.0000000000
, -0.3792137206
, 0.0000000000
, 0.0000000000
, 0.0000000000
, 0.0000000000
, 0.0000000000
, 0.0000000000
, 0.0000000000
, 0.0000000000
, 0.3804856539
, 0.0000000000
, 0.3807991743
, 0.0000000000
, 0.3807991743
, 0.0000000000
, 0.3811132014
, 0.3807991743
, 0.3779616952
, 0.3833613098
, 0.3801610768
, 0.3817544878
, 0.3807991743
, 0.3807991743
, 0.3760594130
, 0.7713198662
, 0.3807991743
, 0.3804856539
, 0.7622264028
, 0.3804856539
, 0.7622264028
, 0.3804856539
, 0.7622264028
, 0.3807991743
, 0.7435142398
, 0.3782710433
, 0.7641168237
, 0.3830553293
, 0.7661342025
, 0.3769910634
, 0.7628788352
, 0.3792137206
, 0.7622030973
, 0.3827498257
, 0.3804624677
, 0.3827498257
, 0.7615983486
, 0.3798023760
, 0.3824096620
, 0.3773330748
, 0.3830553293
, 0.0000000000
, 0.3817428052
, 0.3830671012
, 0.0000000000
, 0.3892814517
, 0.0000000000
, 0.0000000000
, 0.0000000000
, 0.0000000000
, 0.0000000000
, 0.0000000000
, 0.0000000000
, 0.0000000000
, 0.0000000000
, -0.3748055696
, 0.0000000000
, -0.3862807453
, -0.3798486292
, 0.0000000000
, -0.3820584118
, -0.3830553293
, -0.3776299655
, 0.0000000000
, -0.3843413889
, -0.3814394176
, -0.3811132014
, -0.7615983486
, -0.3798486292
, -0.3814394176
, -0.3807991743
, -0.3811132014
, -0.3754597008
, -0.6680243611
, -0.4498369694
, -0.3811132014
, -0.3807991743
, -0.3807991743
, -0.3801495135
, -0.3811364770
, -0.7584274411
, -0.3827146292
, -0.3807991743
, -0.3804856539
, -0.3811132014
, 0.0000000000
, -0.3804624677
, -0.3811364770
, -0.3720563948
, 0.0000000000
, -0.3810899258
, 0.0000000000
, 0.0000000000
, -0.3779159188
, 0.0000000000
, 0.0000000000
, 0.0000000000
, 0.0000000000
, 0.3792021871
, 0.0000000000
