torque=[-0.2000000030
, -0.1686712056
, -0.1311737746
, -0.0938839689
, -0.0570422374
, -0.0204652064
, 0.0149245588
, 0.0496164970
, 0.0834928080
, 0.1160314307
, 0.1474324614
, 0.1774857938
, 0.2060247660
, 0.2329613268
, 0.2650974393
, 0.2830774188
, 0.3062065244
, 0.3226462007
, 0.3401184976
, 0.3554834127
, 0.3686882854
, 0.3795288205
, 0.3881356120
, 0.3944301009
, 0.3983764350
, 0.3999711871
, 0.3991864324
, 0.3960428536
, 0.3905416131
, 0.3827132285
, 0.3689390123
, 0.3591948450
, 0.3431783915
, 0.3288467824
, 0.3099898994
, 0.2891188562
, 0.2663927674
, 0.2417713851
, 0.2154065371
, 0.1874022633
, 0.1578691006
, 0.1268982738
, 0.0946615636
, 0.0612619556
, 0.0268592276
, -0.0084659969
, -0.0553549640
, -0.0861421004
, -0.1194061935
, -0.1568040252
, -0.1945940852
, -0.2323075533
, -0.2696426213
, -0.3070175648
, -0.3437558115
, -0.3801677823
, -0.4156600535
, -0.4506513774
, -0.4843032360
, -0.5385304093
, -0.5477919579
, -0.5779778957
, -0.6160019040
, -0.6360161901
, -0.6585370898
, -0.6818739772
, -0.7034212947
, -0.7227388024
, -0.7401315570
, -0.7554705143
, -0.7686377764
, -0.7795698047
, -0.7881423235
, -0.7944346666
, -0.7983786464
, -0.7999660373
, -0.7991848588
, -0.7960394025
, -0.7879220843
, -0.7816027999
, -0.7707409859
, -0.7601743937
, -0.7455846071
, -0.7288468480
, -0.7099899650
, -0.6891560555
, -0.6663738489
, -0.6417280436
, -0.6153603792
, -0.5873793364
, -0.5577692389
, -0.5268699527
, -0.4946321249
, -0.4612315297
, -0.4147450626
, -0.3872449994
, -0.3499186337
, -0.3187288046
, -0.2815651596
, -0.2441094816
, -0.2064500749
, -0.1687652171
, -0.1311739087
, -0.0938840881
, -0.0570421219
, -0.0207349006
, 0.0148648424
, 0.0496166125
, 0.0833832622
, 0.1160315201
, 0.1474325508
, 0.1821637750
, 0.2066766471
, 0.2428615242
, 0.2662954926
, 0.2820805609
, 0.3047237694
, 0.3252036273
, 0.3419502974
, 0.3611209989
, 0.3731968403
, 0.3798788190
, 0.3882420659
, 0.3945711553
, 0.3984476626
, 0.3999750614
, 0.3980320394
, 0.3952688277
, 0.3904125094
, 0.3825465739
, 0.3724814355
, 0.3602080941
, 0.3455987275
, 0.3288609684
, 0.3100236058
, 0.2891733944
, 0.2663926482
, 0.2417712808
, 0.2154064327
, 0.1874021590
, 0.1578689963
, 0.1269234717
, 0.0946616903
, 0.0610041693
, 0.0267999824
, -0.0084661329
, -0.0445472561
, -0.0812418833
, -0.1184051931
, -0.1558905244
, -0.1935499310
, -0.2312646657
, -0.2688260972
, -0.3060864806
, -0.3429578841
, -0.3792650998
, -0.4148648381
, -0.4499042928
, -0.4833832681
, -0.5162715912
, -0.5475338697
, -0.5774856806
, -0.6060246229
, -0.6329405308
, -0.6581698060
, -0.6816087365
, -0.7031113505
, -0.7226462960
, -0.7401185632
, -0.7554592490
, -0.7686077356
, -0.7795199752
, -0.7881355882
, -0.7944260240
, -0.7983764410
, -0.7999747396
, -0.7991330028
, -0.7959261537
, -0.7903559804
, -0.7824860811
, -0.7722914815
, -0.7598563433
, -0.7453349233
, -0.7284134030
, -0.7096399665
, -0.6885504127
, -0.6657351255
, -0.6412785649
, -0.6151560545
, -0.5874021649
, -0.5578690171
, -0.5266581178
, -0.4945499301
, -0.4612890184
, -0.4268313944
, -0.3915055096
, -0.3554527462
, -0.3187581301
, -0.2815948129
, -0.2441094816
, -0.2064500749
, -0.1687353402
, -0.1311739087
, -0.0939135328
, -0.0570421219
, -0.0207349006
, 0.0149244582
, 0.0499591939
, 0.0834927708
, 0.1160569489
, 0.1474569440
, 0.1775120646
, 0.2060496360
, 0.2329612374
, 0.2581891119
, 0.2816087306
, 0.3031276464
, 0.3226609826
, 0.3401185572
, 0.3554592133
, 0.3686281443
, 0.3795697391
, 0.3881423175
, 0.3945118189
, 0.3984384537
, 0.3999736011
, 0.3991465271
, 0.3959335983
, 0.3904292881
, 0.3826150894
, 0.3725468218
, 0.3601514101
, 0.3455846012
, 0.3288164139
, 0.3099738955
, 0.2891364396
, 0.2663333118
, 0.2417074442
, 0.2153848410
, 0.1866531372
, 0.1570059210
, 0.1260219216
, 0.0936133042
, 0.0603793301
, 0.0258047916
, -0.0095131369
, -0.0453407988
, -0.0821695849
, -0.1191558167
, -0.1570557654
, -0.1946543455
, -0.2319614589
, -0.2690769434
, -0.3061158955
, -0.3429578841
, -0.3796570301
, -0.4203451276
, -0.4496160746
, -0.4836058319
, -0.5160310268
, -0.5474320650
, -0.5775353312
, -0.6060250998
, -0.6329616308
, -0.6581694484
, -0.6816090941
, -0.7031793594
, -0.7226459980
, -0.7401183248
, -0.7554590106
, -0.7686075568
, -0.7796264291
, -0.7892597318
, -0.7944301367
, -0.7983763814
, -0.7999653220
, -0.7991864681
, -0.7960320711
, -0.7905415297
, -0.7827205062
, -0.7725942731
, -0.7601971626
, -0.7455453277
, -0.7288612723
, -0.7099245191
, -0.6891011000
, -0.6663336754
, -0.6413860917
, -0.6111649871
, -0.5873788595
, -0.5578694344
, -0.5268448591
, -0.4946611822
, -0.4612615705
, -0.4268596172
, -0.3915344179
, -0.3554533124
, -0.3187586665
, -0.2815953791
, -0.2441100478
, -0.2064506412
, -0.1687347591
, -0.1311733276
, -0.0929189026
, -0.0559077226
, -0.0198002495
, 0.0157201793
, 0.0504496172
, 0.0843031034
, 0.1168638319
, 0.1480499357
, 0.1781010479
, 0.2064687163
, 0.2336181998
, 0.2588016987
, 0.2820039988
, 0.3032839894
, 0.3226923347
, 0.3401318192
, 0.3555546701
, 0.3703595400
, 0.3795853555
, 0.3881357014
, 0.3944301605
, 0.3983763754
, 0.3999653161
, 0.3991864622
, 0.3960355222
, 0.3905356228
, 0.3827131093
, 0.3725849986
, 0.3601852059
, 0.3455984890
, 0.3288465738
, 0.3100239038
, 0.2889351249
, 0.2628311217
, 0.2416868061
, 0.2154068500
, 0.1874026060
, 0.1578694582
, 0.1269239634
, 0.0946882442
, 0.0612615682
, 0.0268596280
, -0.0084655881
, -0.0445467010
, -0.0812413171
, -0.1184046194
, -0.1558899432
, -0.1935493499
, -0.2315168530
, -0.2688598037
, -0.3061787486
, -0.3429573178
, -0.3792645633
, -0.4148932993
, -0.4496443272
, -0.4834101200
, -0.5160574317
, -0.5474573970
, -0.5774860978
, -0.6060250998
, -0.6329847574
, -0.6581894755
, -0.6816289425
, -0.7031110525
, -0.7227849364
, -0.7401318550
, -0.7554833889
, -0.7686075568
, -0.7795121074
, -0.7881423235
, -0.7944346666
, -0.7983786464
, -0.7999656796
, -0.7991831303
, -0.7960393429
, -0.7905356288
, -0.7827051878
, -0.7725750208
, -0.7601971626
, -0.7455846071
, -0.7284275293
, -0.7094570994
, -0.6885681152
, -0.6658156514
, -0.6413019300
, -0.6146990061
, -0.5866535902
, -0.5569546223
, -0.5259972811
, -0.4940275848
, -0.4604068100
, -0.4262449443
, -0.3908441067
, -0.3550888002
, -0.3187282383
, -0.2815645933
, -0.2438277900
, -0.2064195871
, -0.1687014401
, -0.1311733276
, -0.0938835219
, -0.0568594411
, -0.0207058061
, 0.0148933074
, 0.0496160910
, 0.0833827555
, 0.1160857975
, 0.1474320889
, 0.1778052896
, 0.2061190903
, 0.2329616249
, 0.2582912445
, 0.2818155289
, 0.3031279743
, 0.3226776421
, 0.3401318192
, 0.3554590046
, 0.3686075807
, 0.3795121014
, 0.3881295621
, 0.3944301605
, 0.3983763754
, 0.3999653161
, 0.3991864622
, 0.3960428834
, 0.3905415237
, 0.3827205300
, 0.3725942969
, 0.3601068854
, 0.3455984890
, 0.3288166821
, 0.3100239038
, 0.2891737521
, 0.2663930357
, 0.2414500117
, 0.2154068500
, 0.1874026060
, 0.1578445137
, 0.1269239634
, 0.0946611837
, 0.0612895302
, 0.0268308707
, -0.0084655881
, -0.0445467010
, -0.0821402520
, -0.1195628121
, -0.1569318324
, -0.1943719089
, -0.2318327874
, -0.2697694600
, -0.3069882691
, -0.3440006971
, -0.3802612126
, -0.4156600535
, -0.4504213929
, -0.4839940667
, -0.5166205168
, -0.5480780602
, -0.5779545307
, -0.6067233682
, -0.6334646940
, -0.6587409377
, -0.6820629239
, -0.7034211159
, -0.7230641842
, -0.7401318550
, -0.7554707527
, -0.7687088847
, -0.7795287967
, -0.7881357074
, -0.7944301367
, -0.7984111309
, -0.7999669909
, -0.7991848588
, -0.7960393429
, -0.7904345989
, -0.7825773954
, -0.7725750208
, -0.7601514459
, -0.7454543114
, -0.7287416458
, -0.7100075483
, -0.6889724731
, -0.6661149859
, -0.6417078376
, -0.6153844595
, -0.5874025822
, -0.5578694344
, -0.5268448591
, -0.4946611822
, -0.4612615705
, -0.4268596172
, -0.3910262585
, -0.3498278558
, -0.3187282383
, -0.2815953791
, -0.2441100478
, -0.2064506412
, -0.1687014401
, -0.1311733276
, -0.0937283933
, -0.0570426807
, -0.0207354501
, 0.0148933074
, 0.0496160910
, 0.0834101290
, 0.1160857975
, 0.1474574059
, 0.1781742871
