StateVariable_5=[0.0000000000
, 0.0313287862
, 0.0688262209
, 0.1061160341
, 0.1429577619
, 0.1795347929
, 0.2149245590
, 0.2496165037
, 0.2834928036
, 0.3160314262
, 0.3474324644
, 0.3774857819
, 0.4060247540
, 0.4329613447
, 0.4650974572
, 0.4830774367
, 0.5062065125
, 0.5226461887
, 0.5401185155
, 0.5554834008
, 0.5686882734
, 0.5795288086
, 0.5881356001
, 0.5944300890
, 0.5983763933
, 0.5999711752
, 0.5991864204
, 0.5960428715
, 0.5905416012
, 0.5827132463
, 0.5689390302
, 0.5591948628
, 0.5431783795
, 0.5288468003
, 0.5099899173
, 0.4891188443
, 0.4663927555
, 0.4417713881
, 0.4154065251
, 0.3874022663
, 0.3578691185
, 0.3268982768
, 0.2946615517
, 0.2612619698
, 0.2268592268
, 0.1915339977
, 0.1446450353
, 0.1138579026
, 0.0805938095
, 0.0431959778
, 0.0054059150
, -0.0323075466
, -0.0696426257
, -0.1070175618
, -0.1437558085
, -0.1801677942
, -0.2156600654
, -0.2506513596
, -0.2843032181
, -0.3385303915
, -0.3477919400
, -0.3779778779
, -0.4160018861
, -0.4360162020
, -0.4585371017
, -0.4818739593
, -0.5034212470
, -0.5227387547
, -0.5401315689
, -0.5554705262
, -0.5686377883
, -0.5795698166
, -0.5881423354
, -0.5944346786
, -0.5983786583
, -0.5999659896
, -0.5991848707
, -0.5960394144
, -0.5879220963
, -0.5816028118
, -0.5707409978
, -0.5601744056
, -0.5455846190
, -0.5288468599
, -0.5099899769
, -0.4891560972
, -0.4663738310
, -0.4417280853
, -0.4153603613
, -0.3873793185
, -0.3577692509
, -0.3268699348
, -0.2946321368
, -0.2612315416
, -0.2147450596
, -0.1872449964
, -0.1499186456
, -0.1187287942
, -0.0815651715
, -0.0441094786
, -0.0064500733
, 0.0312347896
, 0.0688260943
, 0.1061159074
, 0.1429578811
, 0.1792650968
, 0.2148648351
, 0.2496166080
, 0.2833832502
, 0.3160315156
, 0.3474325538
, 0.3821637928
, 0.4066766500
, 0.4428615272
, 0.4662954807
, 0.4820805490
, 0.5047237873
, 0.5252036452
, 0.5419502854
, 0.5611209869
, 0.5731968284
, 0.5798788071
, 0.5882420540
, 0.5945711732
, 0.5984476805
, 0.5999750495
, 0.5980320573
, 0.5952688456
, 0.5904124975
, 0.5825465918
, 0.5724814534
, 0.5602080822
, 0.5455987453
, 0.5288609862
, 0.5100235939
, 0.4891734123
, 0.4663926661
, 0.4417712688
, 0.4154064357
, 0.3874021471
, 0.3578689992
, 0.3269234896
, 0.2946617007
, 0.2610041797
, 0.2267999798
, 0.1915338635
, 0.1554527432
, 0.1187581196
, 0.0815948099
, 0.0441094786
, 0.0064500733
, -0.0312646627
, -0.0688260943
, -0.1060864702
, -0.1429578811
, -0.1792650968
, -0.2148648351
, -0.2499042749
, -0.2833832502
, -0.3162715733
, -0.3475338519
, -0.3774856925
, -0.4060246646
, -0.4329405129
, -0.4581697881
, -0.4816087186
, -0.5031113625
, -0.5226463079
, -0.5401185751
, -0.5554592013
, -0.5686077476
, -0.5795199871
, -0.5881356001
, -0.5944260359
, -0.5983764529
, -0.5999747515
, -0.5991330147
, -0.5959261656
, -0.5903559923
, -0.5824860334
, -0.5722914934
, -0.5598562956
, -0.5453348756
, -0.5284133554
, -0.5096399188
, -0.4885503948
, -0.4657351375
, -0.4412785470
, -0.4151560664
, -0.3874021471
, -0.3578689992
, -0.3266581297
, -0.2945499420
, -0.2612890005
, -0.2268314064
, -0.1915055215
, -0.1554527432
, -0.1187581196
, -0.0815948099
, -0.0441094786
, -0.0064500733
, 0.0312646627
, 0.0688260943
, 0.1060864702
, 0.1429578811
, 0.1792650968
, 0.2149244547
, 0.2499591857
, 0.2834927738
, 0.3160569370
, 0.3474569321
, 0.3775120676
, 0.4060496390
, 0.4329612255
, 0.4581891000
, 0.4816087186
, 0.5031276345
, 0.5226609707
, 0.5401185751
, 0.5554592013
, 0.5686281323
, 0.5795697570
, 0.5881423354
, 0.5945118070
, 0.5984384418
, 0.5999736190
, 0.5991465449
, 0.5959336162
, 0.5904293060
, 0.5826150775
, 0.5725468397
, 0.5601513982
, 0.5455846190
, 0.5288164020
, 0.5099738836
, 0.4891364276
, 0.4663332999
, 0.4417074323
, 0.4153848588
, 0.3866531253
, 0.3570059240
, 0.3260219097
, 0.2936133146
, 0.2603793442
, 0.2258047909
, 0.1904868633
, 0.1546591967
, 0.1178304181
, 0.0808441862
, 0.0429442413
, 0.0053456607
, -0.0319614634
, -0.0690769553
, -0.1061159074
, -0.1429578811
, -0.1796570122
, -0.2203451395
, -0.2496160865
, -0.2836058140
, -0.3160310388
, -0.3474320769
, -0.3775353134
, -0.4060250819
, -0.4329616427
, -0.4581694305
, -0.4816090763
, -0.5031793714
, -0.5226460099
, -0.5401182771
, -0.5554590225
, -0.5686075687
, -0.5796263814
, -0.5892597437
, -0.5944301486
, -0.5983763933
, -0.5999653339
, -0.5991864800
, -0.5960320830
, -0.5905415416
, -0.5827205181
, -0.5725942850
, -0.5601971745
, -0.5455453396
, -0.5288612247
, -0.5099244714
, -0.4891011119
, -0.4663336575
, -0.4413861036
, -0.4111649990
, -0.3873788714
, -0.3578694463
, -0.3268448412
, -0.2946611941
, -0.2612615824
, -0.2268596292
, -0.1915344149
, -0.1554532945
, -0.1187586784
, -0.0815953761
, -0.0441100523
, -0.0064506484
, 0.0312652364
, 0.0688266680
, 0.1070810929
, 0.1440922767
, 0.1801997572
, 0.2157201767
, 0.2504496276
, 0.2843030989
, 0.3168638349
, 0.3480499387
, 0.3781010509
, 0.4064687192
, 0.4336181879
, 0.4588017166
, 0.4820040166
, 0.5032839775
, 0.5226923227
, 0.5401318073
, 0.5555546284
, 0.5703595281
, 0.5795853734
, 0.5881357193
, 0.5944301486
, 0.5983763933
, 0.5999653339
, 0.5991864800
, 0.5960354805
, 0.5905356407
, 0.5827131271
, 0.5725849867
, 0.5601851940
, 0.5455985069
, 0.5288465619
, 0.5100238919
, 0.4889351130
, 0.4628311098
, 0.4416868091
, 0.4154068530
, 0.3874025941
, 0.3578694463
, 0.3269239664
, 0.2946882546
, 0.2612615824
, 0.2268596292
, 0.1915344149
, 0.1554532945
, 0.1187586784
, 0.0815953761
, 0.0441100523
, 0.0064506484
, -0.0315168463
, -0.0688598156
, -0.1061787531
, -0.1429573148
, -0.1792645454
, -0.2148933113
, -0.2496443391
, -0.2834101319
, -0.3160574436
, -0.3474574089
, -0.3774861395
, -0.4060250819
, -0.4329847395
, -0.4581894875
, -0.4816289842
, -0.5031110644
, -0.5227849483
, -0.5401318073
, -0.5554833412
, -0.5686075687
, -0.5795121193
, -0.5881423354
, -0.5944346786
, -0.5983786583
, -0.5999656320
, -0.5991830826
, -0.5960393548
, -0.5905356407
, -0.5827051401
, -0.5725750327
, -0.5601971745
, -0.5455846190
, -0.5284275413
, -0.5094571114
, -0.4885680974
, -0.4658156335
, -0.4413019419
, -0.4146989882
, -0.3866535723
, -0.3569546044
, -0.3259972930
, -0.2940275967
, -0.2604067922
, -0.2262449414
, -0.1908441186
, -0.1550887972
, -0.1187282354
, -0.0815646052
, -0.0438277945
, -0.0064195869
, 0.0312985554
, 0.0688266680
, 0.1061164737
, 0.1431405544
, 0.1792941988
, 0.2148933113
, 0.2496160865
, 0.2833827436
, 0.3160857856
, 0.3474320769
, 0.3778052926
, 0.4061190784
, 0.4329616427
, 0.4582912326
, 0.4818155169
, 0.5031279922
, 0.5226776600
, 0.5401318073
, 0.5554590225
, 0.5686075687
, 0.5795121193
, 0.5881295800
, 0.5944301486
, 0.5983763933
, 0.5999653339
, 0.5991864800
, 0.5960428715
, 0.5905415416
, 0.5827205181
, 0.5725942850
, 0.5601068735
, 0.5455985069
, 0.5288167000
, 0.5100238919
, 0.4891737401
, 0.4663930237
, 0.4414499998
, 0.4154068530
, 0.3874025941
, 0.3578445315
, 0.3269239664
, 0.2946611941
, 0.2612895370
, 0.2268308699
, 0.1915344149
, 0.1554532945
, 0.1178597435
, 0.0804371908
, 0.0430681743
, 0.0056280931
, -0.0318327881
, -0.0697694644
, -0.1069882661
, -0.1440006942
, -0.1802612096
, -0.2156600654
, -0.2504213750
, -0.2839940488
, -0.3166205287
, -0.3480780423
, -0.3779545128
, -0.4067233801
, -0.4334647059
, -0.4587409198
, -0.4820629358
, -0.5034211278
, -0.5230641961
, -0.5401318073
, -0.5554707646
, -0.5687088370
, -0.5795288086
, -0.5881357193
, -0.5944301486
, -0.5984111428
, -0.5999670029
, -0.5991848707
, -0.5960393548
, -0.5904346108
, -0.5825774074
, -0.5725750327
, -0.5601513982
, -0.5454543233
, -0.5287416577
, -0.5100075603
, -0.4889724553
, -0.4661149681
, -0.4417078197
, -0.4153844416
, -0.3874025941
, -0.3578694463
, -0.3268448412
, -0.2946611941
, -0.2612615824
, -0.2268596292
, -0.1910262555
, -0.1498278528
, -0.1187282354
, -0.0815953761
, -0.0441100523
, -0.0064506484
, 0.0312985554
, 0.0688266680
, 0.1062716022
, 0.1429573148
, 0.1792645454
, 0.2148933113
, 0.2496160865
, 0.2834101319
, 0.3160857856
, 0.3474574089
, 0.3781743050
, 0.4068147242
, 0.4336842000
, 0.4586808383
