time=[0.0000000000
, 0.9983999729
, 1.9967000484
, 2.9974999428
, 3.9974999428
, 4.9974999428
, 5.9966998100
, 6.9966998100
, 7.9966998100
, 8.9967002869
, 9.9967002869
, 10.9967002869
, 11.9975004196
, 12.9975004196
, 13.9975004196
, 15.0108995438
, 15.9983997345
, 16.9992008209
, 17.9974994659
, 18.9967002869
, 19.9967002869
, 20.9974994659
, 21.9983997345
, 22.9974994659
, 23.9983997345
, 24.9974994659
, 25.9983997345
, 26.9974994659
, 27.9974994659
, 28.9974994659
, 29.9974994659
, 31.0118007660
, 32.0192985535
, 33.0251998901
, 34.0218009949
, 35.0192985535
, 36.0227012634
, 37.0135002136
, 38.0227012634
, 39.0209999084
, 40.0260009766
, 41.0243988037
, 42.0143013000
, 43.0177001953
, 44.0167999268
, 45.0017013550
, 45.9991989136
, 47.0059013367
, 48.0000000000
, 48.9991989136
, 49.9967002869
, 50.9967002869
, 51.9975013733
, 52.9975013733
, 53.9967002869
, 54.9984016418
, 55.9967002869
, 56.9967002869
, 57.9967002869
, 58.9967002869
, 59.9967002869
, 60.9967002869
, 61.9967002869
, 63.0101013184
, 63.9975013733
, 64.9991989136
, 65.9966964722
, 66.9966964722
, 67.9966964722
, 68.9966964722
, 69.9966964722
, 70.9966964722
, 71.9974975586
, 72.9974975586
, 73.9966964722
, 74.9966964722
, 75.9966964722
, 76.9966964722
, 77.9966964722
, 79.0093002319
, 79.9974975586
, 80.9983978271
, 81.9974975586
, 82.9974975586
, 83.9966964722
, 84.9974975586
, 85.9966964722
, 86.9974975586
, 87.9966964722
, 88.9966964722
, 89.9966964722
, 90.9966964722
, 91.9966964722
, 92.9974975586
, 93.9966964722
, 95.0286026001
, 95.9983978271
, 96.9983978271
, 97.9966964722
, 98.9966964722
, 99.9966964722
, 100.9966964722
, 101.9983978271
, 102.9974975586
, 103.9991989136
, 104.9966964722
, 105.9966964722
, 106.9966964722
, 107.9983978271
, 108.9966964722
, 109.9966964722
, 111.0066986084
, 112.0177001953
, 113.0277023315
, 114.0210037231
, 115.0234985352
, 116.0234985352
, 117.0142974854
, 118.0202026367
, 119.0126037598
, 120.0226974487
, 121.0202026367
, 122.0210037231
, 123.0234985352
, 124.0150985718
, 125.0109024048
, 125.9966964722
, 127.0604019165
, 127.9974975586
, 129.1510009766
, 129.9974975586
, 130.9967041016
, 131.9983978271
, 132.9992065430
, 133.9974975586
, 134.9967041016
, 135.9967041016
, 136.9967041016
, 137.9967041016
, 138.9967041016
, 139.9967041016
, 140.9967041016
, 141.9974975586
, 143.0561981201
, 143.9983978271
, 145.1551971436
, 145.9983978271
, 146.9967041016
, 147.9967041016
, 148.9967041016
, 149.9967041016
, 150.9967041016
, 151.9974975586
, 152.9974975586
, 153.9992065430
, 154.9974975586
, 155.9967041016
, 156.9983978271
, 158.0050964355
, 159.0998992920
, 159.9983978271
, 161.1526947021
, 161.9992065430
, 162.9992065430
, 163.9974975586
, 165.0000000000
, 165.9992065430
, 166.9967041016
, 167.9967041016
, 168.9967041016
, 169.9974975586
, 170.9983978271
, 171.9992065430
, 173.1065979004
, 174.0000000000
, 175.0789031982
, 176.0184936523
, 177.0227050781
, 178.0227050781
, 179.0269012451
, 180.0243988037
, 181.0177001953
, 182.0209960938
, 183.0151062012
, 184.0260009766
, 185.0227050781
, 186.0218048096
, 187.0252075195
, 188.0160064697
, 189.0041961670
, 189.9974975586
, 191.0863952637
, 192.0009002686
, 193.1519012451
, 193.9983978271
, 194.9974975586
, 195.9983978271
, 196.9983978271
, 197.9974975586
, 198.9983978271
, 199.9974975586
, 200.9974975586
, 201.9983978271
, 202.9992065430
, 203.9974975586
, 204.9967041016
, 205.9974975586
, 207.1031951904
, 207.9983978271
, 209.1434936523
, 209.9967041016
, 210.9967041016
, 212.0000000000
, 212.9983978271
, 213.9983978271
, 214.9974975586
, 215.9967041016
, 216.9967041016
, 217.9967041016
, 218.9967041016
, 219.9967041016
, 220.9967041016
, 221.9967041016
, 223.1199951172
, 223.9983978271
, 224.9983978271
, 225.9967041016
, 226.9967041016
, 227.9967041016
, 228.9967041016
, 229.9967041016
, 230.9967041016
, 231.9967041016
, 232.9974975586
, 233.9974975586
, 234.9967041016
, 235.9974975586
, 236.9967041016
, 237.9967041016
, 239.1192016602
, 240.0167999268
, 241.0243988037
, 242.0202026367
, 243.0243988037
, 244.0218048096
, 245.0142974854
, 246.0184936523
, 247.0167999268
, 248.0462036133
, 249.0108947754
, 250.0243988037
, 251.0234985352
, 252.0151062012
, 253.0041961670
, 253.9974975586
, 255.1618957520
, 255.9974975586
, 256.9984130859
, 257.9967041016
, 258.9967041016
, 259.9967041016
, 260.9967041016
, 261.9967041016
, 262.9974975586
, 263.9974975586
, 264.9967041016
, 265.9967041016
, 266.9967041016
, 267.9967041016
, 268.9967041016
, 269.9967041016
, 271.1527099609
, 271.9974975586
, 273.0000000000
, 273.9974975586
, 274.9992065430
, 275.9967041016
, 276.9967041016
, 277.9967041016
, 278.9967041016
, 279.9967041016
, 280.9967041016
, 281.9967041016
, 282.9967041016
, 283.9974975586
, 284.9967041016
, 285.9967041016
, 287.1979980469
, 287.9974975586
, 289.0000000000
, 289.9967041016
, 290.9974975586
, 291.9967041016
, 292.9967041016
, 293.9992065430
, 294.9984130859
, 295.9967041016
, 296.9967041016
, 297.9967041016
, 298.9967041016
, 299.9967041016
, 300.9967041016
, 301.9967041016
, 303.1687011719
, 304.0184936523
, 305.0234985352
, 306.0209960938
, 307.0252075195
, 308.1452026367
, 309.0202026367
, 310.0209960938
, 311.0177001953
, 312.0217895508
, 313.0143127441
, 314.0244140625
, 315.0209960938
, 316.0159912109
, 317.0033874512
, 317.9967041016
, 319.1593933105
, 319.9984130859
, 321.0000000000
, 321.9974975586
, 322.9974975586
, 323.9984130859
, 324.9974975586
, 325.9974975586
, 326.9974975586
, 327.9974975586
, 328.9967041016
, 329.9974975586
, 330.9974975586
, 331.9974975586
, 332.9974975586
, 333.9984130859
, 335.2290954590
, 335.9992065430
, 336.9992065430
, 337.9974975586
, 338.9974975586
, 339.9974975586
, 340.9974975586
, 341.9984130859
, 342.9992065430
, 344.0025939941
, 344.9984130859
, 345.9974975586
, 346.9974975586
, 347.9974975586
, 348.9984130859
, 349.9974975586
, 351.2257080078
, 352.0025939941
, 353.1477050781
, 353.9992065430
, 354.9974975586
, 355.9974975586
, 356.9967041016
, 357.9984130859
, 358.9974975586
, 359.9967041016
, 360.9967041016
, 361.9974975586
, 362.9984130859
, 363.9974975586
, 364.9967041016
, 365.9967041016
, 367.2290954590
, 368.0479125977
, 369.0260009766
, 370.0227050781
, 371.0260009766
, 372.0244140625
, 373.0209960938
, 374.0209960938
, 375.0159912109
, 376.1879882813
, 377.0101013184
, 378.0260009766
, 379.0234985352
, 380.0159912109
, 381.0033874512
, 381.9984130859
, 383.3121032715
, 384.0285949707
, 385.1459960938
, 386.0444946289
, 386.9984130859
, 387.9967041016
, 388.9967041016
, 389.9967041016
, 390.9967041016
, 391.9974975586
, 392.9974975586
, 393.9974975586
, 394.9967041016
, 395.9967041016
, 396.9967041016
, 397.9967041016
, 399.2457885742
, 400.0343933105
, 401.1427001953
, 401.9992065430
, 402.9974975586
, 403.9974975586
, 404.9967041016
, 405.9967041016
, 406.9967041016
, 407.9967041016
, 408.9992065430
, 409.9967041016
, 411.0017089844
, 411.9974975586
, 412.9992065430
, 413.9974975586
, 415.2903137207
, 416.0494995117
, 417.1467895508
, 417.9967041016
, 418.9967041016
, 419.9967041016
, 420.9967041016
, 421.9984130859
, 422.9974975586
, 423.9974975586
, 424.9967041016
, 425.9967041016
, 426.9967041016
, 427.9967041016
, 428.9967041016
, 429.9984130859
, 431.3045959473
, 432.1065979004
, 433.0227050781
, 434.0217895508
, 435.0260009766
, 436.0244140625
, 437.0192871094
, 438.0192871094
, 439.0159912109
, 440.0217895508
, 441.0093078613
, 442.0252075195
, 443.0217895508
, 444.0151062012
, 445.0050964355
, 445.9967041016
, 447.3138122559
, 448.0729980469
, 449.1401062012
, 450.0452880859
, 450.9967041016
, 451.9992065430
, 452.9974975586
, 453.9992065430
, 454.9967041016
, 455.9967041016
, 456.9967041016
, 457.9984130859
, 458.9967041016
, 459.9974975586
, 460.9967041016
, 461.9967041016
, 463.3197021484
, 464.0964965820
, 464.9992065430
, 465.9967041016
, 466.9967041016
, 467.9967041016
, 468.9967041016
, 469.9974975586
, 470.9974975586
, 471.9984130859
, 472.9984130859
, 473.9984130859
, 474.9974975586
