position=[0.0026655938
, 0.0026655938
, 0.0026655938
, 0.0030463929
, 0.0030463929
, 0.0030463929
, 0.0030463929
, 0.0030463929
, 0.0030463929
, 0.0030463929
, 0.0030463929
, 0.0030463929
, 0.0030463929
, 0.0030463929
, 0.0030463929
, 0.0030463929
, 0.0030463929
, 0.0030463929
, 0.0030463929
, 0.0030463929
, 0.0030463929
, 0.0030463929
, 0.0030463929
, 0.0030463929
, 0.0030463929
, 0.0030463929
, 0.0030463929
, 0.0030463929
, 0.0030463929
, 0.0030463929
, 0.0030463929
, 0.0030463929
, 0.0030463929
, 0.0030463929
, 0.0030463929
, 0.0030463929
, 0.0030463929
, 0.0030463929
, 0.0030463929
, 0.0030463929
, 0.0030463929
, 0.0030463929
, 0.0030463929
, 0.0030463929
, 0.0030463929
, 0.0030463929
, 0.0030463929
, 0.0034271919
, 0.0034271919
, 0.0034271919
, 0.0034271919
, 0.0034271919
, 0.0034271919
, 0.0034271919
, 0.0034271919
, 0.0038079910
, 0.0038079910
, 0.0038079910
, 0.0038079910
, 0.0038079910
, 0.0041887900
, 0.0041887900
, 0.0041887900
, 0.0041887900
, 0.0045695892
, 0.0045695892
, 0.0049503883
, 0.0049503883
, 0.0049503883
, 0.0053311875
, 0.0053311875
, 0.0057119867
, 0.0057119867
, 0.0060927859
, 0.0064735850
, 0.0064735850
, 0.0068543837
, 0.0072351829
, 0.0072351829
, 0.0076159821
, 0.0079967817
, 0.0083775800
, 0.0087583791
, 0.0091391783
, 0.0095199775
, 0.0099007767
, 0.0102815758
, 0.0106623750
, 0.0110431742
, 0.0118047725
, 0.0121855717
, 0.0125663709
, 0.0129471701
, 0.0137087675
, 0.0140895667
, 0.0148511650
, 0.0152319642
, 0.0159935635
, 0.0167551599
, 0.0171359591
, 0.0178975575
, 0.0186591558
, 0.0194207542
, 0.0201823525
, 0.0209439509
, 0.0217055492
, 0.0224671476
, 0.0232287459
, 0.0239903443
, 0.0247519426
, 0.0255135410
, 0.0266559385
, 0.0274175350
, 0.0285599325
, 0.0293215308
, 0.0304639284
, 0.0312255267
, 0.0323679261
, 0.0335103199
, 0.0342719182
, 0.0354143158
, 0.0365567133
, 0.0376991108
, 0.0388415083
, 0.0399839059
, 0.0411263034
, 0.0422687009
, 0.0437918976
, 0.0449342951
, 0.0464574918
, 0.0472190902
, 0.0487422869
, 0.0498846844
, 0.0514078811
, 0.0529310778
, 0.0540734753
, 0.0555966683
, 0.0571198650
, 0.0586430617
, 0.0597854592
, 0.0613086559
, 0.0628318563
, 0.0643550530
, 0.0662590414
, 0.0677822381
, 0.0696862340
, 0.0708286315
, 0.0727326274
, 0.0742558241
, 0.0757790208
, 0.0776830167
, 0.0792062134
, 0.0811102092
, 0.0830142051
, 0.0845374018
, 0.0864413977
, 0.0883453935
, 0.0902493894
, 0.0921533853
, 0.0940573812
, 0.0959613770
, 0.0982461721
, 0.0997693688
, 0.1016733646
, 0.1035773605
, 0.1058621556
, 0.1077661514
, 0.1096701398
, 0.1119549349
, 0.1138589308
, 0.1161437258
, 0.1180477217
, 0.1203325167
, 0.1226173118
, 0.1245213076
, 0.1268061101
, 0.1290909052
, 0.1313757002
, 0.1332796812
, 0.1355644763
, 0.1378492713
, 0.1401340663
, 0.1424188614
, 0.1447036564
, 0.1469884515
, 0.1492732465
, 0.1519388407
, 0.1542236358
, 0.1565084308
, 0.1587932259
, 0.1610780209
, 0.1637436152
, 0.1660284102
, 0.1686940044
, 0.1709787995
, 0.1732635945
, 0.1759291887
, 0.1782139838
, 0.1804987788
, 0.1831643730
, 0.1854491681
, 0.1881147623
, 0.1907803565
, 0.1930651516
, 0.1957307458
, 0.1980155408
, 0.2006811351
, 0.2033467293
, 0.2056315243
, 0.2086779177
, 0.2109627128
, 0.2136283070
, 0.2159131020
, 0.2185786963
, 0.2212442756
, 0.2239098698
, 0.2261946648
, 0.2288602591
, 0.2315258533
, 0.2341914475
, 0.2368570417
, 0.2391418368
, 0.2418074310
, 0.2448538244
, 0.2471386194
, 0.2494234145
, 0.2520890236
, 0.2547546029
, 0.2574202120
, 0.2600857913
, 0.2623705864
, 0.2650361657
, 0.2677017748
, 0.2703673542
, 0.2726521492
, 0.2753177583
, 0.2779833376
, 0.2802681327
, 0.2829337418
, 0.2859801352
, 0.2878841162
, 0.2905497253
, 0.2932153046
, 0.2955000997
, 0.2981657088
, 0.3004505038
, 0.3031160831
, 0.3054008782
, 0.3080664873
, 0.3103512824
, 0.3126360774
, 0.3153016567
, 0.3175864518
, 0.3198712468
, 0.3221560419
, 0.3252024353
, 0.3271064460
, 0.3293912411
, 0.3316760361
, 0.3339608312
, 0.3362456262
, 0.3385304213
, 0.3408152163
, 0.3431000113
, 0.3453848064
, 0.3472887874
, 0.3495735824
, 0.3518583775
, 0.3537623584
, 0.3560471535
, 0.3583319485
, 0.3606167436
, 0.3621399403
, 0.3644247353
, 0.3663287461
, 0.3682327271
, 0.3705175221
, 0.3724215329
, 0.3743255138
, 0.3762295246
, 0.3781335056
, 0.3800375164
, 0.3819414973
, 0.3834646940
, 0.3853687048
, 0.3872726858
, 0.3887958825
, 0.3910806775
, 0.3922230899
, 0.3937462866
, 0.3956502676
, 0.3971734643
, 0.3986966610
, 0.4002198577
, 0.4017430544
, 0.4032662511
, 0.4047894478
, 0.4059318602
, 0.4074550569
, 0.4085974395
, 0.4101206362
, 0.4112630486
, 0.4124054313
, 0.4139286280
, 0.4150710404
, 0.4162134230
, 0.4173558354
, 0.4184982181
, 0.4196406305
, 0.4204022288
, 0.4215446115
, 0.4223062098
, 0.4234486222
, 0.4242102206
, 0.4249718189
, 0.4257334173
, 0.4264950156
, 0.4272566140
, 0.4280182123
, 0.4287798107
, 0.4291605949
, 0.4299221933
, 0.4303030074
, 0.4306837916
, 0.4310646057
, 0.4318262041
, 0.4322069883
, 0.4322069883
, 0.4325878024
, 0.4329685867
, 0.4329685867
, 0.4333494008
, 0.4333494008
, 0.4333494008
, 0.4337301850
, 0.4337301850
, 0.4337301850
, 0.4333494008
, 0.4333494008
, 0.4333494008
, 0.4329685867
, 0.4329685867
, 0.4329685867
, 0.4325878024
, 0.4322069883
, 0.4322069883
, 0.4318262041
, 0.4314453900
, 0.4310646057
, 0.4306837916
, 0.4303030074
, 0.4295414090
, 0.4291605949
, 0.4287798107
, 0.4283989966
, 0.4276373982
, 0.4272566140
, 0.4264950156
, 0.4257334173
, 0.4249718189
, 0.4245910048
, 0.4238294065
, 0.4230678082
, 0.4223062098
, 0.4211638272
, 0.4204022288
, 0.4196406305
, 0.4184982181
, 0.4177366197
, 0.4165942371
, 0.4158326387
, 0.4146902263
, 0.4135478437
, 0.4124054313
, 0.4112630486
, 0.4101206362
, 0.4089782536
, 0.4078358412
, 0.4066934586
, 0.4051702619
, 0.4040278494
, 0.4028854668
, 0.4013622701
, 0.3994582593
, 0.3986966610
, 0.3967926800
, 0.3956502676
, 0.3941270709
, 0.3926038742
, 0.3910806775
, 0.3895574808
, 0.3880342841
, 0.3861303031
, 0.3846071064
, 0.3827030957
, 0.3811798990
, 0.3792759180
, 0.3773719072
, 0.3758487105
, 0.3735639155
, 0.3720407188
, 0.3697559237
, 0.3682327271
, 0.3663287461
, 0.3640439510
, 0.3621399403
, 0.3602359593
, 0.3579511642
, 0.3560471535
, 0.3537623584
, 0.3518583775
, 0.3495735824
, 0.3472887874
, 0.3450039923
, 0.3427191973
, 0.3400536180
, 0.3381496072
, 0.3354840279
, 0.3335800171
, 0.3312952220
, 0.3286296427
, 0.3263448477
, 0.3240600526
, 0.3213944435
, 0.3191096485
, 0.3164440691
, 0.3137784600
, 0.3114936650
, 0.3088280857
, 0.3061624765
, 0.3034968972
, 0.3000696898
, 0.2977848947
, 0.2955000997
, 0.2928345203
, 0.2897881269
, 0.2871225178
, 0.2844569385
, 0.2817913294
, 0.2787449360
, 0.2760793567
, 0.2730329633
, 0.2703673542
, 0.2673209608
, 0.2646553814
, 0.2616089880
, 0.2585625947
, 0.2547546029
, 0.2524698079
, 0.2494234145
, 0.2467578202
, 0.2437114269
, 0.2406650335
, 0.2376186401
, 0.2345722467
, 0.2315258533
, 0.2284794599
, 0.2254330665
, 0.2223866731
, 0.2193402797
, 0.2159131020
, 0.2128667086
, 0.2098203152
, 0.2056315243
, 0.2033467293
, 0.2003003359
, 0.1972539425
, 0.1938267499
, 0.1907803565
, 0.1873531640
, 0.1843067706
, 0.1808795780
, 0.1778331846
, 0.1744059920
, 0.1713595986
, 0.1679324061
, 0.1648860127
, 0.1614588201
, 0.1584124267
, 0.1538428366
, 0.1515580416
, 0.1485116482
, 0.1450844556
, 0.1420380622
, 0.1386108696
, 0.1351836771
, 0.1321372837
, 0.1287101060
, 0.1252829134
, 0.1222365126
, 0.1188093200
, 0.1153821275
, 0.1123357341
, 0.1089085490
, 0.1054813564
, 0.1012925655
, 0.0986269712
, 0.0955805779
, 0.0925341845
, 0.0891069919
, 0.0860605985
, 0.0826334059
, 0.0795870125
, 0.0761598200
, 0.0731134266
, 0.0696862340
, 0.0666398406
, 0.0632126555
, 0.0601662584
, 0.0567390658
, 0.0536926761
, 0.0495038852
, 0.0464574918
, 0.0441726968
, 0.0411263034
, 0.0380799100
, 0.0346527174
, 0.0316063277
, 0.0285599325
, 0.0255135410
, 0.0224671476
, 0.0194207542
, 0.0163743626
, 0.0133279692
, 0.0102815758
, 0.0072351829
, 0.0041887900
, 0.0000000000
, -0.0022847946
, -0.0045695892
, -0.0076159821
, -0.0102815758
