velocity=[0.0000000000
, 0.0000000000
, 0.0000000000
, 0.3804948330
, 0.0000000000
, 0.0000000000
, 0.0000000000
, 0.0000000000
, 0.0000000000
, 0.0000000000
, 0.0000000000
, 0.0000000000
, 0.0000000000
, 0.0000000000
, 0.0000000000
, 0.0000000000
, 0.0000000000
, 0.0000000000
, 0.0000000000
, 0.0000000000
, 0.0000000000
, 0.0000000000
, 0.0000000000
, 0.0000000000
, 0.0000000000
, 0.0000000000
, 0.0000000000
, 0.0000000000
, 0.0000000000
, 0.0000000000
, 0.0000000000
, 0.0000000000
, 0.0000000000
, 0.0000000000
, 0.0000000000
, 0.0000000000
, 0.0000000000
, 0.0000000000
, 0.0000000000
, 0.0000000000
, 0.0000000000
, 0.0000000000
, 0.0000000000
, 0.0000000000
, 0.0000000000
, 0.0000000000
, 0.0000000000
, 0.3782636523
, 0.0000000000
, 0.0000000000
, 0.0000000000
, 0.0000000000
, 0.0000000000
, 0.0000000000
, 0.0000000000
, 0.3801524043
, 0.0000000000
, 0.0000000000
, 0.0000000000
, 0.0000000000
, 0.3807989359
, 0.0000000000
, 0.0000000000
, 0.0000000000
, 0.3856584430
, 0.0000000000
, 0.3817544878
, 0.0000000000
, 0.0000000000
, 0.3807991743
, 0.0000000000
, 0.3807991743
, 0.0000000000
, 0.3807991743
, 0.3811044693
, 0.0000000000
, 0.3807986975
, 0.3807991743
, 0.0000000000
, 0.3760594130
, 0.3853477836
, 0.3804557323
, 0.3811423182
, 0.3807991743
, 0.3811044693
, 0.3804943562
, 0.3811044693
, 0.3804943562
, 0.3811044693
, 0.7615983486
, 0.3807991743
, 0.3807991743
, 0.3807991743
, 0.7609878182
, 0.3811044693
, 0.7380500436
, 0.3926593661
, 0.7615993023
, 0.7628944516
, 0.3807991743
, 0.7615983486
, 0.7615983486
, 0.7603048086
, 0.7622846365
, 0.7603048086
, 0.7635089755
, 0.7615983486
, 0.7615983486
, 0.7603048086
, 0.7628962994
, 0.7615983486
, 1.1310843229
, 0.7533088923
, 1.1310843229
, 0.7667344213
, 1.1395545006
, 0.7615983486
, 1.1530082226
, 1.1356873512
, 0.7674299479
, 1.1309818029
, 1.1452547312
, 1.1414830685
, 1.1395545006
, 1.1520749331
, 1.1472114325
, 1.1588602066
, 1.4319722652
, 1.2190831900
, 1.3204960823
, 0.8997063637
, 1.5244061947
, 1.1404658556
, 1.5219658613
, 1.5258042812
, 1.1433047056
, 1.5231930017
, 1.5231966972
, 1.5231966972
, 1.1423975229
, 1.5231966972
, 1.5232003927
, 1.5219891071
, 1.7984201908
, 1.6166388988
, 1.6459171772
, 1.3548346758
, 1.9072262049
, 1.5231966972
, 1.5231966972
, 1.9039958715
, 1.5231966972
, 1.9024863243
, 1.9039958715
, 1.5205980539
, 1.9072552919
, 1.9055078030
, 1.9007765055
, 1.8913266659
, 1.7391221523
, 2.1190862656
, 1.9793825150
, 1.7993803024
, 1.9039958715
, 1.9072552919
, 2.2790918350
, 1.9055078030
, 1.9087649584
, 2.2847950459
, 1.9039958715
, 2.2829835415
, 1.9022833109
, 2.2829487324
, 2.0632226467
, 2.1311745644
, 2.1177084446
, 2.4316926003
, 2.2752132416
, 1.9039809704
, 2.2752478123
, 2.2905268669
, 2.3002033234
, 2.2772893906
, 2.2983319759
, 2.2601709366
, 2.2923502922
, 2.6679961681
, 2.2770469189
, 2.3060128689
, 2.3121016026
, 2.3002033234
, 2.4479749203
, 2.4983954430
, 2.3158922195
, 2.6991190910
, 2.2868537903
, 2.6631965637
, 2.2847950459
, 2.2868537903
, 2.6631965637
, 2.2868537903
, 2.6655941010
, 2.6631965637
, 2.2829487324
, 2.6701574326
, 2.2866094112
, 2.6634807587
, 2.4107804298
, 2.5522658825
, 2.6603829861
, 2.6778798103
, 2.6655941010
, 2.2772893906
, 2.6698718071
, 2.6655793190
, 2.6679961681
, 2.2866094112
, 2.6655941010
, 2.6655941010
, 2.6655941010
, 2.6655941010
, 2.2847950459
, 2.6655941010
, 2.7120251656
, 2.6010792255
, 2.2847950459
, 2.6701316833
, 2.6655793190
, 2.6656091213
, 2.6655793190
, 2.2847950459
, 2.6655793190
, 2.6656091213
, 2.6634659767
, 2.2847950459
, 2.6677258015
, 2.6634659767
, 2.2866094112
, 2.6656091213
, 2.7139420509
, 2.1211950779
, 2.6455061436
, 2.6768116951
, 2.2752478123
, 2.6725416183
, 2.3020775318
, 2.6544408798
, 2.2886714935
, 2.5894691944
, 2.3684213161
, 2.2543520927
, 2.6679811478
, 2.3041319847
, 2.3099970818
, 2.3002033234
, 2.6162815094
, 2.2786102295
, 2.2827050686
, 2.2887063026
, 2.2847950459
, 2.2847950459
, 2.2847950459
, 2.2847950459
, 2.2829835415
, 2.2847950459
, 1.9054929018
, 2.2847950459
, 2.2847950459
, 1.9039809704
, 2.2847950459
, 2.2847950459
, 1.9764562845
, 1.8030529022
, 2.2790918350
, 1.9087873697
, 1.9007326365
, 2.2905268669
, 1.9040107727
, 1.9039809704
, 1.9040107727
, 1.9039809704
, 1.9040107727
, 1.9039809704
, 1.5231966972
, 1.9025012255
, 1.9054929018
, 1.5231966972
, 1.9019449949
, 1.4289094210
, 1.5193945169
, 1.9102770090
, 1.5219891071
, 1.5244061947
, 1.5231966972
, 1.5193945169
, 1.5244061947
, 1.5258042812
, 1.1424124241
, 1.5231966972
, 1.1423826218
, 1.5231966972
, 1.1424124241
, 1.1423826218
, 1.2996591330
, 1.3443428278
, 1.1366935968
, 1.1452784538
, 1.1375917196
, 1.0200155973
, 0.8703981042
, 1.1414768696
, 0.7641168237
, 1.1377596855
, 0.7673355937
, 0.7539821267
, 0.7642104030
, 0.7654292583
, 0.7713198662
, 0.7667226195
, 0.6550317407
, 0.4538442194
, 0.7603916526
, 0.3817694187
, 0.3807842731
, 0.3804657459
, 0.7622962594
, 0.3807842731
, 0.0000000000
, 0.3808140755
, 0.3810866475
, 0.0000000000
, 0.3808140755
, 0.0000000000
, 0.0000000000
, 0.3804359734
, 0.0000000000
, 0.0000000000
, -0.3807842731
, 0.0000000000
, 0.0000000000
, -0.3808140755
, 0.0000000000
, 0.0000000000
, -0.3804823756
, -0.3795284331
, 0.0000000000
, -0.3811331987
, -0.3808140755
, -0.3807842731
, -0.3804657459
, -0.3811331987
, -0.6200878024
, -0.4901801348
, -0.3325304091
, -0.4472265542
, -0.7629021406
, -0.3807842731
, -0.7622030973
, -0.7602990270
, -0.7622962594
, -0.3811164796
, -0.7615983486
, -0.7609945536
, -0.7609017491
, -1.1434295177
, -0.7622030973
, -0.7615983486
, -0.9269883633
, -0.9301201701
, -1.1679748297
, -0.7641168237
, -1.1386594772
, -1.1441984177
, -1.1463305950
, -1.1423826218
, -1.1481587887
, -0.9747316241
, -1.3896050453
, -1.1245033741
, -1.5270179510
, -1.1510537863
, -1.1569647789
, -1.5308115482
, -1.4493606091
, -1.0629549026
, -1.7039368153
, -1.2714682817
, -1.5967787504
, -1.5258042812
, -1.5231966972
, -1.5231966972
, -1.5231966972
, -1.9024714231
, -1.5231966972
, -1.9040107727
, -1.5244061947
, -1.9039809704
, -1.9040107727
, -1.5231966972
, -1.8291757107
, -1.9315084219
, -2.0615184307
, -1.7783833742
, -1.9072403908
, -2.2847950459
, -1.9055227041
, -1.9039809704
, -2.2847950459
, -1.9040107727
, -2.2790918350
, -1.9087575674
, -2.2734167576
, -2.2944579124
, -2.2808971405
, -2.2887063026
, -2.0618393421
, -2.5079641342
, -2.4292385578
, -2.2402379513
, -2.2847950459
, -2.6655793190
, -2.2847950459
, -2.2808971405
, -2.6680517197
, -2.2847950459
, -2.6676959991
, -2.6656091213
, -2.2847950459
, -2.6655793190
, -2.6656091213
, -2.6610317230
, -2.6238343716
, -2.8488647938
, -2.4940259457
, -2.6680219173
, -3.0336174965
, -2.6698458195
, -2.6793160439
, -2.6656091213
, -3.0564672947
, -2.6502125263
, -3.0848982334
, -2.6238901615
, -3.0568416119
, -2.6835141182
, -3.0771954060
, -3.0721762180
, -2.8911762238
, -3.0095334053
, -2.8548121452
, -2.9448161125
, -3.2019572258
, -3.0387890339
, -3.0516085625
, -3.0411961079
, -3.0540359020
, -3.0463933945
, -3.0463933945
, -3.0411961079
, -3.0516085625
, -3.4244604111
, -3.0488123894
, -3.0463933945
, -3.1661353111
, -2.9413123131
, -3.3747200966
, -3.0540359020
, -3.4271926880
, -3.0463933945
, -3.4271926880
, -3.0439782143
, -3.4271926880
, -3.0436069965
, -3.4271926880
, -3.0463933945
, -3.4303331375
, -3.0463933945
, -3.4271926880
, -3.0488123894
, -3.4518957138
, -2.9443197250
, -3.3747200966
, -3.4330596924
, -3.0463933945
, -3.4240577221
, -3.4303331375
, -3.0463933945
, -3.4298992157
, -3.4213454723
, -3.0491924286
, -3.4271926880
, -3.4271926880
, -3.0463933945
, -3.4271850586
, -3.4271926880
, -3.1051104069
, -3.4799280167
, -3.4325087070
, -3.0540359020
, -3.4271926880
, -3.0463933945
, -3.4271926880
, -3.0463933945
, -3.4240577221
, -3.0463933945
, -3.4303331375
, -3.0488123894
, -3.4244680405
, -3.0463972092
, -3.4271926880
, -3.0488088131
, -3.1822845936
, -3.2923555374
, -2.9538452625
, -3.0851840973
, -3.0540359020
, -3.4271926880
, -2.9596803188
, -3.0592792034
, -3.0284616947
