torque=[-0.2800000012
, -0.2724724412
, -0.2649468184
, -0.2574047148
, -0.2498722374
, -0.2423444986
, -0.2348287255
, -0.2273140699
, -0.2198077291
, -0.2123108953
, -0.2048247457
, -0.1973504722
, -0.1898832768
, -0.1824363023
, -0.1750047207
, -0.1674904823
, -0.1601858288
, -0.1528016180
, -0.1454559118
, -0.1381247789
, -0.1308101714
, -0.1235132962
, -0.1162404492
, -0.1090065166
, -0.1017865688
, -0.0946077332
, -0.0874452591
, -0.0803260505
, -0.0732319430
, -0.0661704913
, -0.0591427982
, -0.0520502366
, -0.0450419076
, -0.0380822532
, -0.0312250610
, -0.0244007725
, -0.0175766051
, -0.0108790910
, -0.0041000783
, 0.0025620474
, 0.0092239827
, 0.0157964732
, 0.0222670715
, 0.0287781544
, 0.0352125652
, 0.0415069088
, 0.0478315502
, 0.0541623272
, 0.0603613704
, 0.0665386915
, 0.0726510212
, 0.0787230507
, 0.0847432166
, 0.0907009542
, 0.0965954512
, 0.1024451107
, 0.1082146093
, 0.1139326915
, 0.1195885614
, 0.1251813322
, 0.1307101250
, 0.1361740679
, 0.1415722817
, 0.1469749212
, 0.1521723419
, 0.1573770344
, 0.1624910533
, 0.1675481051
, 0.1725344807
, 0.1774493903
, 0.1822920740
, 0.1870617419
, 0.1917614043
, 0.1963827759
, 0.2009252906
, 0.2053955495
, 0.2097891569
, 0.2141054273
, 0.2183436751
, 0.2225551307
, 0.2265866399
, 0.2305903435
, 0.2345062941
, 0.2383445501
, 0.2420979738
, 0.2457749248
, 0.2493630052
, 0.2528732121
, 0.2562936842
, 0.2596322596
, 0.2628856301
, 0.2660532594
, 0.2691346705
, 0.2721317112
, 0.2750368714
, 0.2779452503
, 0.2805930674
, 0.2832361460
, 0.2857860327
, 0.2882509828
, 0.2906261981
, 0.2929113209
, 0.2951096296
, 0.2972114384
, 0.2992274165
, 0.3011437058
, 0.3029731512
, 0.3047105372
, 0.3063583076
, 0.3079080582
, 0.3093676865
, 0.3107474446
, 0.3120332658
, 0.3132223785
, 0.3142986596
, 0.3152909875
, 0.3161867559
, 0.3169814050
, 0.3176935315
, 0.3183024824
, 0.3188267648
, 0.3192498088
, 0.3195796311
, 0.3198149502
, 0.3199540377
, 0.3199999928
, 0.3199529350
, 0.3197988868
, 0.3195743859
, 0.3191838861
, 0.3188172281
, 0.3182972074
, 0.3176812232
, 0.3169712126
, 0.3161689043
, 0.3152719438
, 0.3142802715
, 0.3131947815
, 0.3120155931
, 0.3107429445
, 0.3093770146
, 0.3079179823
, 0.3063648641
, 0.3046209514
, 0.3029818833
, 0.3008577824
, 0.2992321253
, 0.2972233891
, 0.2951201499
, 0.2929261029
, 0.2906415761
, 0.2882669568
, 0.2858006060
, 0.2832468152
, 0.2805995047
, 0.2778728306
, 0.2750557661
, 0.2721438408
, 0.2691292167
, 0.2657510340
, 0.2629013658
, 0.2591389120
, 0.2563075423
, 0.2528846264
, 0.2493836135
, 0.2457840145
, 0.2421132028
, 0.2383665591
, 0.2345287800
, 0.2306097448
, 0.2266068608
, 0.2225234210
, 0.2183608711
, 0.2136631906
, 0.2098035514
, 0.2050602734
, 0.2008568048
, 0.1962901503
, 0.1916672736
, 0.1869500428
, 0.1821906567
, 0.1773791462
, 0.1724468768
, 0.1674888283
, 0.1623754501
, 0.1572639644
, 0.1520713568
, 0.1467878371
, 0.1415040940
, 0.1361691952
, 0.1307420135
, 0.1247190237
, 0.1196020544
, 0.1130868867
, 0.1082427874
, 0.1024689302
, 0.0966242179
, 0.0907252654
, 0.0847731605
, 0.0787526742
, 0.0726864189
, 0.0665590242
, 0.0603713170
, 0.0541303381
, 0.0478524119
, 0.0415170603
, 0.0351208337
, 0.0279962420
, 0.0221843570
, 0.0146944588
, 0.0090739811
, 0.0024442845
, -0.0042520836
, -0.0109592723
, -0.0177196749
, -0.0245153531
, -0.0313520357
, -0.0382333957
, -0.0451529324
, -0.0521095544
, -0.0591021627
, -0.0661296546
, -0.0731909201
, -0.0811616629
, -0.0874223933
, -0.0945783108
, -0.1017513201
, -0.1089646220
, -0.1162049323
, -0.1234711036
, -0.1307619959
, -0.1380764544
, -0.1454133242
, -0.1527772993
, -0.1601555198
, -0.1675467938
, -0.1749675870
, -0.1823931783
, -0.1898400784
, -0.1982161105
, -0.2049257308
, -0.2124689668
, -0.2199345231
, -0.2274725288
, -0.2349678576
, -0.2424332798
, -0.2499926686
, -0.2575124800
, -0.2652702034
, -0.2725425065
, -0.2801839709
, -0.2877167761
, -0.2951919138
, -0.3026457131
, -0.3101277351
, -0.3188924789
, -0.3251772821
, -0.3326987922
, -0.3401923180
, -0.3476891518
, -0.3551752865
, -0.3626495600
, -0.3701107800
, -0.3775636852
, -0.3849952519
, -0.3924043775
, -0.3998016417
, -0.4071799815
, -0.4145382345
, -0.4218752384
, -0.4291898608
, -0.4376161695
, -0.4437530041
, -0.4510115683
, -0.4582069218
, -0.4654045105
, -0.4725426435
, -0.4796682894
, -0.4867624342
, -0.4938239157
, -0.5008516312
, -0.5078444481
, -0.5148013234
, -0.5217211246
, -0.5286082029
, -0.5354450941
, -0.5422471166
, -0.5503634810
, -0.5557311773
, -0.5624223351
, -0.5690304041
, -0.5756199956
, -0.5821524262
, -0.5886424184
, -0.5950996876
, -0.6014859676
, -0.6078158021
, -0.6141047478
, -0.6203408837
, -0.6265233159
, -0.6326510310
, -0.6387230754
, -0.6447384357
, -0.6517150998
, -0.6567233801
, -0.6625909209
, -0.6683542728
, -0.6740947962
, -0.6804231405
, -0.6853120327
, -0.6908436418
, -0.6962881088
, -0.7017068863
, -0.7069972157
, -0.7123130560
, -0.7174895406
, -0.7225893140
, -0.7275816798
, -0.7325345278
, -0.7382422090
, -0.7423003316
, -0.7470774055
, -0.7517613769
, -0.7563827634
, -0.7609330416
, -0.7653990984
, -0.7697926760
, -0.7741088271
, -0.7783470154
, -0.7825032473
, -0.7865866423
, -0.7905867696
, -0.7945063114
, -0.7983445525
, -0.8021043539
, -0.8066139817
, -0.8093719482
, -0.8128791451
, -0.8162963986
, -0.8196349144
, -0.8228881955
, -0.8260557652
, -0.8291398883
, -0.8321367502
, -0.8350537419
, -0.8378614783
, -0.8405906558
, -0.8432338238
, -0.8457880616
, -0.8482551575
, -0.8506280780
, -0.8534219265
, -0.8551186323
, -0.8575195670
, -0.8592274189
, -0.8611451983
, -0.8629745841
, -0.8647105694
, -0.8663583398
, -0.8679092526
, -0.8693677187
, -0.8707342744
, -0.8720085025
, -0.8731892705
, -0.8742742538
, -0.8752657175
, -0.8761639595
, -0.8771414757
, -0.8777117729
, -0.8783100843
, -0.8788267374
, -0.8792520165
, -0.8795806170
, -0.8798144460
, -0.8799545765
, -0.8799999952
, -0.8799331188
, -0.8798086047
, -0.8795662522
, -0.8792332411
, -0.8788084388
, -0.8782933950
, -0.8776811957
, -0.8767298460
, -0.8761424422
, -0.8751298785
, -0.8742305636
, -0.8731928468
, -0.8720155954
, -0.8707429767
, -0.8693770170
, -0.8679180145
, -0.8663648963
, -0.8647203445
, -0.8629835248
, -0.8611561060
, -0.8592354655
, -0.8572233915
, -0.8551201820
, -0.8523654938
, -0.8505537510
, -0.8479127288
, -0.8457962871
, -0.8432468176
, -0.8406040668
, -0.8378750682
, -0.8350557685
, -0.8321488500
, -0.8291547298
, -0.8260660768
, -0.8229067922
, -0.8196375370
, -0.8163133264
, -0.8128846288
, -0.8093836308
, -0.8047260046
, -0.8019262552
, -0.7977957726
, -0.7945287824
, -0.7906097174
, -0.7866100669
, -0.7825304270
, -0.7783641815
, -0.7741302848
, -0.7698144317
, -0.7654247880
, -0.7609550357
, -0.7564093471
, -0.7517884374
, -0.7470929623
, -0.7423155904
, -0.7359761596
, -0.7320227027
, -0.7274506688
, -0.7223969102
, -0.7172469497
, -0.7120577097
, -0.7068192363
, -0.7014864683
, -0.6961051226
, -0.6906085014
, -0.6851479411
, -0.6794653535
, -0.6738275290
, -0.6681467295
, -0.6624248028
, -0.6566341519
, -0.6488524675
, -0.6443210244
, -0.6378957033
, -0.6323948503
, -0.6265639067
, -0.6203662753
, -0.6141410470
, -0.6078416109
, -0.6015170813
, -0.5951259136
, -0.5886850357
, -0.5821842551
, -0.5756580234
, -0.5690687299
, -0.5624442697
, -0.5557699800
, -0.5468731523
, -0.5416148901
, -0.5354729891
, -0.5286479592
, -0.5217666030
, -0.5148470402
, -0.5078904629
, -0.5008922815
, -0.4938647449
, -0.4867969751
, -0.4797030091
, -0.4725775123
, -0.4654281437
, -0.4582429528
, -0.4510296285
, -0.4437950552
, -0.4341708124
, -0.4285091162
, -0.4219052196
, -0.4145808518
, -0.4072227180
, -0.3998377025
, -0.3924473226
, -0.3850324154
, -0.3776068091
, -0.3701471686
, -0.3626928627
, -0.3552186489
, -0.3477325737
, -0.3402357996
, -0.3327295184
, -0.3252148926
, -0.3150666058
, -0.3092994988
, -0.3026141226
, -0.2950969338
, -0.2875584960
, -0.2800188661
, -0.2724792361
, -0.2649407983
, -0.2573978603
, -0.2498653531
, -0.2423445135
, -0.2348286957
, -0.2273080796
, -0.2198017389
, -0.2123049200
