StateVariable_5=[0.0000000000
, 0.0075275609
, 0.0150531838
, 0.0225952733
, 0.0301277656
, 0.0376554988
, 0.0451712720
, 0.0526859313
, 0.0601922721
, 0.0676891133
, 0.0751752555
, 0.0826495290
, 0.0901167244
, 0.0975637063
, 0.1049952805
, 0.1125095114
, 0.1198141649
, 0.1271983832
, 0.1345440894
, 0.1418752223
, 0.1491898298
, 0.1564867049
, 0.1637595594
, 0.1709934920
, 0.1782134324
, 0.1853922606
, 0.1925547421
, 0.1996739507
, 0.2067680508
, 0.2138295174
, 0.2208572030
, 0.2279497683
, 0.2349580973
, 0.2419177443
, 0.2487749457
, 0.2555992305
, 0.2624233961
, 0.2691209018
, 0.2758999169
, 0.2825620472
, 0.2892239690
, 0.2957964838
, 0.3022670746
, 0.3087781668
, 0.3152125776
, 0.3215069175
, 0.3278315365
, 0.3341623247
, 0.3403613567
, 0.3465386927
, 0.3526510298
, 0.3587230444
, 0.3647432327
, 0.3707009554
, 0.3765954375
, 0.3824450970
, 0.3882146180
, 0.3939327002
, 0.3995885551
, 0.4051813483
, 0.4107101262
, 0.4161740541
, 0.4215722680
, 0.4269749224
, 0.4321723580
, 0.4373770356
, 0.4424910545
, 0.4475480914
, 0.4525344670
, 0.4574493766
, 0.4622920752
, 0.4670617580
, 0.4717614055
, 0.4763827622
, 0.4809252918
, 0.4853955507
, 0.4897891581
, 0.4941054285
, 0.4983436763
, 0.5025551319
, 0.5065866709
, 0.5105903745
, 0.5145062804
, 0.5183445215
, 0.5220980048
, 0.5257748961
, 0.5293630362
, 0.5328732133
, 0.5362936854
, 0.5396322608
, 0.5428856015
, 0.5460532904
, 0.5491346717
, 0.5521317124
, 0.5550368428
, 0.5579452515
, 0.5605930686
, 0.5632361770
, 0.5657860041
, 0.5682510138
, 0.5706261992
, 0.5729113221
, 0.5751096010
, 0.5772114396
, 0.5792273879
, 0.5811436772
, 0.5829731226
, 0.5847105384
, 0.5863583088
, 0.5879080296
, 0.5893676877
, 0.5907474160
, 0.5920332670
, 0.5932223797
, 0.5942986608
, 0.5952910185
, 0.5961867571
, 0.5969814062
, 0.5976935029
, 0.5983024836
, 0.5988267660
, 0.5992497802
, 0.5995796323
, 0.5998149514
, 0.5999540687
, 0.6000000238
, 0.5999529362
, 0.5997989178
, 0.5995743871
, 0.5991839170
, 0.5988172293
, 0.5982972383
, 0.5976812243
, 0.5969712138
, 0.5961689353
, 0.5952719450
, 0.5942803025
, 0.5931947827
, 0.5920156240
, 0.5907429457
, 0.5893769860
, 0.5879179835
, 0.5863648653
, 0.5846209526
, 0.5829818845
, 0.5808578134
, 0.5792321563
, 0.5772233605
, 0.5751201510
, 0.5729261041
, 0.5706415772
, 0.5682669878
, 0.5658006072
, 0.5632468462
, 0.5605995059
, 0.5578728318
, 0.5550557375
, 0.5521438122
, 0.5491292477
, 0.5457510352
, 0.5429013968
, 0.5391389132
, 0.5363075137
, 0.5328845978
, 0.5293835998
, 0.5257840157
, 0.5221132040
, 0.5183665752
, 0.5145287514
, 0.5106097460
, 0.5066068769
, 0.5025234222
, 0.4983608723
, 0.4936631918
, 0.4898035526
, 0.4850602746
, 0.4808568060
, 0.4762901366
, 0.4716672599
, 0.4669500291
, 0.4621906579
, 0.4573791325
, 0.4524468780
, 0.4474888146
, 0.4423754513
, 0.4372639656
, 0.4320713580
, 0.4267878532
, 0.4215041101
, 0.4161691964
, 0.4107420146
, 0.4047190249
, 0.3996020555
, 0.3930868804
, 0.3882427812
, 0.3824689388
, 0.3766242266
, 0.3707252741
, 0.3647731543
, 0.3587526679
, 0.3526864052
, 0.3465590179
, 0.3403713107
, 0.3341303468
, 0.3278523982
, 0.3215170503
, 0.3151208460
, 0.3079962432
, 0.3021843433
, 0.2946944535
, 0.2890739739
, 0.2824442983
, 0.2757479250
, 0.2690407336
, 0.2622803152
, 0.2554846406
, 0.2486479580
, 0.2417666018
, 0.2348470688
, 0.2278904468
, 0.2208978385
, 0.2138703465
, 0.2068090886
, 0.1988383383
, 0.1925776005
, 0.1854216903
, 0.1782486737
, 0.1710353792
, 0.1637950689
, 0.1565288901
, 0.1492380053
, 0.1419235468
, 0.1345866770
, 0.1272227019
, 0.1198444739
, 0.1124531999
, 0.1050324142
, 0.0976068154
, 0.0901599228
, 0.0817838982
, 0.0750742704
, 0.0675310418
, 0.0600654706
, 0.0525274649
, 0.0450321436
, 0.0375667252
, 0.0300073270
, 0.0224875305
, 0.0147297978
, 0.0074574859
, -0.0001839626
, -0.0077167843
, -0.0151919192
, -0.0226457249
, -0.0301277470
, -0.0388924889
, -0.0451772697
, -0.0526987985
, -0.0601923056
, -0.0676891357
, -0.0751752853
, -0.0826495588
, -0.0901107863
, -0.0975636840
, -0.1049952582
, -0.1124043763
, -0.1198016405
, -0.1271799803
, -0.1345382333
, -0.1418752521
, -0.1491898596
, -0.1576161683
, -0.1637530029
, -0.1710115522
, -0.1782069355
, -0.1854045093
, -0.1925426275
, -0.1996682882
, -0.2067624331
, -0.2138239145
, -0.2208516300
, -0.2278444618
, -0.2348013371
, -0.2417211235
, -0.2486081719
, -0.2554450929
, -0.2622471154
, -0.2703634799
, -0.2757311463
, -0.2824223638
, -0.2890304327
, -0.2956199944
, -0.3021524549
, -0.3086424172
, -0.3150996864
, -0.3214859664
, -0.3278158009
, -0.3341047168
, -0.3403409123
, -0.3465233445
, -0.3526510596
, -0.3587230742
, -0.3647384346
, -0.3717150688
, -0.3767233491
, -0.3825908899
, -0.3883542717
, -0.3940947950
, -0.4004231095
, -0.4053120017
, -0.4108436406
, -0.4162881076
, -0.4217068553
, -0.4269972146
, -0.4323130846
, -0.4374895394
, -0.4425892830
, -0.4475817084
, -0.4525344968
, -0.4582422078
, -0.4623003304
, -0.4670773745
, -0.4717614055
, -0.4763827622
, -0.4809330404
, -0.4853990972
, -0.4897926450
, -0.4941088557
, -0.4983470440
, -0.5025032163
, -0.5065866709
, -0.5105867982
, -0.5145062804
, -0.5183445215
, -0.5221043825
, -0.5266139507
, -0.5293719172
, -0.5328791142
, -0.5362963676
, -0.5396348834
, -0.5428882241
, -0.5460557342
, -0.5491398573
, -0.5521367788
, -0.5550537705
, -0.5578615069
, -0.5605906248
, -0.5632337928
, -0.5657880306
, -0.5682551265
, -0.5706281066
, -0.5734219551
, -0.5751186609
, -0.5775195956
, -0.5792274475
, -0.5811452270
, -0.5829745531
, -0.5847105384
, -0.5863583088
, -0.5879092813
, -0.5893676877
, -0.5907342434
, -0.5920084715
, -0.5931892395
, -0.5942742825
, -0.5952656865
, -0.5961639881
, -0.5971415043
, -0.5977118015
, -0.5983100533
, -0.5988267660
, -0.5992519855
, -0.5995805860
, -0.5998144746
, -0.5999546051
, -0.5999999642
, -0.5999331474
, -0.5998085737
, -0.5995662808
, -0.5992332697
, -0.5988084674
, -0.5982934237
, -0.5976812243
, -0.5967298746
, -0.5961424112
, -0.5951298475
, -0.5942305326
, -0.5931928158
, -0.5920156240
, -0.5907429457
, -0.5893769860
, -0.5879179835
, -0.5863648653
, -0.5847203732
, -0.5829834938
, -0.5811560750
, -0.5792354941
, -0.5772233605
, -0.5751201510
, -0.5723655224
, -0.5705537200
, -0.5679127574
, -0.5657963157
, -0.5632468462
, -0.5606040955
, -0.5578750372
, -0.5550557375
, -0.5521488190
, -0.5491546988
, -0.5460660458
, -0.5429068208
, -0.5396375060
, -0.5363132954
, -0.5328845978
, -0.5293835998
, -0.5247259736
, -0.5219262838
, -0.5177958012
, -0.5145287514
, -0.5106097460
, -0.5066100955
, -0.5025303960
, -0.4983642101
, -0.4941302538
, -0.4898144603
, -0.4854248166
, -0.4809550345
, -0.4764093459
, -0.4717884064
, -0.4670929909
, -0.4623155594
, -0.4559761286
, -0.4520227015
, -0.4474506676
, -0.4423969090
, -0.4372469485
, -0.4320577085
, -0.4268192053
, -0.4214864969
, -0.4161051214
, -0.4106085002
, -0.4051479101
, -0.3994653225
, -0.3938275278
, -0.3881467283
, -0.3824247718
, -0.3766341507
, -0.3688524663
, -0.3643210232
, -0.3578956723
, -0.3523948491
, -0.3465639055
, -0.3403663039
, -0.3341410458
, -0.3278416097
, -0.3215170503
, -0.3151259124
, -0.3086850345
, -0.3021842539
, -0.2956580222
, -0.2890687287
, -0.2824442983
, -0.2757699788
, -0.2668731511
, -0.2616148889
, -0.2554729879
, -0.2486479580
, -0.2417666018
, -0.2348470688
, -0.2278904468
, -0.2208922803
, -0.2138647586
, -0.2067969888
, -0.1997030079
, -0.1925774962
, -0.1854281425
, -0.1782429665
, -0.1710296422
, -0.1637950689
, -0.1541708112
, -0.1485091150
, -0.1419052184
, -0.1345808506
, -0.1272227019
, -0.1198377088
, -0.1124473214
, -0.1050324142
, -0.0976068154
, -0.0901471823
, -0.0826928616
, -0.0752186626
, -0.0677325800
, -0.0602358021
, -0.0527295135
, -0.0452148989
, -0.0350665972
, -0.0292994939
, -0.0226141103
, -0.0150969196
, -0.0075584906
, -0.0000188680
, 0.0075207576
, 0.0150591955
, 0.0226021539
, 0.0301346406
, 0.0376554802
, 0.0451713018
, 0.0526919216
, 0.0601982549
, 0.0676950812
, 0.0751752853
, 0.0850108936
, 0.0919111595
, 0.0976699367
, 0.1050079465
