position=[0.0079967817
, 0.0083775800
, 0.0083775800
, 0.0087583791
, 0.0087583791
, 0.0091391783
, 0.0095199775
, 0.0095199775
, 0.0099007767
, 0.0099007767
, 0.0102815758
, 0.0110431742
, 0.0118047725
, 0.0129471701
, 0.0144703658
, 0.0163743626
, 0.0182783566
, 0.0209439509
, 0.0239903443
, 0.0262751393
, 0.0297023300
, 0.0331295207
, 0.0369375125
, 0.0407455042
, 0.0453150943
, 0.0498846844
, 0.0548350699
, 0.0601662584
, 0.0658782423
, 0.0715902299
, 0.0776830167
, 0.0841566026
, 0.0906301886
, 0.0978653729
, 0.1054813564
, 0.1127165332
, 0.1207133159
, 0.1287101060
, 0.1374684721
, 0.1458460540
, 0.1549852341
, 0.1641244143
, 0.1736443937
, 0.1831643730
, 0.1930651516
, 0.2033467293
, 0.2132475078
, 0.2235290706
, 0.2341914475
, 0.2452346236
, 0.2555162013
, 0.2665593624
, 0.2772217393
, 0.2882649302
, 0.2989273071
, 0.3099704683
, 0.3206328452
, 0.3309144378
, 0.3415768147
, 0.3518583775
, 0.3617591560
, 0.3720407188
, 0.3815607131
, 0.3910806775
, 0.4002198577
, 0.4093590379
, 0.4181174338
, 0.4264950156
, 0.4344917834
, 0.4424885511
, 0.4497237504
, 0.4569589198
, 0.4641941190
, 0.4706676900
, 0.4771412909
, 0.4832340777
, 0.4889460504
, 0.4946580529
, 0.4999892414
, 0.5049396157
, 0.5095092058
, 0.5140787959
, 0.5182675719
, 0.5224564075
, 0.5262643695
, 0.5300723314
, 0.5334995389
, 0.5373075604
, 0.5407347083
, 0.5437811017
, 0.5472083092
, 0.5506355166
, 0.5536819100
, 0.5571091175
, 0.5605362654
, 0.5639634728
, 0.5677714944
, 0.5715794563
, 0.5753874779
, 0.5795762539
, 0.5837650299
, 0.5883346200
, 0.5929042101
, 0.5978546143
, 0.6031857729
, 0.6088978052
, 0.6146097779
, 0.6207025647
, 0.6271761060
, 0.6336497068
, 0.6408848763
, 0.6477392912
, 0.6553552747
, 0.6633520722
, 0.6713488102
, 0.6797264218
, 0.6884847879
, 0.6976239681
, 0.7067631483
, 0.7162831426
, 0.7258030772
, 0.7357038856
, 0.7456046343
, 0.7558862567
, 0.7661678195
, 0.7768301964
, 0.7874925733
, 0.7981549501
, 0.8088173270
, 0.8194797039
, 0.8301420808
, 0.8408044577
, 0.8514668345
, 0.8621292114
, 0.8724107742
, 0.8830731511
, 0.8929738998
, 0.9028747082
, 0.9127754569
, 0.9222954512
, 0.9318154454
, 0.9409546256
, 0.9497129917
, 0.9584713578
, 0.9664681554
, 0.9748457074
, 0.9824616909
, 0.9896968603
, 0.9969320893
, 1.0037864447
, 1.0110216141
, 1.0167336464
, 1.0228264332
, 1.0285383463
, 1.0338696241
, 1.0392007828
, 1.0437703133
, 1.0487207174
, 1.0529094934
, 1.0570982695
, 1.0612871647
, 1.0650950670
, 1.0692838430
, 1.0723302364
, 1.0761382580
, 1.0795655251
, 1.0826119184
, 1.0860390663
, 1.0894662142
, 1.0928934813
, 1.0963206291
, 1.0997477770
, 1.1031750441
, 1.1069830656
, 1.1107909679
, 1.1145989895
, 1.1187877655
, 1.1233574152
, 1.1279269457
, 1.1328773499
, 1.1382085085
, 1.1435396671
, 1.1492516994
, 1.1553444862
, 1.1614372730
, 1.1679108143
, 1.1747652292
, 1.1820003986
, 1.1892355680
, 1.1968516111
, 1.2048484087
, 1.2132259607
, 1.2216035128
, 1.2307426929
, 1.2410242558
, 1.2490210533
, 1.2585411072
, 1.2680610418
, 1.2783426046
, 1.2882434130
, 1.2985249758
, 1.3091872931
, 1.3194688559
, 1.3301312923
, 1.3407936096
, 1.3514560461
, 1.3624992371
, 1.3731615543
, 1.3838239908
, 1.3944863081
, 1.4062911272
, 1.4150494337
, 1.4253311157
, 1.4356126785
, 1.4455133677
, 1.4550334215
, 1.4645533562
, 1.4736925364
, 1.4828317165
, 1.4912092686
, 1.4999676943
, 1.5079644918
, 1.5155804157
, 1.5231964588
, 1.5304316282
, 1.5376667976
, 1.5452828407
, 1.5506139994
, 1.5567067862
, 1.5627995729
, 1.5681307316
, 1.5734618902
, 1.5787930489
, 1.5833626986
, 1.5879322290
, 1.5921211243
, 1.5963099003
, 1.6004986763
, 1.6043066978
, 1.6077338457
, 1.6115418673
, 1.6149690151
, 1.6183961630
, 1.6218234301
, 1.6252505779
, 1.6282969713
, 1.6317242384
, 1.6351513863
, 1.6389594078
, 1.6423865557
, 1.6461945772
, 1.6503833532
, 1.6541913748
, 1.6583801508
, 1.6629496813
, 1.6679000854
, 1.6728504896
, 1.6781816483
, 1.6842744350
, 1.6892248392
, 1.6953176260
, 1.7017911673
, 1.7086455822
, 1.7154999971
, 1.7227351665
, 1.7303512096
, 1.7383478880
, 1.7463446856
, 1.7547222376
, 1.7634806633
, 1.7726198435
, 1.7817590237
, 1.7912789583
, 1.8007990122
, 1.8106998205
, 1.8206005096
, 1.8308820724
, 1.8411636353
, 1.8518260717
, 1.8624883890
, 1.8731508255
, 1.8838131428
, 1.8944755793
, 1.9051378965
, 1.9158003330
, 1.9264626503
, 1.9367442131
, 1.9474066496
, 1.9576882124
, 1.9679697752
, 1.9778705835
, 1.9873905182
, 1.9972913265
, 2.0064306259
, 2.0155696869
, 2.0243279934
, 2.0327055454
, 2.0410833359
, 2.0490798950
, 2.0566959381
, 2.0643119812
, 2.0715472698
, 2.0784015656
, 2.0848751068
, 2.0909678936
, 2.0970606804
, 2.1027727127
, 2.1084847450
, 2.1134350300
, 2.1183855534
, 2.1229550838
, 2.1275246143
, 2.1317133904
, 2.1355214119
, 2.1393294334
, 2.1431374550
, 2.1465644836
, 2.1503725052
, 2.1534190178
, 2.1568460464
, 2.1602733135
, 2.1637005806
, 2.1667468548
, 2.1701741219
, 2.1736013889
, 2.1774094105
, 2.1808364391
, 2.1850252151
, 2.1888332367
, 2.1930220127
, 2.1975915432
, 2.2021613121
, 2.2071115971
, 2.2120621204
, 2.2177739143
, 2.2234859467
, 2.2291979790
, 2.2356715202
, 2.2421450615
, 2.2489995956
, 2.2562346458
, 2.2634699345
, 2.2710859776
, 2.2790827751
, 2.2874603271
, 2.2962186337
, 2.3049769402
, 2.3141162395
, 2.3232553005
, 2.3327753544
, 2.3426761627
, 2.3525769711
, 2.3628585339
, 2.3735208511
, 2.3838024139
, 2.3940839767
, 2.4047462940
, 2.4154088497
, 2.4260711670
, 2.4367334843
, 2.4473958015
, 2.4580583572
, 2.4687206745
, 2.4793829918
, 2.4896645546
, 2.4999461174
, 2.5098469257
, 2.5197477341
, 2.5296485424
, 2.5391683578
, 2.5486884117
, 2.5574467182
, 2.5662052631
, 2.5745828152
, 2.5825796127
, 2.5901956558
, 2.5981922150
, 2.6054275036
, 2.6122817993
, 2.6187555790
, 2.6252291203
, 2.6313219070
, 2.6370339394
, 2.6427457333
, 2.6480770111
, 2.6530272961
, 2.6575970650
, 2.6621665955
, 2.6663553715
, 2.6705441475
, 2.6747329235
, 2.6785409451
, 2.6819682121
, 2.6853952408
, 2.6888225079
, 2.6922497749
, 2.6956768036
, 2.6991040707
, 2.7025313377
, 2.7059583664
, 2.7093856335
, 2.7128129005
, 2.7170016766
, 2.7200479507
, 2.7242367268
, 2.7280447483
, 2.7326145172
, 2.7371840477
, 2.7417535782
, 2.7467038631
, 2.7520351410
, 2.7577471733
, 2.7634592056
, 2.7695519924
, 2.7760255337
, 2.7828798294
, 2.7897343636
, 2.7973501682
, 2.8061087132
, 2.8125822544
, 2.8209598064
, 2.8293373585
, 2.8380956650
, 2.8468542099
, 2.8559932709
, 2.8655133247
, 2.8754141331
, 2.8853149414
, 2.8952155113
, 2.9054973125
, 2.9157788754
, 2.9264411926
, 2.9367227554
, 2.9477658272
, 2.9584283829
, 2.9690907001
, 2.9797530174
, 2.9904153347
, 3.0010778904
, 3.0117402077
, 3.0220217705
, 3.0323033333
, 3.0425848961
, 3.0524857044
, 3.0623865128
, 3.0719063282
, 3.0810456276
, 3.0898039341
, 3.1000854969
, 3.1073207855
, 3.1168406010
, 3.1236951351
, 3.1313111782
, 3.1385462284
, 3.1457815170
, 3.1526358128
, 3.1591093540
, 3.1652021408
, 3.1712949276
, 3.1770069599
, 3.1823382378
, 3.1876692772
, 3.1922390461
, 3.1971893311
, 3.2013781071
, 3.2055668831
, 3.2101364136
, 3.2135636806
, 3.2173717022
, 3.2207989693
, 3.2242259979
, 3.2276532650
, 3.2310805321
, 3.2345075607
, 3.2379348278
, 3.2413620949
, 3.2444083691
, 3.2482163906
, 3.2516436577
, 3.2554516792
, 3.2592594624
, 3.2634484768
, 3.2683987617
, 3.2722067833
, 3.2767763138
, 3.2817268372
, 3.2866771221
, 3.2923891544
, 3.2981011868
, 3.3038129807
, 3.3102867603
, 3.3167603016
, 3.3236145973
, 3.3308498859
, 3.3384656906
, 3.3460817337
, 3.3540785313
, 3.3628368378
, 3.3715953827
, 3.3803536892
, 3.3891119957
, 3.3986320496
, 3.4081521034
, 3.4180529118
, 3.4279534817
, 3.4382350445
, 3.4485168457
, 3.4587984085
, 3.4694607258
, 3.4801230431
, 3.4907853603
, 3.5014479160
, 3.5121102333
, 3.5227725506
, 3.5334348679
, 3.5437164307
, 3.5543789864
, 3.5665645599
, 3.5749421120
, 3.5867469311
, 3.5947434902
, 3.6046442986
, 3.6137835979
, 3.6229226589
, 3.6320619583
, 3.6408202648
, 3.6491978168
, 3.6571946144
, 3.6648106575
, 3.6728074551
, 3.6796617508
, 3.6868970394
