velocity=[0.0000000000
, 0.0015536540
, 0.0083233649
, 0.0185690448
, 0.0338223986
, 0.0503576100
, 0.0699735358
, 0.0918293968
, 0.1113812923
, 0.1292877197
, 0.1433483362
, 0.1586407572
, 0.1825295240
, 0.2184014916
, 0.2712181211
, 0.3463088870
, 0.4461993575
, 0.5694242120
, 0.7184020877
, 0.8890332580
, 1.0759038925
, 1.2799204588
, 1.4977827072
, 1.7263977528
, 1.9621866941
, 2.2077071667
, 2.4608962536
, 2.7212975025
, 2.9896931648
, 3.2655713558
, 3.5445187092
, 3.8252687454
, 4.1073837280
, 4.3884286880
, 4.6719985008
, 4.9604339600
, 5.2477202415
, 5.5347080231
, 5.8218841553
, 6.1120066643
, 6.4002594948
, 6.6885867119
, 6.9745101929
, 7.2576632500
, 7.5342936516
, 7.8059163094
, 8.0743169785
, 8.3334531784
, 8.5827674866
, 8.8246374130
, 9.0588274002
, 9.2779693604
, 9.4834928513
, 9.6727647781
, 9.8463163376
, 10.0012454987
, 10.1390962601
, 10.2553062439
, 10.3453102112
, 10.4126119614
, 10.4559307098
, 10.4737281799
, 10.4705257416
, 10.4430332184
, 10.3913488388
, 10.3156080246
, 10.2186584473
, 10.1021785736
, 9.9650096893
, 9.8066768646
, 9.6297540665
, 9.4323205948
, 9.2191724777
, 8.9960327148
, 8.7614488602
, 8.5180215836
, 8.2665300369
, 8.0077810287
, 7.7459402084
, 7.4818243980
, 7.2138724327
, 6.9413218498
, 6.6672344208
, 6.3943200111
, 6.1261186600
, 5.8632988930
, 5.6077628136
, 5.3605947495
, 5.1279096603
, 4.9085664749
, 4.6996936798
, 4.5063290596
, 4.3308234215
, 4.1710586548
, 4.0305004120
, 3.9107520580
, 3.8125991821
, 3.7389538288
, 3.6882469654
, 3.6591854095
, 3.6530792713
, 3.6692843437
, 3.7080330849
, 3.7666277885
, 3.8463261127
, 3.9501199722
, 4.0782685280
, 4.2267770767
, 4.3936839104
, 4.5780715942
, 4.7769331932
, 4.9915442467
, 5.2155690193
, 5.4498295784
, 5.6945190430
, 5.9467711449
, 6.2051625252
, 6.4704608917
, 6.7423744202
, 7.0166401863
, 7.2910208702
, 7.5616154671
, 7.8271317482
, 8.0854549408
, 8.3368549347
, 8.5802583694
, 8.8168401718
, 9.0445785522
, 9.2597656250
, 9.4587507248
, 9.6385107040
, 9.7995281219
, 9.9416818619
, 10.0652427673
, 10.1697130203
, 10.2528038025
, 10.3166418076
, 10.3553562164
, 10.3684511185
, 10.3584995270
, 10.3258905411
, 10.2729072571
, 10.1985960007
, 10.1020889282
, 9.9847669601
, 9.8445281982
, 9.6868505478
, 9.5110750198
, 9.3160266876
, 9.1061973572
, 8.8837804794
, 8.6505479813
, 8.4095392227
, 8.1624622345
, 7.9086651802
, 7.6480674744
, 7.3829193115
, 7.1118268967
, 6.8404364586
, 6.5674886703
, 6.2961373329
, 6.0308799744
, 5.7717766762
, 5.5202279091
, 5.2798814774
, 5.0559172630
, 4.8458695412
, 4.6461071968
, 4.4612298012
, 4.2949461937
, 4.1486105919
, 4.0220780373
, 3.9142360687
, 3.8249931335
, 3.7576811314
, 3.7119202614
, 3.6862137318
, 3.6828732491
, 3.7036731243
, 3.7483649254
, 3.8188359737
, 3.9158589840
, 4.0354108810
, 4.1748390198
, 4.3335013390
, 4.5075240135
, 4.6956405640
, 4.8988862038
, 5.1161131859
, 5.3437147141
, 5.5800156593
, 5.8263053894
, 6.0829043388
, 6.3458042145
, 6.6152281761
, 6.8874635696
, 7.1614542007
, 7.4330692291
, 7.6992034912
, 7.9628548622
, 8.2189426422
, 8.4671182632
, 8.7083892822
, 8.9372339249
, 9.1532497406
, 9.3552246094
, 9.5427770615
, 9.7180023193
, 9.8764524460
, 10.0149354935
, 10.1308698654
, 10.2220678329
, 10.2887477875
, 10.3336420059
, 10.3589897156
, 10.3629760742
, 10.3427572250
, 10.2988462448
, 10.2318763733
, 10.1434984207
, 10.0314455032
, 9.9010095596
, 9.7498884201
, 9.5769720078
, 9.3864374161
, 9.1815986633
, 8.9664430618
, 8.7406063080
, 8.5029382706
, 8.2565202713
, 8.0052423477
, 7.7464628220
, 7.4837565422
, 7.2212076187
, 6.9556293488
, 6.6881017685
, 6.4196743965
, 6.1551923752
, 5.8994631767
, 5.6512918472
, 5.4093384743
, 5.1788339615
, 4.9594912529
, 4.7534236908
, 4.5635428429
, 4.3904371262
, 4.2310900688
, 4.0884227753
, 3.9663436413
, 3.8687553406
, 3.7920680046
, 3.7384226322
, 3.7092716694
, 3.6993715763
, 3.7095606327
, 3.7437913418
, 3.8043437004
, 3.8886609077
, 3.9939715862
, 4.1168928146
, 4.2579817772
, 4.4176316261
, 4.5968818665
, 4.7950115204
, 5.0070438385
, 5.2308311462
, 5.4664964676
, 5.7132487297
, 5.9664921761
, 6.2248024940
, 6.4891190529
, 6.7594580650
, 7.0319814682
, 7.3040399551
, 7.5714592934
, 7.8347086906
, 8.0913925171
, 8.3418445587
, 8.5847072601
, 8.8209161758
, 9.0483350754
, 9.2631731033
, 9.4620800018
, 9.6427593231
, 9.8041105270
, 9.9459133148
, 10.0671844482
, 10.1654262543
, 10.2444219589
, 10.3031301498
, 10.3405838013
, 10.3546037674
, 10.3432016373
, 10.3115406036
, 10.2567071915
, 10.1791944504
, 10.0782823563
, 9.9539222717
, 9.8101644516
, 9.6485052109
, 9.4699468613
, 9.2788324356
, 9.0763273239
, 8.8615341187
, 8.6330060959
, 8.3905868530
, 8.1375026703
, 7.8783597946
, 7.6179265976
, 7.3536677361
, 7.0866703987
, 6.8178381920
, 6.5508756638
, 6.2851433754
, 6.0197920799
, 5.7589879036
, 5.5068521500
, 5.2651777267
, 5.0381655693
, 4.8225049973
, 4.6219944954
, 4.4396691322
, 4.2753272057
, 4.1262054443
, 3.9950702190
, 3.8848483562
, 3.7985382080
, 3.7338087559
, 3.6944787502
, 3.6768352985
, 3.6814002991
, 3.7101879120
, 3.7616720200
, 3.8351635933
, 3.9290657043
, 4.0471162796
, 4.1860866547
, 4.3411283493
, 4.5140256882
, 4.7034916878
, 4.9082899094
, 5.1271123886
, 5.3551707268
, 5.5910048485
, 5.8354315758
, 6.0897989273
, 6.3536696434
, 6.6229262352
, 6.8944506645
, 7.1639137268
, 7.4311194420
, 7.6969747543
, 7.9595103264
, 8.2195186615
, 8.4763383865
, 8.7233219147
, 8.9545412064
, 9.1710577011
, 9.3723793030
, 9.5569763184
, 9.7237539291
, 9.8720636368
, 10.0021543503
, 10.1149253845
, 10.2098970413
, 10.2831697464
, 10.3334455490
, 10.3582067490
, 10.3595790863
, 10.3400678635
, 10.2978372574
, 10.2348423004
, 10.1484937668
, 10.0403499603
, 9.9102363586
, 9.7562389374
, 9.5813837051
, 9.3937482834
, 9.1925926208
, 8.9762830734
, 8.7448406219
, 8.5035152435
, 8.2535228729
, 7.9969730377
, 7.7383360863
, 7.4772548676
, 7.2111849785
, 6.9406208992
, 6.6687779427
, 6.3975071907
, 6.1316447258
, 5.8756370544
, 5.6282768250
, 5.3864154816
, 5.1516036987
, 4.9277558327
, 4.7188143730
, 4.5277061462
, 4.3560757637
, 4.2045931816
, 4.0728511810
, 3.9594841003
, 3.8636624813
, 3.7871644497
, 3.7305955887
, 3.6977789402
, 3.6863038540
, 3.7004623413
, 3.7391343117
, 3.7984197140
, 3.8782835007
, 3.9808421135
, 4.1068563461
, 4.2524333000
, 4.4164166451
, 4.5991549492
, 4.7996406555
, 5.0140566826
, 5.2436356544
, 5.4854846001
, 5.7340340614
, 5.9905509949
, 6.2527046204
, 6.5183420181
, 6.7833695412
, 7.0475234985
, 7.3130941391
, 7.5813517570
, 7.8481388092
, 8.1085166931
, 8.3614263535
, 8.6052703857
, 8.8397274017
, 9.0600042343
, 9.2675189972
, 9.4599351883
, 9.6358766556
, 9.7948579788
, 9.9362354279
, 10.0591535568
, 10.1632585526
, 10.2439947128
, 10.3015508652
, 10.3383798599
, 10.3531789780
, 10.3469848633
, 10.3174800873
, 10.2617912292
, 10.1789836884
, 10.0731668472
, 9.9461755753
, 9.8018312454
, 9.6409683228
, 9.4627380371
, 9.2671146393
, 9.0583448410
, 8.8380203247
, 8.6056833267
, 8.3619527817
, 8.1113548279
, 7.8552846909
, 7.5943412781
, 7.3306970596
, 7.0624370575
, 6.7946243286
, 6.5258469582
, 6.2577261925
, 5.9943423271
, 5.7401866913
, 5.4962840080
, 5.2604298592
, 5.0339093208
, 4.8200836182
, 4.6221752167
, 4.4424734116
, 4.2820854187
, 4.1396040916
, 4.0122809410
, 3.9061381817
, 3.8203797340
, 3.7566752434
, 3.7152261734
, 3.6981287003
, 3.7065987587
, 3.7385580540
, 3.7915081978
, 3.8648703098
, 3.9574916363
, 4.0734972954
, 4.2099738121
, 4.3624973297
, 4.5332546234
, 4.7202572823
, 4.9225482941
, 5.1404609680
, 5.3730654716
, 5.6152286530
, 5.8658642769
, 6.1270308495
, 6.3957743645
, 6.6662993431
, 6.9340190887
, 7.2019419670
, 7.4687652588
, 7.7341842651
, 7.9945187569
, 8.2501373291
, 8.4985904694
, 8.7364072800
, 8.9651365280
, 9.1829166412
, 9.3872108459
, 9.5754375458
, 9.7449808121
, 9.8944005966
, 10.0237827301
, 10.1301221848
, 10.2173681259
, 10.2841806412
, 10.3295803070
, 10.3519105911
, 10.3500976563
, 10.3267116547
, 10.2780227661
, 10.2061100006
, 10.1155872345
, 10.0068244934
