StateVariable_6=[7.0000000000
, 6.9984464645
, 6.9916768074
, 6.9814310074
, 6.9661774635
, 6.9496421814
, 6.9300265312
, 6.9081707001
, 6.8886184692
, 6.8707122803
, 6.8566517830
, 6.8413591385
, 6.8174705505
, 6.7815985680
, 6.7287817001
, 6.6536912918
, 6.5538005829
, 6.4305758476
, 6.2815980911
, 6.1109666824
, 5.9240961075
, 5.7200794220
, 5.5022172928
, 5.2736024857
, 5.0378131866
, 4.7922925949
, 4.5391035080
, 4.2787027359
, 4.0103068352
, 3.7344286442
, 3.4554812908
, 3.1747312546
, 2.8926162720
, 2.6115713120
, 2.3280014992
, 2.0395660400
, 1.7522797585
, 1.4652919769
, 1.1781158447
, 0.8879933357
, 0.5997405052
, 0.3114132881
, 0.0254898071
, -0.2576632500
, -0.5342936516
, -0.8059163094
, -1.0743169785
, -1.3334531784
, -1.5827674866
, -1.8246374130
, -2.0588274002
, -2.2779693604
, -2.4834928513
, -2.6727647781
, -2.8463163376
, -3.0012454987
, -3.1390962601
, -3.2553062439
, -3.3453102112
, -3.4126119614
, -3.4559307098
, -3.4737281799
, -3.4705257416
, -3.4430332184
, -3.3913488388
, -3.3156080246
, -3.2186584473
, -3.1021785736
, -2.9650096893
, -2.8066768646
, -2.6297540665
, -2.4323205948
, -2.2191724777
, -1.9960327148
, -1.7614488602
, -1.5180215836
, -1.2665300369
, -1.0077810287
, -0.7459402084
, -0.4818243980
, -0.2138724327
, 0.0586781502
, 0.3327655792
, 0.6056799889
, 0.8738813400
, 1.1367011070
, 1.3922371864
, 1.6394052505
, 1.8720903397
, 2.0914335251
, 2.3003063202
, 2.4936709404
, 2.6691765785
, 2.8289413452
, 2.9694995880
, 3.0892479420
, 3.1874008179
, 3.2610461712
, 3.3117530346
, 3.3408145905
, 3.3469207287
, 3.3307156563
, 3.2919669151
, 3.2333722115
, 3.1536738873
, 3.0498800278
, 2.9217314720
, 2.7732229233
, 2.6063160896
, 2.4219284058
, 2.2230668068
, 2.0084557533
, 1.7844309807
, 1.5501704216
, 1.3054809570
, 1.0532288551
, 0.7948374748
, 0.5295391083
, 0.2576255798
, -0.0166401863
, -0.2910208702
, -0.5616154671
, -0.8271317482
, -1.0854549408
, -1.3368549347
, -1.5802583694
, -1.8168401718
, -2.0445785522
, -2.2597656250
, -2.4587507248
, -2.6385107040
, -2.7995281219
, -2.9416818619
, -3.0652427673
, -3.1697130203
, -3.2528038025
, -3.3166418076
, -3.3553562164
, -3.3684511185
, -3.3584995270
, -3.3258905411
, -3.2729072571
, -3.1985960007
, -3.1020889282
, -2.9847669601
, -2.8445281982
, -2.6868505478
, -2.5110750198
, -2.3160266876
, -2.1061973572
, -1.8837804794
, -1.6505479813
, -1.4095392227
, -1.1624622345
, -0.9086651802
, -0.6480674744
, -0.3829193115
, -0.1118268967
, 0.1595635414
, 0.4325113297
, 0.7038626671
, 0.9691200256
, 1.2282233238
, 1.4797720909
, 1.7201185226
, 1.9440827370
, 2.1541304588
, 2.3538928032
, 2.5387701988
, 2.7050538063
, 2.8513894081
, 2.9779219627
, 3.0857639313
, 3.1750068665
, 3.2423188686
, 3.2880797386
, 3.3137862682
, 3.3171267509
, 3.2963268757
, 3.2516350746
, 3.1811640263
, 3.0841410160
, 2.9645891190
, 2.8251609802
, 2.6664986610
, 2.4924759865
, 2.3043594360
, 2.1011137962
, 1.8838868141
, 1.6562852859
, 1.4199843407
, 1.1736946106
, 0.9170956612
, 0.6541957855
, 0.3847718239
, 0.1125364304
, -0.1614542007
, -0.4330692291
, -0.6992034912
, -0.9628548622
, -1.2189426422
, -1.4671182632
, -1.7083892822
, -1.9372339249
, -2.1532497406
, -2.3552246094
, -2.5427770615
, -2.7180023193
, -2.8764524460
, -3.0149354935
, -3.1308698654
, -3.2220678329
, -3.2887477875
, -3.3336420059
, -3.3589897156
, -3.3629760742
, -3.3427572250
, -3.2988462448
, -3.2318763733
, -3.1434984207
, -3.0314455032
, -2.9010095596
, -2.7498884201
, -2.5769720078
, -2.3864374161
, -2.1815986633
, -1.9664430618
, -1.7406063080
, -1.5029382706
, -1.2565202713
, -1.0052423477
, -0.7464628220
, -0.4837565422
, -0.2212076187
, 0.0443706512
, 0.3118982315
, 0.5803256035
, 0.8448076248
, 1.1005368233
, 1.3487081528
, 1.5906615257
, 1.8211660385
, 2.0405087471
, 2.2465763092
, 2.4364571571
, 2.6095628738
, 2.7689099312
, 2.9115772247
, 3.0336563587
, 3.1312446594
, 3.2079319954
, 3.2615773678
, 3.2907283306
, 3.3006284237
, 3.2904393673
, 3.2562086582
, 3.1956562996
, 3.1113390923
, 3.0060284138
, 2.8831071854
, 2.7420182228
, 2.5823683739
, 2.4031181335
, 2.2049884796
, 1.9929561615
, 1.7691688538
, 1.5335035324
, 1.2867512703
, 1.0335078239
, 0.7751975060
, 0.5108809471
, 0.2405419350
, -0.0319814682
, -0.3040399551
, -0.5714592934
, -0.8347086906
, -1.0913925171
, -1.3418445587
, -1.5847072601
, -1.8209161758
, -2.0483350754
, -2.2631731033
, -2.4620800018
, -2.6427593231
, -2.8041105270
, -2.9459133148
, -3.0671844482
, -3.1654262543
, -3.2444219589
, -3.3031301498
, -3.3405838013
, -3.3546037674
, -3.3432016373
, -3.3115406036
, -3.2567071915
, -3.1791944504
, -3.0782823563
, -2.9539222717
, -2.8101644516
, -2.6485052109
, -2.4699468613
, -2.2788324356
, -2.0763273239
, -1.8615341187
, -1.6330060959
, -1.3905868530
, -1.1375026703
, -0.8783597946
, -0.6179265976
, -0.3536677361
, -0.0866703987
, 0.1821618080
, 0.4491243362
, 0.7148566246
, 0.9802079201
, 1.2410120964
, 1.4931478500
, 1.7348222733
, 1.9618344307
, 2.1774950027
, 2.3780055046
, 2.5603308678
, 2.7246727943
, 2.8737945557
, 3.0049297810
, 3.1151516438
, 3.2014617920
, 3.2661912441
, 3.3055212498
, 3.3231647015
, 3.3185997009
, 3.2898120880
, 3.2383279800
, 3.1648364067
, 3.0709342957
, 2.9528837204
, 2.8139133453
, 2.6588716507
, 2.4859743118
, 2.2965083122
, 2.0917100906
, 1.8728876114
, 1.6448292732
, 1.4089951515
, 1.1645684242
, 0.9102010727
, 0.6463303566
, 0.3770737648
, 0.1055493355
, -0.1639137268
, -0.4311194420
, -0.6969747543
, -0.9595103264
, -1.2195186615
, -1.4763383865
, -1.7233219147
, -1.9545412064
, -2.1710577011
, -2.3723793030
, -2.5569763184
, -2.7237539291
, -2.8720636368
, -3.0021543503
, -3.1149253845
, -3.2098970413
, -3.2831697464
, -3.3334455490
, -3.3582067490
, -3.3595790863
, -3.3400678635
, -3.2978372574
, -3.2348423004
, -3.1484937668
, -3.0403499603
, -2.9102363586
, -2.7562389374
, -2.5813837051
, -2.3937482834
, -2.1925926208
, -1.9762830734
, -1.7448406219
, -1.5035152435
, -1.2535228729
, -0.9969730377
, -0.7383360863
, -0.4772548676
, -0.2111849785
, 0.0593791008
, 0.3312220573
, 0.6024928093
, 0.8683552742
, 1.1243629456
, 1.3717231750
, 1.6135845184
, 1.8483963013
, 2.0722441673
, 2.2811856270
, 2.4722938538
, 2.6439242363
, 2.7954068184
, 2.9271488190
, 3.0405158997
, 3.1363375187
, 3.2128355503
, 3.2694044113
, 3.3022210598
, 3.3136961460
, 3.2995376587
, 3.2608656883
, 3.2015802860
, 3.1217164993
, 3.0191578865
, 2.8931436539
, 2.7475667000
, 2.5835833549
, 2.4008450508
, 2.2003593445
, 1.9859433174
, 1.7563643456
, 1.5145153999
, 1.2659659386
, 1.0094490051
, 0.7472953796
, 0.4816579819
, 0.2166304588
, -0.0475234985
, -0.3130941391
, -0.5813517570
, -0.8481388092
, -1.1085166931
, -1.3614263535
, -1.6052703857
, -1.8397274017
, -2.0600042343
, -2.2675189972
, -2.4599351883
, -2.6358766556
, -2.7948579788
, -2.9362354279
, -3.0591535568
, -3.1632585526
, -3.2439947128
, -3.3015508652
, -3.3383798599
, -3.3531789780
, -3.3469848633
, -3.3174800873
, -3.2617912292
, -3.1789836884
, -3.0731668472
, -2.9461755753
, -2.8018312454
, -2.6409683228
, -2.4627380371
, -2.2671146393
, -2.0583448410
, -1.8380203247
, -1.6056833267
, -1.3619527817
, -1.1113548279
, -0.8552846909
, -0.5943412781
, -0.3306970596
, -0.0624370575
, 0.2053756714
, 0.4741530418
, 0.7422738075
, 1.0056576729
, 1.2598133087
, 1.5037159920
, 1.7395701408
, 1.9660906792
, 2.1799163818
, 2.3778247833
, 2.5575265884
, 2.7179145813
, 2.8603959084
, 2.9877190590
, 3.0938618183
, 3.1796202660
, 3.2433247566
, 3.2847738266
, 3.3018712997
, 3.2934012413
, 3.2614419460
, 3.2084918022
, 3.1351296902
, 3.0425083637
, 2.9265027046
, 2.7900261879
, 2.6375026703
, 2.4667453766
, 2.2797427177
, 2.0774517059
, 1.8595390320
, 1.6269345284
, 1.3847713470
, 1.1341357231
, 0.8729691505
, 0.6042256355
, 0.3337006569
, 0.0659809113
, -0.2019419670
, -0.4687652588
, -0.7341842651
, -0.9945187569
, -1.2501373291
, -1.4985904694
, -1.7364072800
, -1.9651365280
, -2.1829166412
, -2.3872108459
, -2.5754375458
, -2.7449808121
, -2.8944005966
, -3.0237827301
