StateVariable_7=[0.0000000000
, 0.0070166420
, 0.0080530141
, 0.0058860434
, 0.0070191193
, 0.0069030826
, 0.0069182427
, 0.0069081704
, 0.0068886187
, 0.0068823919
, 0.0068504852
, 0.0068358853
, 0.0068174703
, 0.0067815986
, 0.0067287819
, 0.0066536912
, 0.0065538008
, 0.0065167397
, 0.0071616527
, 0.0051833210
, 0.0059187626
, 0.0057200794
, 0.0054978202
, 0.0052778167
, 0.0050378134
, 0.0048004463
, 0.0045277537
, 0.0042787027
, 0.0040103067
, 0.0037344287
, 0.0034554813
, 0.0031772684
, 0.0028903047
, 0.0055632438
, 0.0078949751
, 0.0099329073
, 0.0116939507
, 0.0131544070
, 0.0143314628
, 0.0152187450
, 0.0158139877
, 0.0161277354
, 0.0161530543
, 0.0158936661
, 0.0153589444
, 0.0145590724
, 0.0134937791
, 0.0121725956
, 0.0105871353
, 0.0087473588
, 0.0067039719
, 0.0044278186
, 0.0019465615
, -0.0007240621
, -0.0035703785
, -0.0065716240
, -0.0097107198
, -0.0098269302
, -0.0099196136
, -0.0099815018
, -0.0100303236
, -0.0100453524
, -0.0100421496
, -0.0100146569
, -0.0099629732
, -0.0099150706
, -0.0097713005
, -0.0096635548
, -0.0095390091
, -0.0123482123
, -0.0149755990
, -0.0174079202
, -0.0196270924
, -0.0216231253
, -0.0233831629
, -0.0249023996
, -0.0261689313
, -0.0271767117
, -0.0279226508
, -0.0284044761
, -0.0286183488
, -0.0285590775
, -0.0282288399
, -0.0276246760
, -0.0267507955
, -0.0256140940
, -0.0242229719
, -0.0225822534
, -0.0207101628
, -0.0186187290
, -0.0163184237
, -0.0138205094
, -0.0111534717
, -0.0083270771
, -0.0053575770
, -0.0022683293
, -0.0021673068
, -0.0020202247
, -0.0020458242
, -0.0020080712
, -0.0020220196
, -0.0020378646
, -0.0020382844
, -0.0021242050
, -0.0022275550
, -0.0022976452
, 0.0006094858
, 0.0033943667
, 0.0059876386
, 0.0084073870
, 0.0106137814
, 0.0126019483
, 0.0143849505
, 0.0159481429
, 0.0172437020
, 0.0182978790
, 0.0190920010
, 0.0196211170
, 0.0198791809
, 0.0198625680
, 0.0195715483
, 0.0190094821
, 0.0181830134
, 0.0170975588
, 0.0157607030
, 0.0141804451
, 0.0123636052
, 0.0103173880
, 0.0080594327
, 0.0055780406
, 0.0029593380
, 0.0001623302
, -0.0027793518
, -0.0058421623
, -0.0090118749
, -0.0090949666
, -0.0091588041
, -0.0091975182
, -0.0092106136
, -0.0092006614
, -0.0091680530
, -0.0091176666
, -0.0090382202
, -0.0089442516
, -0.0088269291
, -0.0116998870
, -0.0143598840
, -0.0168792345
, -0.0191894658
, -0.0212956630
, -0.0233770609
, -0.0248559453
, -0.0262642149
, -0.0274257548
, -0.0283351410
, -0.0289832093
, -0.0293658245
, -0.0294777397
, -0.0293183029
, -0.0288857911
, -0.0281813703
, -0.0272016767
, -0.0258023664
, -0.0245460402
, -0.0228259228
, -0.0208802968
, -0.0187278762
, -0.0163739827
, -0.0138352122
, -0.0111280121
, -0.0082766227
, -0.0052987011
, -0.0022129370
, -0.0021262134
, -0.0020538094
, -0.0020132302
, -0.0019849148
, -0.0018926937
, -0.0019967407
, -0.0020607598
, -0.0021280218
, -0.0022379959
, -0.0022917257
, 0.0005357201
, 0.0031931454
, 0.0056898431
, 0.0079769380
, 0.0100956848
, 0.0119620655
, 0.0136198420
, 0.0150325680
, 0.0161925443
, 0.0171080716
, 0.0177682880
, 0.0182089284
, 0.0183040891
, 0.0181424897
, 0.0177094210
, 0.0170108471
, 0.0160487555
, 0.0148277488
, 0.0133619513
, 0.0116535621
, 0.0097178649
, 0.0075646155
, 0.0052093910
, 0.0026666138
, -0.0000535452
, -0.0029299976
, -0.0059778262
, -0.0095419995
, -0.0087217167
, -0.0092665739
, -0.0093254568
, -0.0093281027
, -0.0093297185
, -0.0093289483
, -0.0092740050
, -0.0092067933
, -0.0091213249
, -0.0090144528
, -0.0119131161
, -0.0146605289
, -0.0172398202
, -0.0196262579
, -0.0218316242
, -0.0240702480
, -0.0255509689
, -0.0270513613
, -0.0283078831
, -0.0293148272
, -0.0300606173
, -0.0305443741
, -0.0307657812
, -0.0307214502
, -0.0304095522
, -0.0298292264
, -0.0289844181
, -0.0278838817
, -0.0265328698
, -0.0249434933
, -0.0230735037
, -0.0210295375
, -0.0187867675
, -0.0163646974
, -0.0137660848
, -0.0109670078
, -0.0080528101
, -0.0050394749
, -0.0018950909
, -0.0018613528
, -0.0017505251
, -0.0017457838
, -0.0017695178
, -0.0017737377
, -0.0017914146
, -0.0018681019
, -0.0018994606
, -0.0016123749
, 0.0008380199
, 0.0035847242
, 0.0061647282
, 0.0085678464
, 0.0107710855
, 0.0127640413
, 0.0145332105
, 0.0160667133
, 0.0173534658
, 0.0183869731
, 0.0191621706
, 0.0196730513
, 0.0199135933
, 0.0198816117
, 0.0195747800
, 0.0190081149
, 0.0181719810
, 0.0170833189
, 0.0157414749
, 0.0141567672
, 0.0123358509
, 0.0102858907
, 0.0080227181
, 0.0055606379
, 0.0029199752
, 0.0001158648
, -0.0028300486
, -0.0058996668
, -0.0090625817
, -0.0091440883
, -0.0092331385
, -0.0092122154
, -0.0092626652
, -0.0092318496
, -0.0092112068
, -0.0091563743
, -0.0090788612
, -0.0089779487
, -0.0088559324
, -0.0116638672
, -0.0143123725
, -0.0167823192
, -0.0190629605
, -0.0211376399
, -0.0229991749
, -0.0246321801
, -0.0260576513
, -0.0271999445
, -0.0280754082
, -0.0286902431
, -0.0290429927
, -0.0291301049
, -0.0289488714
, -0.0284963343
, -0.0277802553
, -0.0268066283
, -0.0255625118
, -0.0240793880
, -0.0223372597
, -0.0203985963
, -0.0182411019
, -0.0158571452
, -0.0132709527
, -0.0105784591
, -0.0077020335
, -0.0046971035
, -0.0015872756
, -0.0014956418
, -0.0014309123
, -0.0013915823
, -0.0013739389
, -0.0013758707
, -0.0014072915
, -0.0014613450
, -0.0015322672
, -0.0016261693
, 0.0013267144
, 0.0041406280
, 0.0068239234
, 0.0092870621
, 0.0115874950
, 0.0136772897
, 0.0155501775
, 0.0171937011
, 0.0186026972
, 0.0197672658
, 0.0206797440
, 0.0213244576
, 0.0217018295
, 0.0218072962
, 0.0216433816
, 0.0212119203
, 0.0205149464
, 0.0195561964
, 0.0183233917
, 0.0168619659
, 0.0151356990
, 0.0131860487
, 0.0110149914
, 0.0086407298
, 0.0060857823
, 0.0033598673
, 0.0004878035
, -0.0025119688
, -0.0056268941
, -0.0057273516
, -0.0057895277
, -0.0058480594
, -0.0058701755
, -0.0058746235
, -0.0059274654
, -0.0058292300
, -0.0057332865
, -0.0056497012
, -0.0055371951
, -0.0084718550
, -0.0112071494
, -0.0138101969
, -0.0162099358
, -0.0183860678
, -0.0203688648
, -0.0220946949
, -0.0236096364
, -0.0248495024
, -0.0258364044
, -0.0265747402
, -0.0270588249
, -0.0272669885
, -0.0272075068
, -0.0268768519
, -0.0262743589
, -0.0254023466
, -0.0242816899
, -0.0229099654
, -0.0212978590
, -0.0194494631
, -0.0173772182
, -0.0150960330
, -0.0126175517
, -0.0099778231
, -0.0071849762
, -0.0042528249
, -0.0011767705
, 0.0023857788
, 0.0015564143
, 0.0020926339
, 0.0021254504
, 0.0021425886
, 0.0021227670
, 0.0020759350
, 0.0020248096
, 0.0019502809
, 0.0018396232
, 0.0047377110
, 0.0074784025
, 0.0100619858
, 0.0124647357
, 0.0146671096
, 0.0166796595
, 0.0186760984
, 0.0199619196
, 0.0212290455
, 0.0222375691
, 0.0229848642
, 0.0234661400
, 0.0236827713
, 0.0236352477
, 0.0233219042
, 0.0227405541
, 0.0218930878
, 0.0207845699
, 0.0194220636
, 0.0178167932
, 0.0159770660
, 0.0138738099
, 0.0115928669
, 0.0091371350
, 0.0065123593
, 0.0037291865
, 0.0007756569
, -0.0022731340
, -0.0054521277
, -0.0055282167
, -0.0055581611
, -0.0056141624
, -0.0056095305
, -0.0056171566
, -0.0055627725
, -0.0055104378
, -0.0059480579
, -0.0049107606
, -0.0082496637
, -0.0106474832
, -0.0132749919
, -0.0157357752
, -0.0180028901
, -0.0200612359
, -0.0218992550
, -0.0235049389
, -0.0248668920
, -0.0259782467
, -0.0268342104
, -0.0274285506
, -0.0277592484
, -0.0278220531
, -0.0276180506
, -0.0271379203
, -0.0262966342
, -0.0254352819
, -0.0241786204
, -0.0226749051
, -0.0209323615
, -0.0189680699
, -0.0167881548
, -0.0144122159
, -0.0118526602
, -0.0091347462
, -0.0062766196
, -0.0032889005
, -0.0001950387
, -0.0001092803
, -0.0000430023
, 0.0000454937
, 0.0004451523
, -0.0004789362
, -0.0000274586
, -0.0000778629
, -0.0001562584
, -0.0002463922
, 0.0026801105
, 0.0054701366
, 0.0081142392
, 0.0105767697
, 0.0128565123
, 0.0149358660
, 0.0167937018
, 0.0184221268
, 0.0198068973
, 0.0209647082
, 0.0218464956
, 0.0224471614
, 0.0227794573
, 0.0228451621
, 0.0226423759
, 0.0221755709
, 0.0214345530
, 0.0204400327
, 0.0191963054
, 0.0176939648
, 0.0159691628
, 0.0140022868
, 0.0118284971
, 0.0094513400
