velocity=[0.0000000000
, 0.0000000000
, 0.0008370881
, 0.0059588416
, 0.0179041177
, 0.0393569730
, 0.0726877898
, 0.1190754175
, 0.1807339340
, 0.2584969401
, 0.3525622487
, 0.4624604881
, 0.5883363485
, 0.7292218208
, 0.8841704130
, 1.0526399612
, 1.2331070900
, 1.4245871305
, 1.6264808178
, 1.8379144669
, 2.0584883690
, 2.2881708145
, 2.5259585381
, 2.7708353996
, 3.0208973885
, 3.2752265930
, 3.5336098671
, 3.7962162495
, 4.0629119873
, 4.3330831528
, 4.6054811478
, 4.8788189888
, 5.1535978317
, 5.4297947884
, 5.7067513466
, 5.9828968048
, 6.2577271461
, 6.5302414894
, 6.7998085022
, 7.0653038025
, 7.3266091347
, 7.5811476707
, 7.8263854980
, 8.0609645844
, 8.2825412750
, 8.4882316589
, 8.6748943329
, 8.8386077881
, 8.9769544601
, 9.0884284973
, 9.1731243134
, 9.2309713364
, 9.2616252899
, 9.2652177811
, 9.2429933548
, 9.1949377060
, 9.1229324341
, 9.0296449661
, 8.9158658981
, 8.7835426331
, 8.6341257095
, 8.4688768387
, 8.2899808884
, 8.0992803574
, 7.8975501060
, 7.6850948334
, 7.4624080658
, 7.2316398621
, 6.9955973625
, 6.7562150955
, 6.5159373283
, 6.2780289650
, 6.0466160774
, 5.8243856430
, 5.6160902977
, 5.4249987602
, 5.2533884048
, 5.1051855087
, 4.9831433296
, 4.8879165649
, 4.8192882538
, 4.7782692909
, 4.7642226219
, 4.7763047218
, 4.8141460419
, 4.8769149780
, 4.9624757767
, 5.0691728592
, 5.1955356598
, 5.3403882980
, 5.5015716553
, 5.6772236824
, 5.8652987480
, 6.0650029182
, 6.2739858627
, 6.4898438454
, 6.7109823227
, 6.9353528023
, 7.1616363525
, 7.3879232407
, 7.6118245125
, 7.8307905197
, 8.0419273376
, 8.2417325974
, 8.4260673523
, 8.5920419693
, 8.7367086411
, 8.8575792313
, 8.9534673691
, 9.0226078033
, 9.0657835007
, 9.0827007294
, 9.0731868744
, 9.0386981964
, 8.9803962708
, 8.8994712830
, 8.7978668213
, 8.6759786606
, 8.5358800888
, 8.3802604675
, 8.2097616196
, 8.0261201859
, 7.8305201530
, 7.6239461899
, 7.4083862305
, 7.1854186058
, 6.9570693970
, 6.7253441811
, 6.4936904907
, 6.2642951012
, 6.0399956703
, 5.8258790970
, 5.6246314049
, 5.4394454956
, 5.2740097046
, 5.1318249702
, 5.0157265663
, 4.9263348579
, 4.8641233444
, 4.8296236992
, 4.8228101730
, 4.8422789574
, 4.8874382973
, 4.9569039345
, 5.0492143631
, 5.1619572639
, 5.2932229042
, 5.4414567947
, 5.6055445671
, 5.7831821442
, 5.9729318619
, 6.1738295555
, 6.3838429451
, 6.6015496254
, 6.8243942261
, 7.0493941307
, 7.2739925385
, 7.4969096184
, 7.7170457840
, 7.9308590889
, 8.1341152191
, 8.3245983124
, 8.4978799820
, 8.6516885757
, 8.7842350006
, 8.8924331665
, 8.9759597778
, 9.0334930420
, 9.0651378632
, 9.0711145401
, 9.0514535904
, 9.0066537857
, 8.9387474060
, 8.8491754532
, 8.7387351990
, 8.6088552475
, 8.4619073868
, 8.2996368408
, 8.1233720779
, 7.9350013733
, 7.7346520424
, 7.5239820480
, 7.3055853844
, 7.0809888840
, 6.8509960175
, 6.6180381775
, 6.3861904144
, 6.1581540108
, 5.9376416206
, 5.7284903526
, 5.5356841087
, 5.3617930412
, 5.2085733414
, 5.0784726143
, 4.9739017487
, 4.8964629173
, 4.8463487625
, 4.8246831894
, 4.8302822113
, 4.8610095978
, 4.9163832664
, 4.9947280884
, 5.0946011543
, 5.2145791054
, 5.3525452614
, 5.5079793930
, 5.6787867546
, 5.8628139496
, 6.0571508408
, 6.2608737946
, 6.4733591080
, 6.6927561760
, 6.9165058136
, 7.1425561905
, 7.3678483963
, 7.5913443565
, 7.8092694283
, 8.0191917419
, 8.2180004120
, 8.4030094147
, 8.5707511902
, 8.7180252075
, 8.8423099518
, 8.9407234192
, 9.0127534866
, 9.0581493378
, 9.0767908096
, 9.0697965622
, 9.0383348465
, 8.9829378128
, 8.9045705795
, 8.8055334091
, 8.6875772476
, 8.5516290665
, 8.3983669281
, 8.2289056778
, 8.0454225540
, 7.8498630524
, 7.6443252563
, 7.4294910431
, 7.2059259415
, 6.9761343002
, 6.7424478531
, 6.5086612701
, 6.2770414352
, 6.0501527786
, 5.8322978020
, 5.6281633377
, 5.4410381317
, 5.2744426727
, 5.1313152313
, 5.0127887726
, 4.9200696945
, 4.8542943001
, 4.8160123825
, 4.8054866791
, 4.8223676682
, 4.8652162552
, 4.9323530197
, 5.0215468407
, 5.1320958138
, 5.2620391846
, 5.4095954895
, 5.5724444389
, 5.7487111092
, 5.9369320869
, 6.1348810196
, 6.3412404060
, 6.5551328659
, 6.7749128342
, 6.9987020493
, 7.2236089706
, 7.4475903511
, 7.6685843468
, 7.8839087486
, 8.0897073746
, 8.2828836441
, 8.4600896835
, 8.6190557480
, 8.7571973801
, 8.8718347549
, 8.9610176086
, 9.0242185593
, 9.0599346161
, 9.0688781738
, 9.0531225204
, 9.0134611130
, 8.9504613876
, 8.8656263351
, 8.7598686218
, 8.6340503693
, 8.4902362823
, 8.3301591873
, 8.1550369263
, 7.9668855667
, 7.7661108971
, 7.5545563698
, 7.3349275589
, 7.1084656715
, 6.8766136169
, 6.6416101456
, 6.4066872597
, 6.1758880615
, 5.9522466660
, 5.7403821945
, 5.5430197716
, 5.3642868996
, 5.2069358826
, 5.0735306740
, 4.9664659500
, 4.8872647285
, 4.8355679512
, 4.8110313416
, 4.8135108948
, 4.8424563408
, 4.8958168030
, 4.9719815254
, 5.0697927475
, 5.1878108978
, 5.3240861893
, 5.4768834114
, 5.6451911926
, 5.8279118538
, 6.0228409767
, 6.2281904221
, 6.4414606094
, 6.6608390808
, 6.8842992783
, 7.1105723381
, 7.3376173973
, 7.5628881454
, 7.7834367752
, 7.9956755638
, 8.1976881027
, 8.3858327866
, 8.5558948517
, 8.7059507370
, 8.8330078125
, 8.9354963303
, 9.0119419098
, 9.0611085892
, 9.0826921463
, 9.0778541565
, 9.0478754044
, 8.9941625595
, 8.9187345505
, 8.8218803406
, 8.7047433853
, 8.5691995621
, 8.4179735184
, 8.2524471283
, 8.0733575821
, 7.8813643456
, 7.6773552895
, 7.4633526802
, 7.2409281731
, 7.0123195648
, 6.7794570923
, 6.5460276604
, 6.3143038750
, 6.0868148804
, 5.8678236008
, 5.6622076035
, 5.4731354713
, 5.3029317856
, 5.1551799774
, 5.0313410759
, 4.9337224960
, 4.8633584976
, 4.8201117516
, 4.8047547340
, 4.8163666725
, 4.8534770012
, 4.9142427444
, 4.9982180595
, 5.1036262512
, 5.2288427353
, 5.3726172447
, 5.5324726105
, 5.7065715790
, 5.8934984207
, 6.0912551880
, 6.2987804413
, 6.5138597488
, 6.7342572212
, 6.9582443237
, 7.1843323708
, 7.4104132652
, 7.6341080666
, 7.8527855873
, 8.0635490417
, 8.2626466751
, 8.4460515976
, 8.6109714508
, 8.7544784546
, 8.8741493225
, 8.9688262939
, 9.0367021561
, 9.0784416199
, 9.0940027237
, 9.0832223892
, 9.0475854874
, 8.9886951447
, 8.9085721970
, 8.8070878983
, 8.6846771240
, 8.5436801910
, 8.3870382309
, 8.2155656815
, 8.0309610367
, 7.8344392776
, 7.6270270348
, 7.4107389450
, 7.1871223450
, 6.9580535889
, 6.7253460884
, 6.4926948547
, 6.2623429298
, 6.0372223854
, 5.8224358559
, 5.6207137108
, 5.4351191521
, 5.2694063187
, 5.1271781921
, 5.0110511780
, 4.9217815399
, 4.8599047661
, 4.8256869316
, 4.8179178238
, 4.8356418610
, 4.8786606789
, 4.9450397491
, 5.0338664055
, 5.1432056427
, 5.2713685036
, 5.4170694351
, 5.5792517662
, 5.7559762001
, 5.9454054832
, 6.1448335648
, 6.3526787758
, 6.5679249763
, 6.7888870239
, 7.0142741203
, 7.2419557571
, 7.4693946838
, 7.6938047409
, 7.9116711617
, 8.1190376282
, 8.3128051758
, 8.4900569916
, 8.6483535767
, 8.7838373184
, 8.8949089050
, 8.9813070297
, 9.0414457321
, 9.0753164291
, 9.0830163956
, 9.0649566650
, 9.0228967667
, 8.9583625793
, 8.8720474243
, 8.7641649246
, 8.6363868713
, 8.4910478592
, 8.3302192688
, 8.1562013626
, 7.9693164825
, 7.7709074020
, 7.5619263649
, 7.3432254791
, 7.1171150208
, 6.8864216805
, 6.6529331207
, 6.4193706512
, 6.1897072792
, 5.9667396545
, 5.7554960251
, 5.5594000816
, 5.3806710243
, 5.2221488953
, 5.0870289803
, 4.9780488014
, 4.8969259262
, 4.8435192108
, 4.8173975945
, 4.8180398941
, 4.8438858986
, 4.8949031830
, 4.9699006081
, 5.0671262741
, 5.1840190887
, 5.3188223839
, 5.4701051712
, 5.6361260414
, 5.8151211739
, 6.0057563782
, 6.2070889473
, 6.4170289040
, 6.6339197159
, 6.8552823067
, 7.0784840584
, 7.3024754524
, 7.5262556076
, 7.7457199097
, 7.9585771561
, 8.1620740891
, 8.3517303467
, 8.5243930817
, 8.6777868271
, 8.8082866669
, 8.9142274857
, 8.9942331314
, 9.0475864410
, 9.0750694275
, 9.0771894455
, 9.0541305542
, 9.0064573288
, 8.9361543655
, 8.8446302414
, 8.7329511642
, 8.6022720337
, 8.4544525146
, 8.2902212143
, 8.1124849319
, 7.9220814705
, 7.7202501297
, 7.5089468956
, 7.2888622284
, 7.0608344078
, 6.8281192780
, 6.5933279991
