torque=[5.0000000000
, 5.0000000000
, 5.0000000000
, 5.0000000000
, 5.0000000000
, 5.0000000000
, 5.0000000000
, 5.0000000000
, 5.0000000000
, 5.0000000000
, 5.0000000000
, 5.0000000000
, 5.0000000000
, 5.0000000000
, 5.0000000000
, 5.0000000000
, 5.0000000000
, 5.0000000000
, 5.0000000000
, 5.0000000000
, 5.0000000000
, 5.0000000000
, 5.0000000000
, 5.0000000000
, 5.0000000000
, 5.0000000000
, 5.0000000000
, 5.0000000000
, 5.0000000000
, 5.0000000000
, 5.0000000000
, 5.0000000000
, 5.0000000000
, 5.0000000000
, 5.0000000000
, 4.8312401772
, 3.5257959366
, 2.2313528061
, 0.9509096146
, -0.3101930618
, -1.5513933897
, -2.7604513168
, -3.9253311157
, -5.0000000000
, -5.0000000000
, -5.0000000000
, -5.0000000000
, -5.0000000000
, -5.0000000000
, -5.0000000000
, -5.0000000000
, -5.0000000000
, -5.0000000000
, -5.0000000000
, -5.0000000000
, -5.0000000000
, -5.0000000000
, -5.0000000000
, -5.0000000000
, -5.0000000000
, -5.0000000000
, -5.0000000000
, -5.0000000000
, -5.0000000000
, -4.2633628845
, -3.2542004585
, -2.1964383125
, -1.1002893448
, 0.0209125280
, 1.1579782963
, 2.2992978096
, 3.4293622971
, 4.5285735130
, 5.0000000000
, 5.0000000000
, 5.0000000000
, 5.0000000000
, 5.0000000000
, 5.0000000000
, 5.0000000000
, 5.0000000000
, 5.0000000000
, 5.0000000000
, 5.0000000000
, 5.0000000000
, 5.0000000000
, 5.0000000000
, 5.0000000000
, 5.0000000000
, 5.0000000000
, 5.0000000000
, 5.0000000000
, 5.0000000000
, 4.4412360191
, 3.4485671520
, 2.4232416153
, 1.3728339672
, 0.3070741892
, -0.7677726746
, -1.8426353931
, -2.9061665535
, -3.9462549686
, -4.9491548538
, -5.0000000000
, -5.0000000000
, -5.0000000000
, -5.0000000000
, -5.0000000000
, -5.0000000000
, -5.0000000000
, -5.0000000000
, -5.0000000000
, -5.0000000000
, -5.0000000000
, -5.0000000000
, -5.0000000000
, -5.0000000000
, -5.0000000000
, -5.0000000000
, -5.0000000000
, -5.0000000000
, -4.8740711212
, -3.9449706078
, -2.9637444019
, -1.9398345947
, -0.8807383776
, 0.2039203644
, 1.3046151400
, 2.4049701691
, 3.4945983887
, 4.5600204468
, 5.0000000000
, 5.0000000000
, 5.0000000000
, 5.0000000000
, 5.0000000000
, 5.0000000000
, 5.0000000000
, 5.0000000000
, 5.0000000000
, 5.0000000000
, 5.0000000000
, 5.0000000000
, 5.0000000000
, 5.0000000000
, 5.0000000000
, 5.0000000000
, 5.0000000000
, 5.0000000000
, 5.0000000000
, 4.8785734177
, 3.9243097305
, 2.9267458916
, 1.8926392794
, 0.8341274261
, -0.2346221209
, -1.3014645576
, -2.3603205681
, -3.4059674740
, -4.4215807915
, -5.0000000000
, -5.0000000000
, -5.0000000000
, -5.0000000000
, -5.0000000000
, -5.0000000000
, -5.0000000000
, -5.0000000000
, -5.0000000000
, -5.0000000000
, -5.0000000000
, -5.0000000000
, -5.0000000000
, -5.0000000000
, -5.0000000000
, -5.0000000000
, -5.0000000000
, -5.0000000000
, -5.0000000000
, -4.4412565231
, -3.4895973206
, -2.4889147282
, -1.4515305758
, -0.3846971989
, 0.7077689171
, 1.8143186569
, 2.9155955315
, 3.9987683296
, 5.0000000000
, 5.0000000000
, 5.0000000000
, 5.0000000000
, 5.0000000000
, 5.0000000000
, 5.0000000000
, 5.0000000000
, 5.0000000000
, 5.0000000000
, 5.0000000000
, 5.0000000000
, 5.0000000000
, 5.0000000000
, 5.0000000000
, 5.0000000000
, 5.0000000000
, 5.0000000000
, 5.0000000000
, 5.0000000000
, 4.4785337448
, 3.5108494759
, 2.5015442371
, 1.4594081640
, 0.3965973854
, -0.6771419048
, -1.7472798824
, -2.8088855743
, -3.8440299034
, -4.8411607742
, -5.0000000000
, -5.0000000000
, -5.0000000000
, -5.0000000000
, -5.0000000000
, -5.0000000000
, -5.0000000000
, -5.0000000000
, -5.0000000000
, -5.0000000000
, -5.0000000000
, -5.0000000000
, -5.0000000000
, -5.0000000000
, -5.0000000000
, -5.0000000000
, -5.0000000000
, -5.0000000000
, -4.9657573700
, -4.0368494987
, -3.0605449677
, -2.0400824547
, -0.9781482220
, 0.1133620739
, 1.2233726978
, 2.3338589668
, 3.4340531826
, 4.5117740631
, 5.0000000000
, 5.0000000000
, 5.0000000000
, 5.0000000000
, 5.0000000000
, 5.0000000000
, 5.0000000000
, 5.0000000000
, 5.0000000000
, 5.0000000000
, 5.0000000000
, 5.0000000000
, 5.0000000000
, 5.0000000000
, 5.0000000000
, 5.0000000000
, 5.0000000000
, 5.0000000000
, 5.0000000000
, 5.0000000000
, 4.1093149185
, 3.1291079521
, 2.1131188869
, 1.0691640377
, 0.0061652660
, -1.0621426105
, -2.1260542870
, -3.1757755280
, -4.1985664368
, -5.0000000000
, -5.0000000000
, -5.0000000000
, -5.0000000000
, -5.0000000000
, -5.0000000000
, -5.0000000000
, -5.0000000000
, -5.0000000000
, -5.0000000000
, -5.0000000000
, -5.0000000000
, -5.0000000000
, -5.0000000000
, -5.0000000000
, -5.0000000000
, -5.0000000000
, -5.0000000000
, -5.0000000000
, -4.5927066803
, -3.6390266418
, -2.6341428757
, -1.5909059048
, -0.5152119398
, 0.5860853195
, 1.7023518085
, 2.8182353973
, 3.9145317078
, 4.9768285751
, 5.0000000000
, 5.0000000000
, 5.0000000000
, 5.0000000000
, 5.0000000000
, 5.0000000000
, 5.0000000000
, 5.0000000000
, 5.0000000000
, 5.0000000000
, 5.0000000000
, 5.0000000000
, 5.0000000000
, 5.0000000000
, 5.0000000000
, 5.0000000000
, 5.0000000000
, 5.0000000000
, 5.0000000000
, 4.6415052414
, 3.6660954952
, 2.6530621052
, 1.6110143661
, 0.5495784283
, -0.5252186060
, -1.6036826372
, -2.6737186909
, -3.7213246822
, -4.7294588089
, -5.0000000000
, -5.0000000000
, -5.0000000000
, -5.0000000000
, -5.0000000000
, -5.0000000000
, -5.0000000000
, -5.0000000000
, -5.0000000000
, -5.0000000000
, -5.0000000000
, -5.0000000000
, -5.0000000000
, -5.0000000000
, -5.0000000000
, -5.0000000000
, -5.0000000000
, -5.0000000000
, -5.0000000000
, -4.1864805222
, -3.2174377441
, -2.2009253502
, -1.1444088221
, -0.0585179329
, 1.0475788116
, 2.1563687325
, 3.2570567131
, 4.3376293182
, 5.0000000000
, 5.0000000000
, 5.0000000000
, 5.0000000000
, 5.0000000000
, 5.0000000000
, 5.0000000000
, 5.0000000000
, 5.0000000000
, 5.0000000000
, 5.0000000000
, 5.0000000000
, 5.0000000000
, 5.0000000000
, 5.0000000000
, 5.0000000000
, 5.0000000000
, 5.0000000000
, 5.0000000000
, 5.0000000000
, 4.3165378571
, 3.3307929039
, 2.3091661930
, 1.2622781992
, 0.1983394623
, -0.8755787611
, -1.9494630098
, -3.0120134354
, -4.0507316589
, -5.0000000000
, -5.0000000000
, -5.0000000000
, -5.0000000000
, -5.0000000000
, -5.0000000000
, -5.0000000000
, -5.0000000000
, -5.0000000000
, -5.0000000000
, -5.0000000000
, -5.0000000000
, -5.0000000000
, -5.0000000000
, -5.0000000000
, -5.0000000000
, -5.0000000000
, -5.0000000000
, -5.0000000000
, -4.8970651627
, -3.9635865688
, -2.9783782959
, -1.9510099888
, -0.8888311386
, 0.1992454529
, 1.3046060801
, 2.4096994400
, 3.5038709641
, 4.5731935501
, 5.0000000000
, 5.0000000000
, 5.0000000000
, 5.0000000000
, 5.0000000000
, 5.0000000000
, 5.0000000000
, 5.0000000000
, 5.0000000000
, 5.0000000000
, 5.0000000000
, 5.0000000000
, 5.0000000000
, 5.0000000000
, 5.0000000000
, 5.0000000000
, 5.0000000000
, 5.0000000000
, 5.0000000000
, 5.0000000000
, 4.0620403290
, 3.0747756958
, 2.0523562431
, 1.0027866364
, -0.0678020716
, -1.1492898464
, -2.2296247482
, -3.2955725193
, -4.3304381371
, -5.0000000000
, -5.0000000000
, -5.0000000000
, -5.0000000000
, -5.0000000000
, -5.0000000000
, -5.0000000000
, -5.0000000000
, -5.0000000000
, -5.0000000000
, -5.0000000000
, -5.0000000000
, -5.0000000000
, -5.0000000000
, -5.0000000000
, -5.0000000000
, -5.0000000000
, -5.0000000000
, -5.0000000000
, -4.6042532921
, -3.6618101597
, -2.6691503525
, -1.6303210258
, -0.5562963486
, 0.5394970179
, 1.6485676765
, 2.7579894066
, 3.8488903046
, 4.9079866409
, 5.0000000000
, 5.0000000000
, 5.0000000000
, 5.0000000000
, 5.0000000000
, 5.0000000000
, 5.0000000000
, 5.0000000000
, 5.0000000000
, 5.0000000000
, 5.0000000000
, 5.0000000000
, 5.0000000000
, 5.0000000000
, 5.0000000000
, 5.0000000000
, 5.0000000000
, 5.0000000000
, 5.0000000000
, 4.7226572037
, 3.7663273811
, 2.7691125870
, 1.7388813496
, 0.6874090433
, -0.3727992773
, -1.4367583990
, -2.4997141361
, -3.5421695709
, -4.5532417297
, -5.0000000000
, -5.0000000000
, -5.0000000000
, -5.0000000000
, -5.0000000000
, -5.0000000000
, -5.0000000000
, -5.0000000000
, -5.0000000000
, -5.0000000000
