time=[0.0000000000
, 0.9975000024
, 1.9974999428
, 2.9965999126
, 3.9965999126
, 4.9966001511
, 6.0335001945
, 6.9983000755
, 7.9991002083
, 8.9966001511
, 9.9975004196
, 10.9966001511
, 11.9958000183
, 12.9958000183
, 13.9958000183
, 14.9958000183
, 15.9958000183
, 16.9958000183
, 17.9958000183
, 18.9958000183
, 19.9965991974
, 20.9958000183
, 22.0083999634
, 22.9965991974
, 23.9974994659
, 24.9958000183
, 25.9958000183
, 26.9958000183
, 27.9958000183
, 28.9965991974
, 29.9965991974
, 30.9958000183
, 31.9958000183
, 32.9958000183
, 33.9958000183
, 34.9966011047
, 35.9958000183
, 36.9958000183
, 38.0066986084
, 39.0167999268
, 40.0234985352
, 41.0192985535
, 42.0218009949
, 43.0192985535
, 44.0134010315
, 45.0200996399
, 46.0141983032
, 47.0242996216
, 48.0251007080
, 49.0158996582
, 50.0183982849
, 51.0158996582
, 52.0008010864
, 52.9958000183
, 54.0293006897
, 54.9966011047
, 55.9975013733
, 56.9958000183
, 57.9958000183
, 58.9958000183
, 59.9966011047
, 60.9958000183
, 61.9958000183
, 62.9958000183
, 63.9958000183
, 64.9965972900
, 65.9957962036
, 66.9957962036
, 67.9965972900
, 69.0025024414
, 70.3272018433
, 70.9974975586
, 72.1199035645
, 72.9982986450
, 73.9982986450
, 74.9965972900
, 75.9957962036
, 76.9957962036
, 77.9957962036
, 78.9965972900
, 79.9965972900
, 80.9957962036
, 81.9957962036
, 82.9957962036
, 83.9957962036
, 84.9957962036
, 86.0453033447
, 86.9965972900
, 87.9965972900
, 88.9974975586
, 89.9965972900
, 90.9965972900
, 91.9957962036
, 92.9957962036
, 93.9957962036
, 94.9957962036
, 95.9957962036
, 96.9957962036
, 97.9957962036
, 98.9974975586
, 99.9965972900
, 100.9982986450
, 102.0126037598
, 103.0150985718
, 104.0225982666
, 105.0201034546
, 106.0193023682
, 107.0193023682
, 108.0150985718
, 109.0208969116
, 110.0083999634
, 111.0217971802
, 112.0217971802
, 113.0208969116
, 114.0184020996
, 115.0083999634
, 115.9990997314
, 116.9965972900
, 118.0772018433
, 118.9990997314
, 120.1510009766
, 120.9965972900
, 121.9957962036
, 122.9982986450
, 123.9965972900
, 124.9965972900
, 125.9965972900
, 126.9965972900
, 127.9957962036
, 128.9974975586
, 129.9974975586
, 130.9974975586
, 131.9965972900
, 132.9965972900
, 134.0881042480
, 135.0032958984
, 136.1475982666
, 136.9974975586
, 137.9965972900
, 138.9983062744
, 139.9983062744
, 140.9974975586
, 141.9965972900
, 142.9965972900
, 143.9974975586
, 144.9974975586
, 145.9965972900
, 146.9974975586
, 147.9974975586
, 148.9974975586
, 150.0838928223
, 151.0007934570
, 152.1526947021
, 152.9965972900
, 153.9965972900
, 155.0108947754
, 155.9974975586
, 156.9974975586
, 157.9974975586
, 158.9983062744
, 159.9983062744
, 160.9965972900
, 161.9974975586
, 162.9965972900
, 163.9965972900
, 164.9983062744
, 166.0805053711
, 167.0200958252
, 168.0234985352
, 169.0200958252
, 170.0225982666
, 171.0234985352
, 172.0133972168
, 173.0193023682
, 174.0151062012
, 175.0218048096
, 176.0260009766
, 177.0151062012
, 178.0209045410
, 179.0151062012
, 180.0016937256
, 180.9965972900
, 182.1240997314
, 182.9965972900
, 184.1484985352
, 184.9958038330
, 185.9974975586
, 186.9965972900
, 187.9958038330
, 188.9974975586
, 189.9965972900
, 190.9965972900
, 191.9958038330
, 192.9958038330
, 193.9958038330
, 194.9958038330
, 195.9958038330
, 197.0000000000
, 198.1459045410
, 198.9990997314
, 200.1475982666
, 200.9983062744
, 201.9965972900
, 202.9958038330
, 203.9958038330
, 204.9958038330
, 205.9958038330
, 206.9958038330
, 207.9958038330
, 208.9958038330
, 209.9965972900
, 210.9965972900
, 211.9958038330
, 212.9958038330
, 214.1349945068
, 214.9965972900
, 215.9974975586
, 216.9958038330
, 217.9958038330
, 218.9958038330
, 219.9965972900
, 220.9965972900
, 221.9958038330
, 222.9958038330
, 223.9958038330
, 224.9958038330
, 225.9958038330
, 226.9958038330
, 227.9958038330
, 228.9958038330
, 230.1408996582
, 231.0167999268
, 232.0209045410
, 233.0209045410
, 234.0218048096
, 235.1132049561
, 236.0167999268
, 237.0200958252
, 238.0126037598
, 239.0209045410
, 240.0193023682
, 241.0243072510
, 242.0218048096
, 243.0142059326
, 244.0000000000
, 244.9958038330
, 246.1425933838
, 246.9965972900
, 247.9974975586
, 248.9974975586
, 249.9965972900
, 250.9965972900
, 251.9965972900
, 252.9958038330
, 253.9958038330
, 254.9958038330
, 255.9958038330
, 256.9957885742
, 257.9957885742
, 258.9957885742
, 259.9966125488
, 260.9957885742
, 262.2156066895
, 262.9966125488
, 263.9974975586
, 264.9957885742
, 265.9966125488
, 266.9966125488
, 267.9966125488
, 268.9966125488
, 269.9966125488
, 270.9957885742
, 271.9957885742
, 272.9957885742
, 273.9957885742
, 274.9966125488
, 275.9966125488
, 276.9966125488
, 278.1971130371
, 278.9982910156
, 279.9991149902
, 280.9966125488
, 281.9966125488
, 282.9957885742
, 283.9966125488
, 284.9966125488
, 285.9966125488
, 286.9966125488
, 287.9966125488
, 288.9966125488
, 289.9966125488
, 290.9957885742
, 291.9957885742
, 292.9957885742
, 294.1820068359
, 295.0234985352
, 296.0267944336
, 297.0217895508
, 298.0250854492
, 299.1686096191
, 300.0234985352
, 301.0351867676
, 302.0141906738
, 303.0201110840
, 304.0168151855
, 305.0277099609
, 306.0250854492
, 307.0168151855
, 308.0025024414
, 308.9974975586
, 310.1694030762
, 310.9974975586
, 311.9982910156
, 312.9974975586
, 313.9966125488
, 314.9966125488
, 315.9966125488
, 316.9957885742
, 317.9982910156
, 318.9966125488
, 319.9974975586
, 320.9957885742
, 321.9957885742
, 322.9957885742
, 323.9957885742
, 325.0000000000
, 326.2717895508
, 327.0057983398
, 328.1492919922
, 328.9982910156
, 329.9974975586
, 330.9966125488
, 331.9957885742
, 332.9957885742
, 333.9957885742
, 334.9957885742
, 335.9957885742
, 337.0007934570
, 337.9974975586
, 338.9991149902
, 339.9966125488
, 340.9966125488
, 342.2457885742
, 343.0217895508
, 344.1476135254
, 344.9957885742
, 345.9957885742
, 346.9957885742
, 347.9957885742
, 348.9982910156
, 349.9966125488
, 350.9966125488
, 351.9991149902
, 352.9966125488
, 353.9957885742
, 354.9957885742
, 355.9957885742
, 356.9957885742
, 358.2792968750
, 359.0881042480
, 360.0242919922
, 361.0226135254
, 362.0234985352
, 363.0242919922
, 364.0192871094
, 365.0209045410
, 366.0158996582
, 367.0201110840
, 368.0083923340
, 369.0242919922
, 370.0234985352
, 371.0141906738
, 372.0057983398
, 372.9957885742
, 374.2886047363
, 375.0461120605
, 376.1383972168
, 377.0444030762
, 377.9957885742
, 378.9974975586
, 379.9966125488
, 380.9966125488
, 381.9957885742
, 383.0007934570
, 383.9957885742
, 384.9957885742
, 385.9957885742
, 386.9957885742
, 388.0025024414
, 388.9966125488
, 390.2818908691
, 391.0628967285
, 392.1467895508
, 392.9957885742
, 393.9982910156
, 394.9957885742
, 396.0595092773
, 396.9957885742
, 397.9957885742
, 398.9966125488
, 399.9966125488
, 400.9966125488
, 401.9974975586
, 402.9966125488
, 404.0007934570
, 404.9957885742
, 406.2977905273
, 407.0755004883
, 408.1451110840
, 408.9974975586
, 409.9966125488
, 410.9966125488
, 411.9957885742
, 412.9957885742
, 413.9966125488
, 414.9957885742
, 415.9957885742
, 416.9966125488
, 417.9982910156
, 418.9974975586
, 419.9966125488
, 420.9991149902
, 422.3255004883
, 423.0830078125
, 424.1476135254
, 424.9957885742
, 425.9957885742
, 426.9957885742
, 427.9966125488
, 428.9991149902
, 429.9966125488
, 430.9974975586
, 431.9957885742
, 432.9966125488
, 433.9966125488
, 434.9966125488
, 435.9974975586
, 436.9966125488
, 438.2692871094
, 439.2197875977
, 440.0226135254
, 441.0234985352
, 442.0260009766
, 443.0234985352
, 444.0242919922
, 445.0209045410
, 446.0176086426
, 447.0234985352
, 448.0151062012
, 449.0277099609
, 450.0277099609
, 451.0168151855
, 452.0083923340
, 452.9991149902
, 454.3590087891
, 455.1106872559
, 456.0007934570
, 457.0226135254
, 457.9966125488
, 458.9966125488
, 459.9966125488
, 460.9982910156
, 461.9966125488
, 462.9966125488
, 463.9974975586
, 464.9966125488
, 465.9966125488
, 466.9966125488
, 467.9957885742
, 468.9966125488
, 470.3381042480
, 471.1250000000
, 471.9974975586
, 472.9957885742
, 473.9957885742
, 474.9957885742
