position=[0.0049503883
, 0.0049503883
, 0.0053311875
, 0.0053311875
, 0.0053311875
, 0.0053311875
, 0.0057119867
, 0.0057119867
, 0.0057119867
, 0.0057119867
, 0.0057119867
, 0.0060927859
, 0.0060927859
, 0.0060927859
, 0.0060927859
, 0.0060927859
, 0.0060927859
, 0.0060927859
, 0.0060927859
, 0.0060927859
, 0.0060927859
, 0.0060927859
, 0.0060927859
, 0.0060927859
, 0.0060927859
, 0.0060927859
, 0.0060927859
, 0.0060927859
, 0.0064735850
, 0.0064735850
, 0.0064735850
, 0.0064735850
, 0.0064735850
, 0.0064735850
, 0.0064735850
, 0.0064735850
, 0.0064735850
, 0.0064735850
, 0.0064735850
, 0.0064735850
, 0.0064735850
, 0.0068543837
, 0.0068543837
, 0.0068543837
, 0.0068543837
, 0.0068543837
, 0.0068543837
, 0.0072351829
, 0.0072351829
, 0.0072351829
, 0.0076159821
, 0.0076159821
, 0.0076159821
, 0.0079967817
, 0.0079967817
, 0.0079967817
, 0.0083775800
, 0.0083775800
, 0.0087583791
, 0.0087583791
, 0.0091391783
, 0.0095199775
, 0.0095199775
, 0.0099007767
, 0.0102815758
, 0.0102815758
, 0.0106623750
, 0.0110431742
, 0.0114239734
, 0.0118047725
, 0.0121855717
, 0.0125663709
, 0.0129471701
, 0.0133279692
, 0.0137087675
, 0.0140895667
, 0.0148511650
, 0.0152319642
, 0.0156127634
, 0.0163743626
, 0.0167551599
, 0.0171359591
, 0.0178975575
, 0.0182783566
, 0.0190399550
, 0.0198015533
, 0.0205631517
, 0.0209439509
, 0.0217055492
, 0.0224671476
, 0.0232287459
, 0.0239903443
, 0.0247519426
, 0.0255135410
, 0.0262751393
, 0.0270367377
, 0.0281791333
, 0.0289407317
, 0.0297023300
, 0.0308447275
, 0.0316063277
, 0.0327487253
, 0.0338911191
, 0.0346527174
, 0.0357951149
, 0.0369375125
, 0.0380799100
, 0.0392223075
, 0.0403647050
, 0.0415071025
, 0.0426495001
, 0.0437918976
, 0.0453150943
, 0.0464574918
, 0.0475998893
, 0.0491230860
, 0.0502654836
, 0.0517886803
, 0.0533118770
, 0.0544542745
, 0.0563582666
, 0.0575006641
, 0.0590238608
, 0.0605470575
, 0.0620702542
, 0.0635934547
, 0.0651166514
, 0.0666398406
, 0.0685438365
, 0.0700670332
, 0.0719710290
, 0.0734942257
, 0.0753982216
, 0.0769214183
, 0.0792062134
, 0.0807294101
, 0.0830142051
, 0.0845374018
, 0.0864413977
, 0.0883453935
, 0.0902493894
, 0.0921533853
, 0.0940573812
, 0.0963421762
, 0.0982461721
, 0.1001501679
, 0.1024349630
, 0.1047197580
, 0.1066237539
, 0.1089085490
, 0.1111933365
, 0.1134781316
, 0.1157629266
, 0.1176669225
, 0.1199517176
, 0.1226173118
, 0.1249021068
, 0.1271869093
, 0.1294717044
, 0.1317564845
, 0.1344220787
, 0.1367068738
, 0.1393724680
, 0.1416572630
, 0.1443228573
, 0.1469884515
, 0.1496540457
, 0.1519388407
, 0.1546044350
, 0.1572700292
, 0.1599356234
, 0.1626012176
, 0.1652668118
, 0.1679324061
, 0.1705980003
, 0.1732635945
, 0.1763099879
, 0.1789755821
, 0.1816411763
, 0.1846875697
, 0.1873531640
, 0.1900187582
, 0.1934459507
, 0.1957307458
, 0.1991579384
, 0.2018235326
, 0.2044891268
, 0.2075355202
, 0.2105819136
, 0.2136283070
, 0.2166747004
, 0.2197210789
, 0.2227674723
, 0.2258138657
, 0.2288602591
, 0.2319066525
, 0.2349530458
, 0.2379994392
, 0.2414266318
, 0.2440922260
, 0.2479002178
, 0.2505658269
, 0.2536122203
, 0.2566586137
, 0.2600857913
, 0.2631321847
, 0.2661785781
, 0.2696057558
, 0.2726521492
, 0.2760793567
, 0.2791257501
, 0.2825529277
, 0.2855993211
, 0.2890265286
, 0.2928345203
, 0.2955000997
, 0.2989273071
, 0.3019737005
, 0.3054008782
, 0.3088280857
, 0.3118744791
, 0.3153016567
, 0.3183480501
, 0.3217752576
, 0.3252024353
, 0.3282488286
, 0.3316760361
, 0.3351032138
, 0.3385304213
, 0.3415768147
, 0.3453848064
, 0.3484311998
, 0.3518583775
, 0.3549047709
, 0.3583319485
, 0.3621399403
, 0.3648055494
, 0.3682327271
, 0.3716599345
, 0.3747063279
, 0.3781335056
, 0.3815607131
, 0.3846071064
, 0.3880342841
, 0.3910806775
, 0.3945078850
, 0.3983158767
, 0.4009814560
, 0.4040278494
, 0.4074550569
, 0.4105014503
, 0.4139286280
, 0.4169750214
, 0.4200214148
, 0.4234486222
, 0.4264950156
, 0.4295414090
, 0.4329685867
, 0.4360149801
, 0.4390613735
, 0.4424885511
, 0.4455349445
, 0.4493429363
, 0.4516277313
, 0.4546741247
, 0.4577205181
, 0.4607669115
, 0.4638133049
, 0.4668596983
, 0.4699060917
, 0.4725717008
, 0.4756180942
, 0.4786644876
, 0.4813300669
, 0.4843764603
, 0.4870420694
, 0.4900884628
, 0.4927540421
, 0.4961812496
, 0.4984660447
, 0.5011316538
, 0.5041780472
, 0.5068436265
, 0.5095092058
, 0.5121747851
, 0.5148404241
, 0.5175060034
, 0.5201715827
, 0.5228371620
, 0.5251219869
, 0.5277875662
, 0.5300723314
, 0.5327379704
, 0.5350227356
, 0.5380691290
, 0.5399731398
, 0.5426387191
, 0.5449235439
, 0.5472083092
, 0.5498738885
, 0.5517778993
, 0.5540627241
, 0.5559666753
, 0.5582515001
, 0.5605362654
, 0.5624402761
, 0.5647251010
, 0.5666290522
, 0.5685330629
, 0.5708178878
, 0.5731026530
, 0.5746258497
, 0.5765298605
, 0.5784338713
, 0.5799570680
, 0.5818610191
, 0.5837650299
, 0.5852882266
, 0.5871922374
, 0.5887154341
, 0.5902386308
, 0.5917618275
, 0.5936658382
, 0.5951890349
, 0.5963314176
, 0.5978546143
, 0.5997586250
, 0.6005201936
, 0.6020433903
, 0.6031857729
, 0.6047089696
, 0.6058514118
, 0.6069937944
, 0.6081361771
, 0.6092785597
, 0.6100401878
, 0.6111825705
, 0.6123249531
, 0.6130865812
, 0.6142289639
, 0.6149905324
, 0.6157521605
, 0.6168945432
, 0.6172753572
, 0.6180369258
, 0.6187985539
, 0.6191793680
, 0.6199409366
, 0.6203217506
, 0.6207025647
, 0.6214641333
, 0.6218449473
, 0.6222257614
, 0.6226065159
, 0.6226065159
, 0.6229873300
, 0.6233681440
, 0.6233681440
, 0.6233681440
, 0.6237489581
, 0.6237489581
, 0.6237489581
, 0.6237489581
, 0.6233681440
, 0.6233681440
, 0.6233681440
, 0.6233681440
, 0.6229873300
, 0.6229873300
, 0.6226065159
, 0.6222257614
, 0.6222257614
, 0.6218449473
, 0.6214641333
, 0.6210833192
, 0.6207025647
, 0.6203217506
, 0.6199409366
, 0.6195601225
, 0.6191793680
, 0.6184177399
, 0.6180369258
, 0.6172753572
, 0.6168945432
, 0.6161329746
, 0.6157521605
, 0.6149905324
, 0.6142289639
, 0.6134673357
, 0.6127057672
, 0.6119441986
, 0.6111825705
, 0.6104210019
, 0.6096593738
, 0.6088978052
, 0.6077553630
, 0.6069937944
, 0.6058514118
, 0.6050897837
, 0.6039474010
, 0.6031857729
, 0.6020433903
, 0.6009010077
, 0.5997586250
, 0.5989969969
, 0.5978546143
, 0.5963314176
, 0.5951890349
, 0.5940465927
, 0.5929042101
, 0.5917618275
, 0.5906194448
, 0.5890962481
, 0.5879538059
, 0.5864306092
, 0.5852882266
, 0.5837650299
, 0.5822418332
, 0.5810994506
, 0.5795762539
, 0.5780530572
, 0.5765298605
, 0.5746258497
, 0.5734834671
, 0.5719602704
, 0.5704370737
, 0.5689138770
, 0.5673906803
, 0.5658674836
, 0.5639634728
, 0.5624402761
, 0.5605362654
, 0.5590130687
, 0.5574898720
, 0.5555859208
, 0.5536819100
, 0.5521587133
, 0.5502547026
, 0.5479699373
, 0.5464467406
, 0.5449235439
, 0.5430195332
, 0.5411155224
, 0.5392115116
, 0.5373075604
, 0.5354035497
, 0.5334995389
, 0.5315955281
, 0.5296915770
, 0.5277875662
, 0.5258835554
, 0.5239796042
, 0.5220755935
, 0.5201715827
, 0.5171251893
, 0.5159828067
, 0.5140787959
, 0.5117940307
, 0.5098900199
, 0.5079860091
, 0.5057012439
, 0.5037972331
, 0.5018932223
, 0.4996084273
, 0.4977044463
, 0.4954196513
, 0.4935156405
, 0.4912308455
, 0.4893268645
, 0.4870420694
, 0.4843764603
, 0.4828532636
, 0.4809492826
, 0.4786644876
, 0.4767604768
, 0.4744756818
, 0.4725717008
, 0.4702869058
, 0.4683828950
, 0.4660980999
, 0.4638133049
, 0.4619093239
, 0.4596245289
, 0.4577205181
, 0.4554357231
, 0.4535317421
, 0.4512469471
, 0.4489621520
, 0.4470581412
, 0.4451541603
, 0.4428693652
, 0.4409653544
, 0.4386805594
, 0.4367765784
, 0.4344917834
, 0.4325878024
, 0.4303030074
, 0.4283989966
, 0.4264950156
, 0.4242102206
, 0.4223062098
, 0.4204022288
, 0.4181174338
, 0.4158326387
, 0.4143094420
, 0.4124054313
, 0.4101206362
, 0.4082166553
, 0.4063126445
, 0.4044086635
, 0.4025046527
, 0.4006006718
, 0.3986966610
, 0.3967926800
, 0.3948886693
, 0.3929846883
, 0.3914614916
, 0.3895574808
, 0.3876534998
, 0.3857494891
, 0.3842262924
, 0.3823223114
, 0.3807991147
, 0.3788951039
, 0.3773719072
, 0.3754679263
, 0.3739447296
, 0.3724215329
, 0.3705175221
, 0.3689943254
, 0.3674711287
, 0.3659479320
