velocity=[0.0000000000
, 0.0000000000
, 0.3807992041
, 0.0000000000
, 0.0000000000
, 0.0000000000
, 0.3672477305
, 0.0000000000
, 0.0000000000
, 0.0000000000
, 0.0000000000
, 0.3811423182
, 0.0000000000
, 0.0000000000
, 0.0000000000
, 0.0000000000
, 0.0000000000
, 0.0000000000
, 0.0000000000
, 0.0000000000
, 0.0000000000
, 0.0000000000
, 0.0000000000
, 0.0000000000
, 0.0000000000
, 0.0000000000
, 0.0000000000
, 0.0000000000
, 0.3807991743
, 0.0000000000
, 0.0000000000
, 0.0000000000
, 0.0000000000
, 0.0000000000
, 0.0000000000
, 0.0000000000
, 0.0000000000
, 0.0000000000
, 0.0000000000
, 0.0000000000
, 0.0000000000
, 0.3824048042
, 0.0000000000
, 0.0000000000
, 0.0000000000
, 0.0000000000
, 0.0000000000
, 0.3769910634
, 0.0000000000
, 0.0000000000
, 0.3798500597
, 0.0000000000
, 0.0000000000
, 0.3827136159
, 0.0000000000
, 0.0000000000
, 0.3804557323
, 0.0000000000
, 0.3807991743
, 0.0000000000
, 0.3804943562
, 0.3811044693
, 0.0000000000
, 0.3807991743
, 0.3807991743
, 0.0000000000
, 0.3811044693
, 0.3807991743
, 0.3804943562
, 0.3785637021
, 0.2874608040
, 0.5681062341
, 0.3392704427
, 0.4335169792
, 0.3807982504
, 0.3814481497
, 0.7622089386
, 0.3807991743
, 0.3807991743
, 0.7609896660
, 0.3807973266
, 0.3811044693
, 0.7615983486
, 0.3807991743
, 0.7615983486
, 0.7615983486
, 0.7256723642
, 0.4002960026
, 0.7615983486
, 0.7609133124
, 0.7622846365
, 0.7615983486
, 0.7622089386
, 0.7615983486
, 0.7615983486
, 0.7615983486
, 1.1423956156
, 0.7615983486
, 0.7615983486
, 1.1404571533
, 0.7622864842
, 1.1404571533
, 1.1262822151
, 0.7597030401
, 1.1338936090
, 1.1452547312
, 1.1433134079
, 1.1423975229
, 1.1472202539
, 1.1358116865
, 1.1568546295
, 1.1272948980
, 1.5231966972
, 1.1434268951
, 1.1452547312
, 1.5385859013
, 1.1531218290
, 1.5270179510
, 1.4095783234
, 1.2391800880
, 1.6529126167
, 1.3509963751
, 1.5244178772
, 1.5193945169
, 1.5257925987
, 1.5232003927
, 1.5231966972
, 1.5231893063
, 1.9055223465
, 1.5206096172
, 1.9039958715
, 1.5231966972
, 1.9057115316
, 1.5231966972
, 2.0932483673
, 1.6643472910
, 1.9966707230
, 1.7922084332
, 1.9057115316
, 1.9007475376
, 1.9039958715
, 1.9055368900
, 1.9057115316
, 2.2847950459
, 1.9022833109
, 1.9039958715
, 2.2868537903
, 2.2827398777
, 1.9039958715
, 2.2847950459
, 2.1030905247
, 2.4918677807
, 1.9834990501
, 2.2561795712
, 2.2847950459
, 2.6280200481
, 2.3158206940
, 2.2848024368
, 2.2847950459
, 2.2829339504
, 2.6655941010
, 2.2887063026
, 2.6631965637
, 2.2868537903
, 2.6655941010
, 2.6610465050
, 2.4631273746
, 2.4316926003
, 2.6565546989
, 2.6746954918
, 2.6589403152
, 2.6631965637
, 2.6927950382
, 2.6499459743
, 2.6768267155
, 2.6478571892
, 3.0336637497
, 2.6949551105
, 2.6502273083
, 3.0641603470
, 2.7018325329
, 2.6792488098
, 3.0396320820
, 2.6186835766
, 2.9752485752
, 3.1459667683
, 2.6610870361
, 3.0491385460
, 3.0488123894
, 3.0412423611
, 3.0491385460
, 3.0463786125
, 3.0488123894
, 3.0463933945
, 3.0463933945
, 3.0463933945
, 3.0463933945
, 3.0336637497
, 2.9908185005
, 3.1242489815
, 3.3156261444
, 3.1334006786
, 3.0516085625
, 3.0488123894
, 3.4271776676
, 3.0463933945
, 3.0463933945
, 3.4271776676
, 3.0463933945
, 3.4272074699
, 3.0439782143
, 3.4271776676
, 3.0488123894
, 3.4272074699
, 3.3427166939
, 3.0937449932
, 3.4241249561
, 3.0515618324
, 3.4271776676
, 3.4272074699
, 3.0439782143
, 3.4271776676
, 3.0488123894
, 3.4272074699
, 3.4271776676
, 3.0463933945
, 3.4272074699
, 3.4271776676
, 3.4272074699
, 3.0463933945
, 3.3254785538
, 3.4780139923
, 3.4131679535
, 3.0463933945
, 3.4240951538
, 3.4890885353
, 2.9500043392
, 3.4159190655
, 3.4530782700
, 3.0213141441
, 3.4326775074
, 3.4101400375
, 3.0540359020
, 3.4534196854
, 3.0902938843
, 3.4416491985
, 3.3205671310
, 3.1212730408
, 3.0436532497
, 3.4272074699
, 3.0491385460
, 3.4271776676
, 3.0463933945
, 3.0488123894
, 3.4272074699
, 3.0463933945
, 3.0463933945
, 3.4272298813
, 3.0463933945
, 3.0463933945
, 3.4243559837
, 3.0489056110
, 3.1217701435
, 2.9254517555
, 3.0436997414
, 3.0516085625
, 3.0438852310
, 3.0463933945
, 3.0463933945
, 3.0463933945
, 2.6656091213
, 3.0489056110
, 3.0463933945
, 2.6655793190
, 3.0463933945
, 2.6634144783
, 3.0463933945
, 2.6655793190
, 2.8548154831
, 2.8517947197
, 2.6634144783
, 3.0540359020
, 2.6655793190
, 2.6677775383
, 2.6633846760
, 2.6656389236
, 2.6655793190
, 2.6655793190
, 2.6655793190
, 2.2848248482
, 2.6655793190
, 2.2866494656
, 2.6656389236
, 2.2847652435
, 2.5681557655
, 2.2626614571
, 2.6568226814
, 2.2963175774
, 2.2772595882
, 2.3310213089
, 2.2272026539
, 2.2584278584
, 1.9447840452
, 2.2713773251
, 2.2923204899
, 1.8834905624
, 2.2908372879
, 1.9198286533
, 1.9316581488
, 2.2963175774
, 1.9496155977
, 1.8393996954
, 1.9025012255
, 1.9055227041
, 1.5245459080
, 1.9039511681
, 1.9040107727
, 1.5244528055
, 1.8992580175
, 1.5257576704
, 1.5218498707
, 1.5258042812
, 1.9040107727
, 1.5231966972
, 1.1423826218
, 1.5168087482
, 1.4971115589
, 1.0375468731
, 1.3320552111
, 1.3455641270
, 1.5244061947
, 1.1434541941
, 1.1433247328
, 1.1423826218
, 1.1423826218
, 0.7616281509
, 1.1423826218
, 1.1366935968
, 0.7641466856
, 1.1405378580
, 0.7634791136
, 0.7616281509
, 0.9145089388
, 0.4907391667
, 0.6764543653
, 0.8979610205
, 0.3808140755
, 0.7615685463
, 0.3808140755
, 0.3798635006
, 0.7628489733
, 0.3808140755
, 0.3798635006
, 0.3817096651
, 0.0000000000
, 0.3808140755
, 0.3808140755
, 0.0000000000
, 0.0000000000
, 0.4708340764
, 0.0000000000
, 0.0000000000
, 0.0000000000
, -0.3805121481
, 0.0000000000
, 0.0000000000
, 0.0000000000
, -0.3792170286
, 0.0000000000
, -0.3748540282
, -0.3810568154
, 0.0000000000
, -0.3840370476
, -0.3846644759
, -0.2945616543
, -0.5026413202
, -0.3486397862
, -0.4203218818
, -0.4002731442
, -0.3801048696
, -0.7623028159
, -0.3808140755
, -0.7621966004
, -0.3789176345
, -0.7653992772
, -0.3808140755
, -0.7616281509
, -0.7615685463
, -0.7565487623
, -0.7660806775
, -0.5925320387
, -0.9751887918
, -0.7026234865
, -0.8970895410
, -0.7596675158
, -1.1453082561
, -0.7159478664
, -1.2201302052
, -0.7616281509
, -1.1414420605
, -0.7616281509
, -1.1423826218
, -1.1413724422
, -1.1433945894
, -0.7584571242
, -1.1481288671
, -1.1698881388
, -1.4689056873
, -1.0680917501
, -1.3402167559
, -1.1433945894
, -1.1423826218
, -1.5244528055
, -1.1424422264
, -1.5219426155
, -1.1433247328
, -1.5231966972
, -1.5219426155
, -1.1404683590
, -1.5244061947
, -1.5245459080
, -1.5193945169
, -1.4354882240
, -1.5080813169
, -1.4307613373
, -1.7958518267
, -1.5231966972
, -1.5231966972
, -1.5219426155
, -1.8992580175
, -1.5270179510
, -1.9023271799
, -1.5258042812
, -1.5219426155
, -1.9039511681
, -1.9040107727
, -1.5218498707
, -1.9056973457
, -1.7952470779
, -1.6025207043
, -1.8972938061
, -1.9023271799
, -1.8992580175
, -1.9087873697
, -1.9024416208
, -1.9104824066
, -1.9103069305
, -1.8928619623
, -1.9200650454
, -1.8803117275
, -1.9040107727
, -1.9249228239
, -1.9201842546
, -1.9218403101
, -2.2401700020
, -1.5197756290
, -2.1390826702
, -2.2359759808
, -1.9548385143
, -1.9040107727
, -2.2847652435
, -1.9008202553
, -1.9072120190
, -2.2847950459
, -1.9022973776
, -2.2868189812
, -1.9040107727
, -2.2847950459
, -1.9055510759
, -2.2829139233
, -1.9870485067
, -1.9357032776
, -2.1822192669
, -2.2887063026
, -1.9040107727
, -2.2847950459
, -1.9039809704
, -2.2847950459
, -1.9040107727
, -2.2847950459
, -2.2829139233
, -1.9039809704
, -2.2866792679
, -1.9040107727
, -2.2847950459
, -1.9039809704
, -2.2847950459
, -2.2790918350
, -1.9072120190
, -1.9039809704
, -2.2866792679
, -1.9024431705
, -2.2866792679
, -1.9024134874
, -2.2866792679
, -1.9039809704
, -2.2847950459
, -1.9040107727
, -1.9039809704
, -2.2847950459
, -1.8992580175
, -1.9087575674
, -2.2829139233
, -2.2341370583
, -1.5181467533
, -1.9072703123
, -2.2788836956
, -1.9072403908
, -1.9056973457
, -1.9039809704
, -1.9168804884
, -1.8912831545
, -1.9200068712
, -1.8851114511
, -1.9040107727
, -1.9215735197
, -1.5387874842
, -1.9184129238
, -1.9039809704
, -1.8881075382
, -1.5334923267
, -1.9057257175
