torque=[-0.2169999927
, -0.2094792277
, -0.2019407898
, -0.1944115013
, -0.1868790090
, -0.1793512702
, -0.1715520471
, -0.1643020511
, -0.1567897201
, -0.1493116468
, -0.1418187618
, -0.1343512088
, -0.1268959492
, -0.1194489449
, -0.1120173410
, -0.1046023145
, -0.0972050428
, -0.0898266807
, -0.0824684054
, -0.0751313716
, -0.0678109005
, -0.0605256669
, -0.0531679094
, -0.0460130200
, -0.0387930535
, -0.0316199213
, -0.0244638268
, -0.0173381362
, -0.0102439737
, -0.0031768305
, 0.0038508906
, 0.0108381622
, 0.0177950580
, 0.0247148778
, 0.0315965265
, 0.0384443849
, 0.0452409796
, 0.0520016253
, 0.0587927736
, 0.0655341148
, 0.0722074509
, 0.0787630156
, 0.0853159204
, 0.0917884856
, 0.0981907621
, 0.1046240255
, 0.1109262630
, 0.1172775328
, 0.1235172078
, 0.1296414733
, 0.1357833743
, 0.1418390721
, 0.1477629691
, 0.1536908746
, 0.1597867757
, 0.1654346436
, 0.1712192148
, 0.1769275665
, 0.1825834960
, 0.1881763339
, 0.1937095821
, 0.1991691738
, 0.2045674473
, 0.2098991573
, 0.2151634544
, 0.2203636169
, 0.2254864573
, 0.2305435836
, 0.2355339825
, 0.2404777110
, 0.2468765825
, 0.2500655353
, 0.2553310990
, 0.2593864501
, 0.2639325261
, 0.2683951259
, 0.2727852464
, 0.2771015763
, 0.2813398838
, 0.2855027914
, 0.2895829976
, 0.2935800552
, 0.2974996865
, 0.3013380766
, 0.3050946295
, 0.3087687492
, 0.3125354350
, 0.3158700764
, 0.3192933500
, 0.3226349056
, 0.3258852959
, 0.3290529549
, 0.3321319222
, 0.3351266980
, 0.3380342722
, 0.3408542275
, 0.3435860574
, 0.3462294042
, 0.3487837613
, 0.3512529135
, 0.3536259830
, 0.3559149206
, 0.3581401408
, 0.3602476716
, 0.3622733951
, 0.3641875684
, 0.3660134375
, 0.3677487373
, 0.3693850040
, 0.3709444702
, 0.3723842204
, 0.3737673461
, 0.3750382662
, 0.3762146831
, 0.3772959709
, 0.3782767653
, 0.3791660070
, 0.3799680471
, 0.3807310164
, 0.3812948167
, 0.3818864524
, 0.3822408915
, 0.3825725019
, 0.3828102052
, 0.3829523027
, 0.3829999864
, 0.3829529583
, 0.3828111589
, 0.3825748861
, 0.3822431266
, 0.3818172216
, 0.3812967539
, 0.3806824088
, 0.3799731731
, 0.3790914416
, 0.3782657087
, 0.3771224916
, 0.3761938810
, 0.3750157356
, 0.3737408221
, 0.3723747432
, 0.3709168136
, 0.3693663180
, 0.3677218854
, 0.3659835160
, 0.3641545773
, 0.3622356653
, 0.3602217436
, 0.3581184447
, 0.3559243381
, 0.3534381390
, 0.3512570560
, 0.3484100997
, 0.3462491632
, 0.3436065018
, 0.3408356607
, 0.3380534947
, 0.3351464868
, 0.3321523070
, 0.3290688694
, 0.3259016573
, 0.3226543665
, 0.3193133175
, 0.3158936501
, 0.3123868108
, 0.3087901473
, 0.3048109114
, 0.3012777269
, 0.2974248230
, 0.2935171127
, 0.2895054221
, 0.2854200006
, 0.2813012898
, 0.2770369947
, 0.2727377713
, 0.2683135569
, 0.2638229430
, 0.2593249977
, 0.2546756566
, 0.2500058711
, 0.2452998012
, 0.2404821068
, 0.2349359244
, 0.2305817753
, 0.2247509658
, 0.2204028368
, 0.2151985019
, 0.2099394351
, 0.2046124935
, 0.1992055774
, 0.1937469691
, 0.1882186085
, 0.1826307178
, 0.1769753098
, 0.1712577045
, 0.1654787660
, 0.1596394479
, 0.1537157744
, 0.1468840986
, 0.1417484283
, 0.1347702146
, 0.1295540482
, 0.1233824939
, 0.1171516478
, 0.1108631045
, 0.1045227870
, 0.0981317014
, 0.0916908532
, 0.0852012560
, 0.0786639377
, 0.0720746890
, 0.0654449984
, 0.0587760136
, 0.0520582087
, 0.0443536378
, 0.0384907871
, 0.0316425189
, 0.0247728173
, 0.0178533141
, 0.0108967246
, 0.0038985857
, -0.0031289021
, -0.0101845460
, -0.0172784384
, -0.0244038701
, -0.0315597132
, -0.0387448408
, -0.0459581167
, -0.0531984009
, -0.0604645535
, -0.0688152835
, -0.0752236769
, -0.0825911462
, -0.0899497718
, -0.0973351076
, -0.1054097489
, -0.1121108830
, -0.1195672080
, -0.1269585937
, -0.1344819367
, -0.1419444531
, -0.1494682729
, -0.1569465548
, -0.1643959731
, -0.1718039215
, -0.1792941093
, -0.1879272312
, -0.1943602562
, -0.2019030750
, -0.2094415128
, -0.2169743478
, -0.2245139629
, -0.2320524156
, -0.2395824939
, -0.2471149862
, -0.2546427250
, -0.2621645331
, -0.2696790993
, -0.2771854401
, -0.2846822739
, -0.2921746075
, -0.2996427119
, -0.3087421954
, -0.3145571053
, -0.3219952583
, -0.3293975890
, -0.3368009627
, -0.3441793025
, -0.3515375555
, -0.3588745892
, -0.3661891818
, -0.3734742403
, -0.3807406127
, -0.3879811168
, -0.3951946199
, -0.4023859203
, -0.4095419645
, -0.4166676402
, -0.4251802564
, -0.4308350980
, -0.4378685355
, -0.4448438287
, -0.4518007040
, -0.4587148130
, -0.4656020999
, -0.4724444747
, -0.4792464972
, -0.4860070944
, -0.4927252233
, -0.4993998110
, -0.5060298443
, -0.5126087666
, -0.5191465020
, -0.5256364942
, -0.5332717896
, -0.5386456847
, -0.5450057983
, -0.5512618423
, -0.5575171113
, -0.5645806193
, -0.5698145032
, -0.5759556293
, -0.5818431377
, -0.5878350139
, -0.5937135220
, -0.5996153355
, -0.6053777933
, -0.6110470891
, -0.6166211963
, -0.6221857667
, -0.6286584139
, -0.6331784129
, -0.6385807991
, -0.6439081430
, -0.6491677165
, -0.6543636918
, -0.6594906449
, -0.6645435095
, -0.6695423722
, -0.6744489670
, -0.6792958975
, -0.6840574741
, -0.6887534261
, -0.6933749318
, -0.6979212165
, -0.7024102211
, -0.7079842687
, -0.7111443281
, -0.7159835100
, -0.7195097804
, -0.7235866189
, -0.7275832891
, -0.7314996719
, -0.7353380322
, -0.7390946150
, -0.7427687049
, -0.7463597655
, -0.7498846054
, -0.7532963753
, -0.7566402555
, -0.7598853707
, -0.7630530000
, -0.7668887377
, -0.7692033648
, -0.7724680305
, -0.7748541832
, -0.7775860429
, -0.7802293897
, -0.7827837467
, -0.7852548361
, -0.7876260281
, -0.7899111509
, -0.7921111584
, -0.7942096591
, -0.7962207198
, -0.7981420159
, -0.7999715209
, -0.8017089963
, -0.8038037419
, -0.8050453663
, -0.8064066172
, -0.8077684045
, -0.8090403676
, -0.8102185130
, -0.8112968802
, -0.8122885823
, -0.8131803274
, -0.8139858246
, -0.8146857023
, -0.8153091073
, -0.8158271313
, -0.8162475228
, -0.8165753484
, -0.8168097138
, -0.8169760108
, -0.8169999123
, -0.8169385791
, -0.8168020248
, -0.8165748715
, -0.8162431121
, -0.8158176541
, -0.8152972460
, -0.8146829605
, -0.8139700294
, -0.8131703734
, -0.8122727871
, -0.8112812042
, -0.8101958036
, -0.8090084791
, -0.8077430725
, -0.8059703708
, -0.8048181534
, -0.8031252623
, -0.8017232418
, -0.7999820709
, -0.7981578112
, -0.7961117625
, -0.7942252755
, -0.7921221256
, -0.7899262905
, -0.7876418233
, -0.7852671742
, -0.7828006148
, -0.7802491188
, -0.7775952220
, -0.7748776078
, -0.7711897492
, -0.7689160705
, -0.7657029629
, -0.7630714178
, -0.7599071264
, -0.7566543221
, -0.7533190846
, -0.7498964667
, -0.7463867664
, -0.7427992821
, -0.7391259074
, -0.7353669405
, -0.7315226197
, -0.7276065946
, -0.7236104608
, -0.7195204496
, -0.7139866948
, -0.7107642293
, -0.7061598897
, -0.7024288774
, -0.6979591846
, -0.6934135556
, -0.6887888312
, -0.6840815544
, -0.6793242097
, -0.6744776964
, -0.6695716977
, -0.6645817161
, -0.6595250964
, -0.6543986797
, -0.6491985321
, -0.6439393759
, -0.6371428967
, -0.6319967508
, -0.6276039481
, -0.6220690012
, -0.6164608598
, -0.6108177900
, -0.6050938964
, -0.5993329287
, -0.5935114622
, -0.5875764489
, -0.5816677213
, -0.5755754709
, -0.5695021152
, -0.5634401441
, -0.5573092699
, -0.5511308908
, -0.5425661802
, -0.5377911329
, -0.5320996642
, -0.5255175233
, -0.5191959739
, -0.5126586556
, -0.5060746074
, -0.4994337261
, -0.4927706122
, -0.4860527515
, -0.4792864323
, -0.4724906981
, -0.4656485915
, -0.4587672353
, -0.4518534243
, -0.4448910952
, -0.4355025291
, -0.4299662709
, -0.4238034785
, -0.4167216718
, -0.4095962346
, -0.4024403989
, -0.3952552676
, -0.3880420029
, -0.3808017075
, -0.3735355437
, -0.3662386835
, -0.3589242101
, -0.3515934050
, -0.3442353010
, -0.3368571103
, -0.3294599652
, -0.3220450878
, -0.3145950139
, -0.3071606159
, -0.2996994853
, -0.2922314405
, -0.2847391963
, -0.2772486210
, -0.2697361708
, -0.2622277439
, -0.2547059953
, -0.2471783012
, -0.2396458387
, -0.2321098000
, -0.2245713770
, -0.2170128822
, -0.2094921321
, -0.2019474804
, -0.1942405701
, -0.1866831183
, -0.1791683882
, -0.1716272533
, -0.1641256362
, -0.1566261500
, -0.1491295546
, -0.1416939050
