StateVariable_5=[0.0000000000
, 0.0075207758
, 0.0150592132
, 0.0225884914
, 0.0301209874
, 0.0376487263
, 0.0454479456
, 0.0526979491
, 0.0602102801
, 0.0676883608
, 0.0751812458
, 0.0826487839
, 0.0901040435
, 0.0975510553
, 0.1049826592
, 0.1123976856
, 0.1197949573
, 0.1271733195
, 0.1345316023
, 0.1418686360
, 0.1491890997
, 0.1564743370
, 0.1638320833
, 0.1709869802
, 0.1782069504
, 0.1853800863
, 0.1925361753
, 0.1996618658
, 0.2067560256
, 0.2138231695
, 0.2208508849
, 0.2278381586
, 0.2347950637
, 0.2417148799
, 0.2485965341
, 0.2554443777
, 0.2622409761
, 0.2690016329
, 0.2757927775
, 0.2825341225
, 0.2892074585
, 0.2957630157
, 0.3023159206
, 0.3087884784
, 0.3151907623
, 0.3216240108
, 0.3279262483
, 0.3342775404
, 0.3405172229
, 0.3466414809
, 0.3527833819
, 0.3588390648
, 0.3647629619
, 0.3706908822
, 0.3767867684
, 0.3824346364
, 0.3882192075
, 0.3939275742
, 0.3995834887
, 0.4051763415
, 0.4107095897
, 0.4161691666
, 0.4215674400
, 0.4268991649
, 0.4321634471
, 0.4373636246
, 0.4424864650
, 0.4475435913
, 0.4525339901
, 0.4574777186
, 0.4638765752
, 0.4670655429
, 0.4723311067
, 0.4763864279
, 0.4809325337
, 0.4853951037
, 0.4897852540
, 0.4941015840
, 0.4983398914
, 0.5025027990
, 0.5065830350
, 0.5105800629
, 0.5144996643
, 0.5183380842
, 0.5220946074
, 0.5257687569
, 0.5295354128
, 0.5328700542
, 0.5362933278
, 0.5396348834
, 0.5428853035
, 0.5460529327
, 0.5491319299
, 0.5521267056
, 0.5550342798
, 0.5578542352
, 0.5605860949
, 0.5632293820
, 0.5657837987
, 0.5682529211
, 0.5706259608
, 0.5729148984
, 0.5751401782
, 0.5772476792
, 0.5792734027
, 0.5811875463
, 0.5830134153
, 0.5847487450
, 0.5863850117
, 0.5879444480
, 0.5893841982
, 0.5907673240
, 0.5920382738
, 0.5932146907
, 0.5942959785
, 0.5952767730
, 0.5961660147
, 0.5969680548
, 0.5977309942
, 0.5982948542
, 0.5988864303
, 0.5992408991
, 0.5995724797
, 0.5998101830
, 0.5999522805
, 0.6000000238
, 0.5999529362
, 0.5998111367
, 0.5995748639
, 0.5992431045
, 0.5988172293
, 0.5982967615
, 0.5976824164
, 0.5969731808
, 0.5960914493
, 0.5952656865
, 0.5941224694
, 0.5931938887
, 0.5920157433
, 0.5907408595
, 0.5893747211
, 0.5879167914
, 0.5863662958
, 0.5847218633
, 0.5829834938
, 0.5811545849
, 0.5792356730
, 0.5772217512
, 0.5751184225
, 0.5729243159
, 0.5704381466
, 0.5682570338
, 0.5654101372
, 0.5632491708
, 0.5606064796
, 0.5578356385
, 0.5550534725
, 0.5521464944
, 0.5491523147
, 0.5460688472
, 0.5429016948
, 0.5396543741
, 0.5363132954
, 0.5328936577
, 0.5293868184
, 0.5257901549
, 0.5218108892
, 0.5182777047
, 0.5144248009
, 0.5105171204
, 0.5065054297
, 0.5024200082
, 0.4983012676
, 0.4940369725
, 0.4897377491
, 0.4853135347
, 0.4808229506
, 0.4763249755
, 0.4716756642
, 0.4670058787
, 0.4622997940
, 0.4574820995
, 0.4519359171
, 0.4475817680
, 0.4417509735
, 0.4374028444
, 0.4321984947
, 0.4269394279
, 0.4216125011
, 0.4162055850
, 0.4107469618
, 0.4052186012
, 0.3996307254
, 0.3939753175
, 0.3882577121
, 0.3824787736
, 0.3766394556
, 0.3707157671
, 0.3638840914
, 0.3587484360
, 0.3517702222
, 0.3465540409
, 0.3403824866
, 0.3341516554
, 0.3278630972
, 0.3215228021
, 0.3151316941
, 0.3086908460
, 0.3022012413
, 0.2956639230
, 0.2890746891
, 0.2824449837
, 0.2757760286
, 0.2690581977
, 0.2613536417
, 0.2554907799
, 0.2486425191
, 0.2417728156
, 0.2348533124
, 0.2278967202
, 0.2208985835
, 0.2138710916
, 0.2068154514
, 0.1997215599
, 0.1925961375
, 0.1854402870
, 0.1782551557
, 0.1710418761
, 0.1638015956
, 0.1565354466
, 0.1481847167
, 0.1417763233
, 0.1344088465
, 0.1270502210
, 0.1196648926
, 0.1115902513
, 0.1048891172
, 0.0974327922
, 0.0900413990
, 0.0825180560
, 0.0750555471
, 0.0675317273
, 0.0600534528
, 0.0526040196
, 0.0451960824
, 0.0377058871
, 0.0290727727
, 0.0226397477
, 0.0150969196
, 0.0075584906
, 0.0000256558
, -0.0075139701
, -0.0150524098
, -0.0225824937
, -0.0301149916
, -0.0376427360
, -0.0451645330
, -0.0526790880
, -0.0601854362
, -0.0676822811
, -0.0751745999
, -0.0826427266
, -0.0917422101
, -0.0975570977
, -0.1049952582
, -0.1123975962
, -0.1198009625
, -0.1271793097
, -0.1345375627
, -0.1418745816
, -0.1491891891
, -0.1564742476
, -0.1637406200
, -0.1709811240
, -0.1781946272
, -0.1853859127
, -0.1925419718
, -0.1996676475
, -0.2081802636
, -0.2138350904
, -0.2208685279
, -0.2278438359
, -0.2348006964
, -0.2417148054
, -0.2486021072
, -0.2554444671
, -0.2622464895
, -0.2690070868
, -0.2757252455
, -0.2823998332
, -0.2890298367
, -0.2956087589
, -0.3021464944
, -0.3086364865
, -0.3162717819
, -0.3216456473
, -0.3280057907
, -0.3342618048
, -0.3405171037
, -0.3475806415
, -0.3528144658
, -0.3589556217
, -0.3648431301
, -0.3708349764
, -0.3767135143
, -0.3826153576
, -0.3883777559
, -0.3940470815
, -0.3996211886
, -0.4051857591
, -0.4116584361
, -0.4161784053
, -0.4215808213
, -0.4269081354
, -0.4321677089
, -0.4373636842
, -0.4424906075
, -0.4475435317
, -0.4525423646
, -0.4574489892
, -0.4622959197
, -0.4670574367
, -0.4717534482
, -0.4763749242
, -0.4809212089
, -0.4854101837
, -0.4909842908
, -0.4941443503
, -0.4989835024
, -0.5025097728
, -0.5065866709
, -0.5105832815
, -0.5144996643
, -0.5183380842
, -0.5220946074
, -0.5257686973
, -0.5293598175
, -0.5328845978
, -0.5362963676
, -0.5396402478
, -0.5428853631
, -0.5460529923
, -0.5498887300
, -0.5522033572
, -0.5554680824
, -0.5578541756
, -0.5605860353
, -0.5632293820
, -0.5657837391
, -0.5682548285
, -0.5706260204
, -0.5729111433
, -0.5751111507
, -0.5772096515
, -0.5792207122
, -0.5811420083
, -0.5829715133
, -0.5847089887
, -0.5868037343
, -0.5880453587
, -0.5894066691
, -0.5907683969
, -0.5920403600
, -0.5932185054
, -0.5942968726
, -0.5952885747
, -0.5961803198
, -0.5969858170
, -0.5976856947
, -0.5983090997
, -0.5988271236
, -0.5992475152
, -0.5995753407
, -0.5998097062
, -0.5999760032
, -0.5999999046
, -0.5999386311
, -0.5998020172
, -0.5995748639
, -0.5992431045
, -0.5988176465
, -0.5982972383
, -0.5976829529
, -0.5969700217
, -0.5961703658
, -0.5952727795
, -0.5942812562
, -0.5931957960
, -0.5920084715
, -0.5907430649
, -0.5889703631
, -0.5878181458
, -0.5861252546
, -0.5847232342
, -0.5829820633
, -0.5811578035
, -0.5791117549
, -0.5772252679
, -0.5751221180
, -0.5729263425
, -0.5706418157
, -0.5682671666
, -0.5658006072
, -0.5632491112
, -0.5605952144
, -0.5578776002
, -0.5541897416
, -0.5519160628
, -0.5487029552
, -0.5460714102
, -0.5429071188
, -0.5396543145
, -0.5363190770
, -0.5328964591
, -0.5293867588
, -0.5257993340
, -0.5221258998
, -0.5183669329
, -0.5145226121
, -0.5106065869
, -0.5066104531
, -0.5025204420
, -0.4969866872
, -0.4937642515
, -0.4891598821
, -0.4854288697
, -0.4809591770
, -0.4764135480
, -0.4717888534
, -0.4670815766
, -0.4623242319
, -0.4574777186
, -0.4525716901
, -0.4475817084
, -0.4425251186
, -0.4373986721
, -0.4321984947
, -0.4269393384
, -0.4201428890
, -0.4149967432
, -0.4106039703
, -0.4050689936
, -0.3994608521
, -0.3938178122
, -0.3880939186
, -0.3823329210
, -0.3765114546
, -0.3705764413
, -0.3646677434
, -0.3585754931
, -0.3525021076
, -0.3464401066
, -0.3403092623
, -0.3341309130
, -0.3255662024
, -0.3207911253
, -0.3150996864
, -0.3085174859
, -0.3021959960
, -0.2956586182
, -0.2890745997
, -0.2824337184
, -0.2757706046
, -0.2690527737
, -0.2622864246
, -0.2554906905
, -0.2486485988
, -0.2417672426
, -0.2348534167
, -0.2278910875
, -0.2185025215
, -0.2129662782
, -0.2068034708
, -0.1997216642
, -0.1925962418
, -0.1854403913
, -0.1782552749
, -0.1710419953
, -0.1638017148
, -0.1565355510
, -0.1492386758
, -0.1419242173
, -0.1345933974
, -0.1272352934
, -0.1198571026
, -0.1124599800
, -0.1050450951
, -0.0975950137
, -0.0901606008
, -0.0826994702
, -0.0752314404
, -0.0677392110
, -0.0602486208
, -0.0527361594
, -0.0452277474
, -0.0377060026
, -0.0301783048
, -0.0226458404
, -0.0151098007
, -0.0075713750
, -0.0000128854
, 0.0075078732
, 0.0150525244
, 0.0227594264
, 0.0303168762
, 0.0378316157
, 0.0453727543
, 0.0528743714
, 0.0603738464
, 0.0678704381
, 0.0753060877
, 0.0828302875
, 0.0902290791
, 0.0977502987
, 0.1051814780
