StateVariable_6=[0.0000000000
, 0.0000000000
, 0.0015576973
, 0.0083450265
, 0.0167649779
, 0.0239866320
, 0.0304819662
, 0.0396915376
, 0.0484715104
, 0.0545639396
, 0.0574502908
, 0.0590044819
, 0.0635416433
, 0.0681577474
, 0.0706434473
, 0.0704701692
, 0.0679109246
, 0.0635489821
, 0.0580195189
, 0.0518872030
, 0.0456000529
, 0.0394835323
, 0.0337537937
, 0.0285381638
, 0.0238965023
, 0.0198404323
, 0.0163492225
, 0.0133821778
, 0.0124455262
, 0.0171554796
, 0.0238594431
, 0.0296738259
, 0.0335201807
, 0.0352548994
, 0.0351657160
, 0.0336927064
, 0.0312837213
, 0.0283278823
, 0.0251325406
, 0.0219229087
, 0.0188521910
, 0.0175796747
, 0.0218435507
, 0.0280505121
, 0.0333548188
, 0.0367051028
, 0.0379755273
, 0.0390062779
, 0.0438774191
, 0.0494765900
, 0.0549423248
, 0.0632213876
, 0.0708469972
, 0.0770313814
, 0.0849952176
, 0.0915397778
, 0.0961233377
, 0.1021667793
, 0.1082253531
, 0.1160173267
, 0.1233465001
, 0.1332542896
, 0.1456909478
, 0.1565646231
, 0.1683060378
, 0.1808917075
, 0.1905420125
, 0.2000822872
, 0.2114140689
, 0.2247232199
, 0.2390692681
, 0.2535823584
, 0.2700752914
, 0.2867155671
, 0.3028573692
, 0.3175824583
, 0.3319292068
, 0.3494615257
, 0.3666873574
, 0.3825446069
, 0.3999221325
, 0.4153812826
, 0.4282120168
, 0.4417272806
, 0.4544281363
, 0.4695868194
, 0.4885670841
, 0.5090486407
, 0.5266297460
, 0.5436151028
, 0.5615957975
, 0.5806746483
, 0.6003186107
, 0.6198375821
, 0.6385962367
, 0.6561138034
, 0.6736394167
, 0.6946889758
, 0.7156303525
, 0.7352346778
, 0.7562378049
, 0.7766606212
, 0.7993096709
, 0.8237191439
, 0.8456611633
, 0.8674563169
, 0.8907026649
, 0.9153079987
, 0.9405140877
, 0.9654375315
, 0.9892469645
, 1.0114736557
, 1.0330728292
, 1.0576040745
, 1.0815492868
, 1.1038361788
, 1.1274286509
, 1.1503275633
, 1.1748069525
, 1.1997271776
, 1.2232627869
, 1.2481771708
, 1.2726678848
, 1.2970830202
, 1.3214973211
, 1.3455210924
, 1.3685842752
, 1.3901779652
, 1.4115073681
, 1.4360486269
, 1.4616602659
, 1.4892393351
, 1.5158550739
, 1.5424330235
, 1.5671744347
, 1.5938737392
, 1.6203962564
, 1.6477946043
, 1.6744502783
, 1.7002706528
, 1.7251019478
, 1.7486102581
, 1.7704703808
, 1.7919790745
, 1.8166280985
, 1.8407545090
, 1.8631633520
, 1.8882030249
, 1.9159817696
, 1.9421495199
, 1.9680080414
, 1.9938226938
, 2.0216903687
, 2.0470390320
, 2.0703916550
, 2.0943219662
, 2.1225020885
, 2.1517565250
, 2.1788837910
, 2.2023983002
, 2.2234477997
, 2.2459173203
, 2.2682542801
, 2.2917881012
, 2.3139927387
, 2.3376123905
, 2.3630988598
, 2.3870913982
, 2.4080851078
, 2.4285244942
, 2.4498054981
, 2.4717640877
, 2.4939208031
, 2.5158383846
, 2.5365900993
, 2.5557372570
, 2.5742919445
, 2.5959284306
, 2.6175184250
, 2.6376776695
, 2.6594917774
, 2.6797120571
, 2.6972177029
, 2.7146024704
, 2.7294850349
, 2.7453346252
, 2.7641577721
, 2.7815790176
, 2.7995889187
, 2.8194608688
, 2.8409020901
, 2.8631689548
, 2.8853824139
, 2.9067888260
, 2.9267940521
, 2.9450192451
, 2.9612777233
, 2.9754781723
, 2.9873344898
, 2.9968807697
, 3.0067577362
, 3.0198156834
, 3.0341343880
, 3.0469233990
, 3.0584213734
, 3.0720622540
, 3.0845680237
, 3.0952045918
, 3.1071860790
, 3.1188876629
, 3.1318893433
, 3.1438958645
, 3.1563923359
, 3.1672508717
, 3.1793115139
, 3.1920831203
, 3.2029080391
, 3.2130057812
, 3.2203388214
, 3.2283775806
, 3.2375822067
, 3.2443475723
, 3.2500090599
, 3.2527997494
, 3.2564244270
, 3.2615144253
, 3.2645800114
, 3.2685232162
, 3.2752125263
, 3.2831964493
, 3.2877309322
, 3.2907617092
, 3.2956793308
, 3.3014204502
, 3.3039402962
, 3.3064105511
, 3.3096284866
, 3.3087980747
, 3.3076004982
, 3.3074641228
, 3.3049440384
, 3.3033065796
, 3.3030006886
, 3.3009331226
, 3.2990322113
, 3.2958106995
, 3.2941164970
, 3.2933330536
, 3.2898647785
, 3.2829136848
, 3.2761507034
, 3.2687344551
, 3.2629721165
, 3.2556235790
, 3.2464609146
, 3.2392482758
, 3.2312793732
, 3.2223763466
, 3.2161858082
, 3.2098052502
, 3.2028362751
, 3.1987245083
, 3.1947829723
, 3.1891932487
, 3.1797783375
, 3.1676211357
, 3.1542451382
, 3.1406543255
, 3.1275575161
, 3.1154055595
, 3.1028857231
, 3.0864338875
, 3.0696682930
, 3.0537722111
, 3.0359816551
, 3.0183002949
, 2.9994146824
, 2.9818229675
, 2.9634318352
, 2.9453949928
, 2.9281253815
, 2.9111359119
, 2.8975081444
, 2.8840842247
, 2.8688790798
, 2.8516933918
, 2.8331582546
, 2.8141291142
, 2.7954006195
, 2.7760376930
, 2.7527954578
, 2.7279677391
, 2.7008333206
, 2.6744382381
, 2.6475484371
, 2.6217465401
, 2.5963399410
, 2.5743358135
, 2.5529880524
, 2.5305802822
, 2.5072951317
, 2.4827375412
, 2.4563183784
, 2.4260127544
, 2.3958349228
, 2.3673505783
, 2.3378498554
, 2.3097507954
, 2.2805788517
, 2.2508311272
, 2.2247219086
, 2.1997439861
, 2.1731534004
, 2.1452381611
, 2.1155364513
, 2.0813953876
, 2.0471856594
, 2.0147097111
, 1.9816137552
, 1.9500972033
, 1.9174559116
, 1.8824889660
, 1.8474177122
, 1.8171643019
, 1.7878535986
, 1.7540087700
, 1.7187662125
, 1.6831095219
, 1.6433974504
, 1.6024105549
, 1.5639219284
, 1.5305016041
, 1.4984217882
, 1.4656404257
, 1.4321172237
, 1.3970659971
, 1.3577668667
, 1.3186255693
, 1.2814722061
, 1.2440925837
, 1.2087779045
, 1.1728137732
, 1.1356019974
, 1.0981035233
, 1.0571407080
, 1.0151268244
, 0.9752410054
, 0.9345484972
, 0.8949005604
, 0.8536457419
, 0.8114288449
, 0.7728953362
, 0.7359778285
, 0.6993249059
, 0.6615409255
, 0.6196436286
, 0.5779849291
, 0.5384488106
, 0.4972325265
, 0.4549160600
, 0.4169231951
, 0.3804429471
, 0.3436220288
, 0.3049642146
, 0.2616009712
, 0.2180623412
, 0.1779695749
, 0.1413518190
, 0.1049563661
, 0.0705988035
, 0.0353834592
, -0.0004532512
, -0.0326575078
, -0.0635937229
, -0.0944239497
, -0.1247016713
, -0.1555932760
, -0.1856681556
, -0.2143787742
, -0.2410340607
, -0.2664610445
, -0.2940413356
, -0.3217623234
, -0.3506687880
, -0.3779802918
, -0.4048170149
, -0.4287382662
, -0.4527954757
, -0.4786330163
, -0.5060406923
, -0.5335195065
, -0.5592761040
, -0.5858128071
, -0.6116876602
, -0.6372106075
, -0.6623595357
, -0.6895871758
, -0.7164303064
, -0.7450298071
, -0.7722482085
, -0.7987712622
, -0.8220791817
, -0.8452656865
, -0.8700709939
, -0.8948466182
, -0.9150838256
, -0.9335937500
, -0.9539179206
, -0.9790022373
, -1.0053372383
, -1.0325115919
, -1.0578240156
, -1.0811061859
, -1.1055824757
, -1.1293964386
, -1.1538674831
, -1.1765319109
, -1.2002567053
, -1.2248977423
, -1.2463788986
, -1.2672550678
, -1.2891820669
, -1.3117778301
, -1.3335282803
, -1.3539780378
, -1.3734589815
, -1.3953076601
, -1.4173735380
, -1.4376460314
, -1.4567924738
, -1.4782599211
, -1.5002335310
, -1.5238549709
, -1.5448776484
, -1.5622509718
, -1.5808155537
, -1.6012938023
, -1.6198444366
, -1.6384956837
, -1.6564157009
, -1.6714876890
, -1.6864470243
, -1.7028918266
, -1.7208690643
, -1.7398602962
, -1.7590850592
, -1.7779079676
, -1.7957313061
, -1.8120367527
, -1.8267192841
, -1.8393921852
, -1.8503068686
, -1.8599737883
, -1.8686244488
, -1.8776727915
, -1.8886015415
, -1.8954540491
, -1.9030818939
, -1.9147733450
, -1.9272524118
, -1.9390385151
, -1.9526785612
, -1.9645919800
, -1.9741059542
, -1.9845427275
, -1.9944106340
, -2.0054740906
, -2.0155718327
, -2.0262393951
, -2.0353682041
, -2.0449419022
, -2.0523877144
, -2.0565261841
, -2.0609049797
, -2.0672128201
, -2.0724861622
, -2.0780436993
, -2.0818376541
, -2.0857129097
, -2.0878965855
, -2.0919089317
, -2.0981140137
, -2.1027929783
, -2.1071012020
, -2.1090500355
, -2.1106448174
, -2.1102972031
, -2.1116786003
, -2.1152608395
, -2.1159198284
, -2.1127429008
, -2.1094989777
, -2.1053049564
, -2.1024923325
, -2.0993535519
, -2.0977735519
, -2.0958211422
, -2.0952460766
, -2.0925357342
, -2.0873413086
, -2.0834281445
, -2.0781285763
, -2.0714244843
, -2.0683615208
, -2.0677096844
, -2.0607652664
, -2.0501301289
, -2.0419723988
, -2.0345420837
, -2.0261964798
, -2.0166494846
, -2.0062494278
, -1.9953074455
, -1.9844199419
, -1.9737216234
, -1.9636683464
, -1.9532291889
, -1.9389162064
, -1.9242238998
, -1.9115869999
, -1.9001413584
, -1.8864507675
