StateVariable_7=[0.0000000000
, 0.0000000000
, 0.0183053985
, 0.0716502890
, 0.0959724411
, 0.0852213278
, 0.0766395181
, 0.1023861468
, 0.1076031774
, 0.0869583115
, 0.0571260862
, 0.0493512787
, 0.0852222741
, 0.1000839695
, 0.0853179693
, 0.0579950288
, 0.0324102864
, 0.0145702763
, 0.0046142116
, 0.0002522235
, -0.0010052212
, -0.0009409161
, -0.0005350487
, -0.0001921099
, -0.0000040191
, 0.0000620426
, 0.0000631853
, 0.0000421289
, 0.0183263849
, 0.0716573745
, 0.0959727466
, 0.0852194503
, 0.0589836948
, 0.0332845002
, 0.0150455711
, 0.0047696205
, 0.0002396919
, -0.0010716642
, -0.0010031610
, -0.0005749236
, -0.0002112530
, 0.0183725171
, 0.0720145404
, 0.0964422226
, 0.0856245682
, 0.0592563301
, 0.0334335752
, 0.0332322903
, 0.0757217035
, 0.0952514112
, 0.1015513614
, 0.1288593560
, 0.1281085014
, 0.1180898473
, 0.1355610490
, 0.1299573630
, 0.1179516464
, 0.1346765310
, 0.1473362893
, 0.1706458330
, 0.1769789755
, 0.2081168890
, 0.2403960675
, 0.2365829349
, 0.2489746213
, 0.2634735107
, 0.2471316904
, 0.2524805367
, 0.2821314633
, 0.3180119991
, 0.3428093195
, 0.3577488065
, 0.3861408830
, 0.4016939998
, 0.4087054431
, 0.4065522552
, 0.4177714884
, 0.4636378884
, 0.4823017120
, 0.4864037633
, 0.5117592216
, 0.5097543001
, 0.4990366995
, 0.5160127878
, 0.5285406113
, 0.5699600577
, 0.6277850866
, 0.6608015895
, 0.6476812959
, 0.6488552690
, 0.6724784374
, 0.7036700249
, 0.7303546071
, 0.7481500506
, 0.7577148080
, 0.7617040873
, 0.7810276747
, 0.8341937661
, 0.8580746055
, 0.8651942611
, 0.8918889165
, 0.9086409211
, 0.9503583908
, 0.9891789556
, 0.9892818928
, 1.0038681030
, 1.0389186144
, 1.0779669285
, 1.1092348099
, 1.1292392015
, 1.1394228935
, 1.1441659927
, 1.1620303392
, 1.2139010429
, 1.2376580238
, 1.2463155985
, 1.2765276432
, 1.2963237762
, 1.3343145847
, 1.3630076647
, 1.3752166033
, 1.4078226089
, 1.4297438860
, 1.4525796175
, 1.4763187170
, 1.4966151714
, 1.5106661320
, 1.5186822414
, 1.5407692194
, 1.5954513550
, 1.6379486322
, 1.6801226139
, 1.6963455677
, 1.7134243250
, 1.7208350897
, 1.7607800961
, 1.7906652689
, 1.8254823685
, 1.8457729816
, 1.8619254827
, 1.8763881922
, 1.8881055117
, 1.8964415789
, 1.9198081493
, 1.9754601717
, 2.0002856255
, 2.0078129768
, 2.0532279015
, 2.1049404144
, 2.1183745861
, 2.1339712143
, 2.1580164433
, 2.2009737492
, 2.2063441277
, 2.2087097168
, 2.2394721508
, 2.3090746403
, 2.3534443378
, 2.3583950996
, 2.3409860134
, 2.3370153904
, 2.3729550838
, 2.4053869247
, 2.4429757595
, 2.4577505589
, 2.4925792217
, 2.5339441299
, 2.5435061455
, 2.5338182449
, 2.5457918644
, 2.5775895119
, 2.6112310886
, 2.6383979321
, 2.6577394009
, 2.6663327217
, 2.6688151360
, 2.6842556000
, 2.7349359989
, 2.7609786987
, 2.7696964741
, 2.8007345200
, 2.8060986996
, 2.7989146709
, 2.8113663197
, 2.8094441891
, 2.8386991024
, 2.8878362179
, 2.8996565342
, 2.9200739861
, 2.9545841217
, 2.9896447659
, 3.0170607567
, 3.0344648361
, 3.0436697006
, 3.0473251343
, 3.0480377674
, 3.0476241112
, 3.0464191437
, 3.0415406227
, 3.0364727974
, 3.0570650101
, 3.1063871384
, 3.1385388374
, 3.1363620758
, 3.1320989132
, 3.1592128277
, 3.1629443169
, 3.1578090191
, 3.1786596775
, 3.1933078766
, 3.2171981335
, 3.2232909203
, 3.2359933853
, 3.2334873676
, 3.2548499107
, 3.2745013237
, 3.2704792023
, 3.2694451809
, 3.2539560795
, 3.2696082592
, 3.2925882339
, 3.2839539051
, 3.2763330936
, 3.2558851242
, 3.2690351009
, 3.2914259434
, 3.2833082676
, 3.2944562435
, 3.3273086548
, 3.3463745117
, 3.3180916309
, 3.3010337353
, 3.3215959072
, 3.3376154900
, 3.3154029846
, 3.3153648376
, 3.3238623142
, 3.2921931744
, 3.2872009277
, 3.2982640266
, 3.2823233604
, 3.2898552418
, 3.3026292324
, 3.2891323566
, 3.2843697071
, 3.2710726261
, 3.2827994823
, 3.2918403149
, 3.2640104294
, 3.2242209911
, 3.2159821987
, 3.2111294270
, 3.2241189480
, 3.2071824074
, 3.1833634377
, 3.1909930706
, 3.1796300411
, 3.1649353504
, 3.1807942390
, 3.1750767231
, 3.1633636951
, 3.1802968979
, 3.1787583828
, 3.1538414955
, 3.1054501534
, 3.0657312870
, 3.0451498032
, 3.0383679867
, 3.0387067795
, 3.0413780212
, 3.0256228447
, 2.9740464687
, 2.9508717060
, 2.9437294006
, 2.9165432453
, 2.8992559910
, 2.8743524551
, 2.8679323196
, 2.8463323116
, 2.8317205906
, 2.8206136227
, 2.8089969158
, 2.8229825497
, 2.8116030693
, 2.7754061222
, 2.7339239120
, 2.7008016109
, 2.6798877716
, 2.6692082882
, 2.6467430592
, 2.5925292969
, 2.5503437519
, 2.5085628033
, 2.4926812649
, 2.4712324142
, 2.4582815170
, 2.4417741299
, 2.4486925602
, 2.4330344200
, 2.3962130547
, 2.3575043678
, 2.3181729317
, 2.2727444172
, 2.2110002041
, 2.1854820251
, 2.1787378788
, 2.1507782936
, 2.1349232197
, 2.0968196392
, 2.0620715618
, 2.0662069321
, 2.0535893440
, 2.0103886127
, 1.9642655849
, 1.9127571583
, 1.8408533335
, 1.8084313869
, 1.7986268997
, 1.7716088295
, 1.7549890280
, 1.7129286528
, 1.6539666653
, 1.6178520918
, 1.6320532560
, 1.6149917841
, 1.5395036936
, 1.4828183651
, 1.4398367405
, 1.3696306944
, 1.3205035925
, 1.3135050535
, 1.3341233730
, 1.3197482824
, 1.2748267651
, 1.2243862152
, 1.1661896706
, 1.0877898932
, 1.0504472256
, 1.0372680426
, 1.0090312958
, 0.9926787019
, 0.9511409402
, 0.8998754621
, 0.8536774516
, 0.7820527554
, 0.7319234610
, 0.7133598328
, 0.6755774617
, 0.6453693509
, 0.5901772976
, 0.5396738052
, 0.5324721336
, 0.5145686269
, 0.4795687795
, 0.4238795936
, 0.3411313593
, 0.2981958687
, 0.2810081542
, 0.2317141742
, 0.1831436157
, 0.1823271811
, 0.1641232818
, 0.1223940924
, 0.0580843389
, -0.0317935459
, -0.0793299899
, -0.0806116164
, -0.0774463639
, -0.1060210541
, -0.1297487468
, -0.1790442169
, -0.2253044099
, -0.2304183245
, -0.2479749620
, -0.2792080045
, -0.3105748296
, -0.3497979641
, -0.3756250143
, -0.3917880356
, -0.3989358842
, -0.4161941111
, -0.4646969736
, -0.5022301674
, -0.5410321355
, -0.5551767349
, -0.5714550614
, -0.5695462227
, -0.5944458842
, -0.6410851479
, -0.6884159446
, -0.7167818546
, -0.7258546352
, -0.7532753944
, -0.7740462422
, -0.7954635024
, -0.8201341629
, -0.8648416400
, -0.8936010599
, -0.9339579940
, -0.9495938420
, -0.9635072947
, -0.9577163458
, -0.9791302681
, -1.0236333609
, -1.0518647432
, -1.0341458321
, -1.0337373018
, -1.0754359961
, -1.1497653723
, -1.1952258348
, -1.2246993780
, -1.2247184515
, -1.2233443260
, -1.2529186010
, -1.2764468193
, -1.3069537878
, -1.3173621893
, -1.3503042459
, -1.3828577995
, -1.3787301779
, -1.3911039829
, -1.4239958525
, -1.4564324617
, -1.4728500843
, -1.4796432257
, -1.4913054705
, -1.5342003107
, -1.5622555017
, -1.5659354925
, -1.5739613771
, -1.6138989925
, -1.6464673281
, -1.6831474304
, -1.6787183285
, -1.6596944332
, -1.6867345572
, -1.7284953594
, -1.7376595736
, -1.7557709217
, -1.7658190727
, -1.7567763329
, -1.7704443932
, -1.8046094179
, -1.8419575691
, -1.8720128536
, -1.8912590742
, -1.9021209478
, -1.9066642523
, -1.9069213867
, -1.9064155817
, -1.9030950069
, -1.9018329382
, -1.9052218199
, -1.9104777575
, -1.9306272268
, -1.9593319893
, -1.9357663393
, -1.9475520849
, -1.9967464209
, -2.0206880569
, -2.0257380009
, -2.0478031635
, -2.0409879684
, -2.0265629292
, -2.0411250591
, -2.0522496700
, -2.0749702454
, -2.0811634064
, -2.0940608978
, -2.0913805962
, -2.1020560265
, -2.0908246040
, -2.0661861897
, -2.0745828152
, -2.1028633118
, -2.1077935696
, -2.1140356064
, -2.1035859585
, -2.1043584347
, -2.0946319103
, -2.1165645123
, -2.1444561481
, -2.1393396854
, -2.1337349415
, -2.1137962341
, -2.1085476875
, -2.0957224369
, -2.1162486076
, -2.1434919834
, -2.1202800274
, -2.0799295902
, -2.0710575581
, -2.0659782887
, -2.0795030594
, -2.0814733505
, -2.0931928158
, -2.0905187130
, -2.0977399349
, -2.0737810135
, -2.0444929600
, -2.0488445759
, -2.0358839035
, -2.0213255882
, -2.0534675121
, -2.0757992268
, -2.0133469105
, -1.9618604183
, -1.9732968807
, -1.9828565121
, -1.9726983309
, -1.9527938366
, -1.9337712526
, -1.9188886881
, -1.9104833603
, -1.9043459892
, -1.9022217989
, -1.8866952658
, -1.8380991220
, -1.8172577620
, -1.8272498846
, -1.8312083483
