time=[0.0000000000
, 0.9975000024
, 1.9974999428
, 3.0134999752
, 3.9992001057
, 5.0000000000
, 5.9991998672
, 6.9974999428
, 7.9974999428
, 8.9983997345
, 9.9975004196
, 10.9975004196
, 11.9975004196
, 12.9975004196
, 13.9975004196
, 14.9975004196
, 15.9983997345
, 16.9974994659
, 17.9974994659
, 19.0083999634
, 20.1476993561
, 20.9974994659
, 21.9974994659
, 22.9992008209
, 24.0000000000
, 24.9992008209
, 25.9983997345
, 26.9974994659
, 27.9967002869
, 28.9967002869
, 29.9967002869
, 30.9974994659
, 31.9967002869
, 32.9967002869
, 33.9975013733
, 35.0108985901
, 36.1493988037
, 36.9975013733
, 37.9967002869
, 38.9967002869
, 39.9967002869
, 40.9967002869
, 41.9975013733
, 42.9967002869
, 43.9984016418
, 44.9975013733
, 45.9975013733
, 46.9967002869
, 47.9984016418
, 48.9984016418
, 49.9975013733
, 51.0192985535
, 52.0260009766
, 53.0234985352
, 54.0185012817
, 55.0135002136
, 56.0234985352
, 57.0201988220
, 58.0227012634
, 59.0218009949
, 60.0143013000
, 61.0218009949
, 62.0218009949
, 63.0143013000
, 64.0075988770
, 64.9974975586
, 66.0000000000
, 67.0075988770
, 68.1460037231
, 68.9974975586
, 69.9966964722
, 70.9966964722
, 72.0042037964
, 72.9966964722
, 73.9983978271
, 74.9974975586
, 75.9974975586
, 76.9966964722
, 77.9966964722
, 78.9966964722
, 79.9966964722
, 80.9974975586
, 82.0009002686
, 83.0134963989
, 84.0042037964
, 85.0034027100
, 86.0000000000
, 86.9991989136
, 87.9991989136
, 88.9991989136
, 89.9991989136
, 90.9991989136
, 91.9991989136
, 92.9991989136
, 93.9991989136
, 94.9991989136
, 95.9991989136
, 96.9991989136
, 97.9991989136
, 99.0134963989
, 100.0017013550
, 101.0026016235
, 101.9991989136
, 102.9991989136
, 103.9991989136
, 104.9991989136
, 105.9991989136
, 106.9991989136
, 107.9991989136
, 108.9991989136
, 109.9991989136
, 110.9983978271
, 111.9983978271
, 112.9991989136
, 113.9991989136
, 115.0150985718
, 116.0286026001
, 117.0243988037
, 118.0177001953
, 119.0150985718
, 120.0193023682
, 121.0159988403
, 122.0226974487
, 123.0243988037
, 124.0185012817
, 125.0217971802
, 126.0159988403
, 127.0150985718
, 128.0092926025
, 129.0000000000
, 129.9992065430
, 131.0126037598
, 132.0016937256
, 133.0016937256
, 133.9992065430
, 135.0009002686
, 136.0000000000
, 137.0016937256
, 137.9992065430
, 138.9992065430
, 140.0000000000
, 141.0000000000
, 142.0000000000
, 143.0000000000
, 144.0000000000
, 145.0009002686
, 146.0009002686
, 147.0126037598
, 148.0025939941
, 149.0066986084
, 149.9992065430
, 151.0000000000
, 152.0000000000
, 152.9992065430
, 154.0000000000
, 155.0016937256
, 156.0016937256
, 157.0041961670
, 158.0009002686
, 158.9992065430
, 160.0000000000
, 161.0000000000
, 162.0009002686
, 163.0151062012
, 164.0025939941
, 165.0059051514
, 166.0009002686
, 167.0000000000
, 168.0000000000
, 168.9992065430
, 169.9992065430
, 170.9992065430
, 172.0009002686
, 173.0000000000
, 174.0000000000
, 175.0016937256
, 176.0016937256
, 177.0084075928
, 178.0000000000
, 179.0142974854
, 180.0066986084
, 181.0000000000
, 181.9992065430
, 183.0000000000
, 183.9992065430
, 185.0009002686
, 186.0009002686
, 186.9992065430
, 187.9992065430
, 188.9992065430
, 190.0000000000
, 190.9992065430
, 192.0025939941
, 192.9992065430
, 194.0000000000
, 195.0142974854
, 196.0301971436
, 197.0252075195
, 198.0209960938
, 199.0167999268
, 200.0193023682
, 201.0151062012
, 202.0243988037
, 203.0252075195
, 204.0243988037
, 205.0243988037
, 206.0142974854
, 207.0167999268
, 208.0101013184
, 209.0000000000
, 210.0016937256
, 211.0142974854
, 212.0025939941
, 213.0034027100
, 213.9992065430
, 215.0009002686
, 216.0009002686
, 217.0041961670
, 218.0000000000
, 218.9992065430
, 219.9992065430
, 220.9992065430
, 221.9992065430
, 222.9992065430
, 223.9992065430
, 225.0000000000
, 226.0009002686
, 227.0142974854
, 228.0016937256
, 229.0108947754
, 230.0025939941
, 230.9992065430
, 232.0009002686
, 232.9992065430
, 233.9992065430
, 235.0009002686
, 236.0009002686
, 237.0066986084
, 237.9992065430
, 238.9992065430
, 239.9992065430
, 240.9992065430
, 241.9992065430
, 243.0135040283
, 244.0016937256
, 245.0059051514
, 246.0000000000
, 247.0050964355
, 247.9967041016
, 248.9974975586
, 249.9967041016
, 250.9967041016
, 251.9967041016
, 252.9967041016
, 253.9967041016
, 254.9974975586
, 255.9974975586
, 256.9967041016
, 257.9967041016
, 259.0118103027
, 260.0285949707
, 261.0244140625
, 262.0192871094
, 263.0159912109
, 264.0202026367
, 265.0151062012
, 266.0217895508
, 267.0260009766
, 268.0209960938
, 269.0202026367
, 270.0159912109
, 271.0168151855
, 272.0101013184
, 273.0017089844
, 273.9967041016
, 275.0134887695
, 276.1502075195
, 277.0008850098
, 277.9974975586
, 278.9984130859
, 279.9967041016
, 280.9967041016
, 281.9967041016
, 282.9967041016
, 283.9967041016
, 284.9974975586
, 285.9974975586
, 286.9992065430
, 287.9992065430
, 289.0017089844
, 289.9974975586
, 291.0101013184
, 292.1510009766
, 292.9974975586
, 293.9974975586
, 294.9992065430
, 295.9984130859
, 296.9984130859
, 298.0050964355
, 299.0000000000
, 299.9984130859
, 300.9974975586
, 301.9974975586
, 302.9974975586
, 303.9974975586
, 304.9984130859
, 305.9984130859
, 307.0118103027
, 308.1452026367
, 308.9974975586
, 309.9974975586
, 310.9984130859
, 311.9974975586
, 312.9974975586
, 313.9984130859
, 314.9984130859
, 315.9974975586
, 316.9974975586
, 317.9974975586
, 318.9974975586
, 320.0000000000
, 320.9984130859
, 321.9974975586
, 323.0101013184
, 324.0302124023
, 325.0244140625
, 326.0192871094
, 327.0159912109
, 328.0217895508
, 329.0177001953
, 330.0285949707
, 331.0260009766
, 332.0202026367
, 333.0209960938
, 334.0143127441
, 335.0159912109
, 336.0093078613
, 337.0008850098
, 338.0177001953
, 339.2080993652
, 340.0982055664
, 341.2072143555
, 342.0151062012
, 343.0184936523
, 344.0126037598
, 345.0234985352
, 345.9984130859
, 346.9974975586
, 347.9974975586
, 349.0108947754
, 349.9967041016
, 350.9974975586
, 352.0126037598
, 353.0033874512
, 353.9974975586
, 355.0411071777
, 356.0000000000
, 357.0101013184
, 358.0050964355
, 359.0083923340
, 359.9992065430
, 360.9992065430
, 361.9992065430
, 362.9992065430
, 363.9992065430
, 364.9992065430
, 365.9992065430
, 367.0008850098
, 367.9992065430
, 368.9992065430
, 369.9992065430
, 371.0578918457
, 372.0017089844
, 373.0000000000
, 374.0025939941
, 374.9992065430
, 376.0000000000
, 376.9992065430
, 378.0075988770
, 378.9974975586
, 379.9974975586
, 381.0025939941
, 382.0067138672
, 382.9974975586
, 384.0033874512
, 385.0075988770
, 386.0000000000
, 387.0487060547
, 388.0177001953
, 389.0268859863
, 390.0192871094
, 391.0202026367
, 392.0202026367
, 393.0177001953
, 394.0192871094
, 395.0184936523
, 396.0244140625
, 397.0227050781
, 398.0151062012
, 399.0151062012
, 400.0108947754
, 401.0000000000
, 401.9992065430
, 403.0578918457
, 404.0017089844
, 405.0050964355
, 406.0008850098
, 406.9992065430
, 407.9992065430
, 408.9992065430
, 409.9992065430
, 410.9992065430
, 411.9992065430
, 412.9992065430
, 413.9992065430
, 415.0025939941
, 416.0008850098
, 416.9992065430
, 418.0075988770
, 419.0763854980
, 420.0017089844
, 421.0033874512
, 421.9992065430
, 422.9992065430
, 423.9992065430
, 425.0000000000
, 426.0000000000
, 427.0000000000
, 427.9992065430
, 428.9992065430
, 429.9992065430
, 430.9992065430
, 431.9992065430
, 432.9992065430
, 433.9992065430
, 435.0932006836
, 436.0075988770
, 437.0050964355
, 438.0033874512
, 438.9992065430
, 440.0000000000
, 441.0000000000
, 442.0000000000
, 442.9992065430
, 444.0000000000
, 445.0008850098
, 446.0008850098
, 447.0008850098
, 447.9992065430
, 449.0017089844
, 449.9992065430
, 451.0957031250
, 452.0184936523
, 453.0293884277
, 454.0202026367
, 455.0202026367
, 456.0234985352
, 457.0151062012
, 458.0192871094
, 459.0159912109
, 460.0234985352
, 461.0252075195
, 462.0177001953
, 463.0159912109
, 464.0118103027
, 465.0168151855
, 466.0075988770
, 467.1015014648
, 468.0126037598
, 469.0083923340
, 470.0126037598
, 471.0075988770
, 472.0000000000
, 473.0000000000
, 474.0000000000
, 475.0008850098
