position=[0.0304639284
, 0.0312255267
, 0.0319871269
, 0.0331295207
, 0.0342719182
, 0.0361759141
, 0.0380799100
, 0.0403647050
, 0.0430302992
, 0.0456958935
, 0.0487422869
, 0.0521694794
, 0.0559774674
, 0.0597854592
, 0.0639742538
, 0.0681630373
, 0.0731134266
, 0.0776830167
, 0.0826334059
, 0.0879645944
, 0.0936765820
, 0.0982461721
, 0.1039581597
, 0.1092893481
, 0.1150013283
, 0.1207133159
, 0.1264253110
, 0.1321372837
, 0.1378492713
, 0.1435612589
, 0.1492732465
, 0.1549852341
, 0.1610780209
, 0.1667900085
, 0.1721211970
, 0.1778331846
, 0.1843067706
, 0.1888763607
, 0.1942075491
, 0.1999195367
, 0.2048699260
, 0.2102011144
, 0.2155323029
, 0.2204826772
, 0.2254330665
, 0.2303834558
, 0.2353338450
, 0.2399034351
, 0.2448538244
, 0.2494234145
, 0.2539930046
, 0.2585625947
, 0.2631321847
, 0.2677017748
, 0.2718905509
, 0.2764601409
, 0.2806489468
, 0.2848377228
, 0.2890265286
, 0.2932153046
, 0.2974041104
, 0.3015928864
, 0.3057816923
, 0.3095896840
, 0.3137784600
, 0.3175864518
, 0.3217752576
, 0.3259640336
, 0.3305336237
, 0.3339608312
, 0.3377688229
, 0.3419575989
, 0.3457655907
, 0.3499543965
, 0.3537623584
, 0.3579511642
, 0.3617591560
, 0.3659479320
, 0.3697559237
, 0.3739447296
, 0.3777527213
, 0.3819414973
, 0.3861303031
, 0.3899382949
, 0.3941270709
, 0.3979350626
, 0.4021238685
, 0.4063126445
, 0.4101206362
, 0.4143094420
, 0.4181174338
, 0.4223062098
, 0.4264950156
, 0.4306837916
, 0.4344917834
, 0.4386805594
, 0.4428693652
, 0.4466773570
, 0.4508661330
, 0.4550549388
, 0.4592437148
, 0.4630517066
, 0.4672405124
, 0.4714292884
, 0.4756180942
, 0.4794260859
, 0.4836148620
, 0.4878036678
, 0.4919924438
, 0.4961812496
, 0.4999892414
, 0.5041780472
, 0.5083668232
, 0.5125555992
, 0.5163636208
, 0.5205523968
, 0.5247411728
, 0.5289299488
, 0.5327379704
, 0.5369267464
, 0.5411155224
, 0.5453042984
, 0.5491123199
, 0.5533010960
, 0.5574898720
, 0.5612978935
, 0.5654866695
, 0.5692946911
, 0.5734834671
, 0.5772914290
, 0.5814802647
, 0.5856690407
, 0.5894770026
, 0.5936658382
, 0.5974738002
, 0.6016625762
, 0.6054705977
, 0.6096593738
, 0.6138481498
, 0.6176561713
, 0.6218449473
, 0.6256529093
, 0.6298417449
, 0.6336497068
, 0.6378384829
, 0.6420273185
, 0.6458352804
, 0.6500240564
, 0.6538320780
, 0.6580208540
, 0.6618288755
, 0.6660176516
, 0.6698256135
, 0.6740144491
, 0.6778224111
, 0.6820111871
, 0.6862000227
, 0.6900079846
, 0.6941967607
, 0.6980047822
, 0.7021935582
, 0.7060015202
, 0.7101903558
, 0.7139983177
, 0.7181870937
, 0.7219951153
, 0.7261838913
, 0.7299919128
, 0.7341806889
, 0.7379886508
, 0.7421774864
, 0.7459854484
, 0.7501742244
, 0.7539822459
, 0.7581710219
, 0.7619790435
, 0.7661678195
, 0.7699757814
, 0.7741646171
, 0.7779725790
, 0.7821613550
, 0.7859693766
, 0.7901581526
, 0.7939661145
, 0.7981549501
, 0.8023437262
, 0.8061516881
, 0.8103405237
, 0.8141484857
, 0.8183372617
, 0.8221452832
, 0.8263340592
, 0.8301420808
, 0.8343308568
, 0.8381388187
, 0.8423276544
, 0.8465164304
, 0.8503243923
, 0.8545132279
, 0.8583211899
, 0.8625099659
, 0.8663179874
, 0.8705067635
, 0.8743147850
, 0.8785035610
, 0.8826923370
, 0.8865002990
, 0.8903083205
, 0.8944970965
, 0.8983051181
, 0.9024938941
, 0.9063018560
, 0.9104906917
, 0.9142986536
, 0.9184874296
, 0.9222954512
, 0.9264842272
, 0.9302922487
, 0.9344810247
, 0.9382889867
, 0.9424778223
, 0.9462857842
, 0.9504745603
, 0.9542825818
, 0.9584713578
, 0.9622793794
, 0.9664681554
, 0.9702761173
, 0.9744648933
, 0.9782729149
, 0.9824616909
, 0.9862697124
, 0.9904584885
, 0.9942664504
, 0.9984552860
, 1.0022633076
, 1.0060712099
, 1.0102599859
, 1.0140680075
, 1.0182567835
, 1.0220648050
, 1.0262535810
, 1.0300616026
, 1.0342503786
, 1.0380584002
, 1.0422471762
, 1.0460551977
, 1.0502439737
, 1.0540518761
, 1.0582407713
, 1.0620486736
, 1.0662374496
, 1.0700454712
, 1.0742342472
, 1.0780422688
, 1.0822310448
, 1.0860390663
, 1.0902278423
, 1.0940358639
, 1.0982246399
, 1.1024134159
, 1.1062214375
, 1.1104102135
, 1.1142182350
, 1.1184070110
, 1.1222150326
, 1.1264038086
, 1.1302117109
, 1.1344006062
, 1.1382085085
, 1.1423972845
, 1.1462053061
, 1.1503940821
, 1.1542021036
, 1.1583908796
, 1.1621989012
, 1.1667684317
, 1.1701956987
, 1.1743844748
, 1.1781924963
, 1.1823812723
, 1.1861891747
, 1.1903780699
, 1.1941859722
, 1.1983747482
, 1.2021827698
, 1.2063715458
, 1.2101795673
, 1.2143683434
, 1.2181763649
, 1.2223651409
, 1.2265539169
, 1.2311235666
, 1.2345507145
, 1.2383587360
, 1.2425475121
, 1.2463555336
, 1.2505443096
, 1.2543522120
, 1.2585411072
, 1.2623490095
, 1.2665377855
, 1.2703458071
, 1.2749154568
, 1.2794849873
, 1.2844353914
, 1.2897665501
, 1.2950978279
, 1.3015713692
, 1.3069025278
, 1.3133761883
, 1.3198497295
, 1.3267041445
, 1.3339393139
, 1.3415552378
, 1.3491712809
, 1.3571680784
, 1.3655456305
, 1.3739231825
, 1.3826816082
, 1.3918207884
, 1.4009599686
, 1.4100991488
, 1.4199998379
, 1.4295198917
, 1.4390398264
, 1.4489406347
, 1.4588414431
, 1.4687421322
, 1.4786429405
, 1.4885437489
, 1.4984444380
, 1.5083452463
, 1.5182460546
, 1.5281468630
, 1.5380475521
, 1.5479483604
, 1.5574684143
, 1.5673691034
, 1.5791739225
, 1.5875514746
, 1.5982139111
, 1.6058298349
, 1.6153497696
, 1.6244889498
, 1.6340090036
, 1.6427673101
, 1.6519064903
, 1.6610456705
, 1.6701848507
, 1.6785625219
, 1.6873208284
, 1.6964600086
, 1.7048375607
, 1.7135959864
, 1.7223544121
, 1.7303512096
, 1.7391095161
, 1.7474870682
, 1.7558647394
, 1.7638614178
, 1.7722390890
, 1.7802358866
, 1.7886134386
, 1.7966102362
, 1.8049877882
, 1.8129845858
, 1.8209813833
, 1.8289781809
, 1.8369748592
, 1.8449716568
, 1.8537300825
, 1.8609652519
, 1.8689620495
, 1.8773396015
, 1.8849556446
, 1.8929523230
, 1.9009491205
, 1.9089459181
, 1.9169427156
, 1.9249395132
, 1.9329363108
, 1.9409331083
, 1.9489297867
, 1.9569265842
, 1.9649233818
, 1.9725394249
, 1.9812977314
, 1.9889137745
, 1.9969105721
, 2.0049073696
, 2.0129041672
, 2.0209009647
, 2.0288977623
, 2.0368943214
, 2.0448911190
, 2.0528879166
, 2.0608847141
, 2.0688815117
, 2.0768783092
, 2.0848751068
, 2.0928719044
, 2.1008687019
, 2.1092462540
, 2.1168622971
, 2.1248590946
, 2.1332366467
, 2.1412334442
, 2.1492302418
, 2.1572270393
, 2.1652238369
, 2.1732206345
, 2.1812171936
, 2.1895949841
, 2.1975915432
, 2.2055883408
, 2.2135851383
, 2.2215819359
, 2.2299594879
, 2.2383372784
, 2.2459530830
, 2.2539498806
, 2.2619466782
, 2.2699434757
, 2.2779402733
, 2.2859370708
, 2.2943146229
, 2.3023114204
, 2.3103082180
, 2.3183050156
, 2.3263018131
, 2.3342986107
, 2.3422954082
, 2.3502922058
, 2.3586697578
, 2.3674280643
, 2.3746633530
, 2.3826599121
, 2.3906567097
, 2.3986535072
, 2.4066503048
, 2.4146471024
, 2.4226438999
, 2.4306406975
, 2.4386374950
, 2.4466342926
, 2.4546310902
, 2.4626278877
, 2.4706246853
, 2.4786214828
, 2.4866182804
, 2.4957573414
, 2.5029926300
, 2.5109894276
, 2.5189862251
, 2.5269827843
, 2.5349795818
, 2.5429763794
, 2.5509731770
, 2.5589699745
, 2.5669667721
, 2.5749635696
, 2.5829603672
, 2.5909571648
, 2.5989539623
, 2.6069507599
, 2.6149475574
, 2.6237058640
, 2.6309411526
, 2.6389377117
, 2.6469345093
, 2.6549313068
, 2.6625473499
, 2.6705441475
, 2.6785409451
, 2.6865377426
, 2.6945345402
, 2.7029120922
, 2.7105281353
, 2.7185249329
, 2.7265217304
, 2.7345182896
, 2.7425150871
, 2.7520351410
, 2.7588894367
, 2.7668862343
, 2.7748830318
, 2.7828798294
, 2.7908766270
, 2.7988734245
, 2.8068702221
, 2.8148670197
, 2.8228638172
, 2.8308606148
, 2.8388574123
, 2.8468542099
, 2.8548510075
, 2.8628478050
, 2.8712253571
, 2.8803644180
, 2.8868379593
, 2.8963580132
, 2.9028315544
, 2.9108283520
, 2.9192059040
, 2.9272027016
, 2.9351994991
, 2.9431962967
, 2.9511930943
, 2.9591898918
, 2.9671866894
, 2.9751834869
, 2.9831802845
, 2.9911770821
, 2.9991738796
, 3.0083129406
, 3.0155482292
, 3.0235450268
, 3.0315418243
, 3.0395383835
, 3.0475351810
, 3.0555319786
, 3.0635287762
, 3.0715255737
, 3.0795223713
, 3.0875191689
, 3.0955159664
, 3.1035127640
, 3.1115095615
, 3.1191256046
, 3.1271224022
, 3.1358807087
