velocity=[0.0000000000
, 0.0048864456
, 0.0299355257
, 0.0799285546
, 0.1565812528
, 0.2588748634
, 0.3922875226
, 0.5528169274
, 0.7381222248
, 0.9450572133
, 1.1653277874
, 1.3965939283
, 1.6399753094
, 1.8947038651
, 2.1542251110
, 2.4150454998
, 2.6742329597
, 2.9359433651
, 3.1911239624
, 3.4387891293
, 3.6790332794
, 3.9048857689
, 4.1189393997
, 4.3237857819
, 4.5123748779
, 4.6866655350
, 4.8469934464
, 4.9919381142
, 5.1202511787
, 5.2314724922
, 5.3259606361
, 5.4048032761
, 5.4719977379
, 5.5346751213
, 5.5857806206
, 5.6171436310
, 5.6346054077
, 5.6429429054
, 5.6395778656
, 5.6267151833
, 5.6099276543
, 5.5813641548
, 5.5465936661
, 5.5088295937
, 5.4635467529
, 5.4107828140
, 5.3539986610
, 5.2944803238
, 5.2300033569
, 5.1663217545
, 5.1011333466
, 5.0340161324
, 4.9657177925
, 4.8999843597
, 4.8381037712
, 4.7767949104
, 4.7199387550
, 4.6625337601
, 4.6040487289
, 4.5461082458
, 4.4912075996
, 4.4412980080
, 4.3964362144
, 4.3549451828
, 4.3123950958
, 4.2726063728
, 4.2336635590
, 4.2008872032
, 4.1754827499
, 4.1541099548
, 4.1337008476
, 4.1119031906
, 4.0928907394
, 4.0741715431
, 4.0598526001
, 4.0466337204
, 4.0372185707
, 4.0282807350
, 4.0225248337
, 4.0166196823
, 4.0132784843
, 4.0092744827
, 4.0097293854
, 4.0138268471
, 4.0151972771
, 4.0172791481
, 4.0170497894
, 4.0201153755
, 4.0262475014
, 4.0293707848
, 4.0316796303
, 4.0304002762
, 4.0315260887
, 4.0378489494
, 4.0464782715
, 4.0506663322
, 4.0551309586
, 4.0601935387
, 4.0606598854
, 4.0615262985
, 4.0652642250
, 4.0710587502
, 4.0724563599
, 4.0744032860
, 4.0795302391
, 4.0853371620
, 4.0856595039
, 4.0857586861
, 4.0888166428
, 4.0951147079
, 4.1013832092
, 4.1013741493
, 4.1005568504
, 4.1022663116
, 4.1044797897
, 4.1009716988
, 4.0959420204
, 4.0930910110
, 4.0923123360
, 4.0884404182
, 4.0862030983
, 4.0878410339
, 4.0909814835
, 4.0888595581
, 4.0869770050
, 4.0865635872
, 4.0823111534
, 4.0775375366
, 4.0698423386
, 4.0633482933
, 4.0558085442
, 4.0520281792
, 4.0511622429
, 4.0487003326
, 4.0468053818
, 4.0424275398
, 4.0386500359
, 4.0329279900
, 4.0310311317
, 4.0332441330
, 4.0334835052
, 4.0337190628
, 4.0310335159
, 4.0288381577
, 4.0245952606
, 4.0240883827
, 4.0272998810
, 4.0280151367
, 4.0279717445
, 4.0254712105
, 4.0237259865
, 4.0205488205
, 4.0188150406
, 4.0155487061
, 4.0138669014
, 4.0107326508
, 4.0115628242
, 4.0162396431
, 4.0186824799
, 4.0213150978
, 4.0210800171
, 4.0210466385
, 4.0185728073
, 4.0166530609
, 4.0122876167
, 4.0102686882
, 4.0074090958
, 4.0068521500
, 4.0052680969
, 4.0053415298
, 4.0039901733
, 4.0041298866
, 4.0027065277
, 4.0026550293
, 4.0011754036
, 4.0012583733
, 3.9998199940
, 3.9997863770
, 3.9981050491
, 3.9983382225
, 3.9966289997
, 3.9971230030
, 3.9971029758
, 3.9989027977
, 3.9990437031
, 4.0028400421
, 4.0099225044
, 4.0143423080
, 4.0183506012
, 4.0189366341
, 4.0194401741
, 4.0173339844
, 4.0160655975
, 4.0128841400
, 4.0113868713
, 4.0082092285
, 4.0075702667
, 4.0094699860
, 4.0098829269
, 4.0116977692
, 4.0116715431
, 4.0124144554
, 4.0110483170
, 4.0100154877
, 4.0069966316
, 4.0080561638
, 4.0133976936
, 4.0149416924
, 4.0113234520
, 4.0090203285
, 4.0063734055
, 4.0054874420
, 4.0027303696
, 4.0024409294
, 4.0013380051
, 4.0022306442
, 4.0015959740
, 4.0022106171
, 4.0010457039
, 4.0016064644
, 4.0008296967
, 4.0015354156
, 4.0006680489
, 4.0012192726
, 4.0002222061
, 4.0006756783
, 3.9995462894
, 3.9995181561
, 3.9973618984
, 3.9974722862
, 3.9962668419
, 3.9974136353
, 3.9976332188
, 3.9992763996
, 3.9992806911
, 4.0005083084
, 3.9974262714
, 3.9902698994
, 3.9851624966
, 3.9809544086
, 3.9804313183
, 3.9799671173
, 3.9819808006
, 3.9826536179
, 3.9841406345
, 3.9847338200
, 3.9870772362
, 3.9882338047
, 3.9907164574
, 3.9920206070
, 3.9947087765
, 3.9955875874
, 3.9975705147
, 3.9976830482
, 3.9989814758
, 3.9985294342
, 3.9993417263
, 3.9985597134
, 3.9992978573
, 3.9981484413
, 3.9992280006
, 4.0024976730
, 4.0040116310
, 4.0068035126
, 4.0075373650
, 4.0087890625
, 4.0079507828
, 4.0075631142
, 4.0050530434
, 4.0043997765
, 4.0027709007
, 4.0032062531
, 4.0024580956
, 4.0039258003
, 4.0046877861
, 4.0067915916
, 4.0045695305
, 4.0009317398
, 3.9995675087
, 4.0021033287
, 4.0034584999
, 4.0058989525
, 4.0061364174
, 4.0071725845
, 4.0061669350
, 4.0062747002
, 4.0046257973
, 4.0043435097
, 4.0024657249
, 4.0020923615
, 4.0003108978
, 4.0026364326
, 4.0091729164
, 4.0162506104
, 4.0211524963
, 4.0211782455
, 4.0206031799
, 4.0175299644
, 4.0154228210
, 4.0114445686
, 4.0095438957
, 4.0068440437
, 4.0061497688
, 4.0066900253
, 4.0213994980
, 4.0560774803
, 4.1168794632
, 4.2065439224
, 4.3196573257
, 4.4577765465
, 4.6253061295
, 4.8182592392
, 5.0270061493
, 5.2486510277
, 5.4838938713
, 5.7316260338
, 5.9852876663
, 6.2438559532
, 6.5069437027
, 6.7694053650
, 7.0316514969
, 7.2947363853
, 7.5530242920
, 7.8021454811
, 8.0448198318
, 8.2713842392
, 8.4811429977
, 8.6796226501
, 8.8657836914
, 9.0353736877
, 9.1863851547
, 9.3162412643
, 9.4273223877
, 9.5220966339
, 9.6015977859
, 9.6679754257
, 9.7221393585
, 9.7645483017
, 9.7907819748
, 9.8047609329
, 9.8109436035
, 9.8044710159
, 9.7877283096
, 9.7618064880
, 9.7285432816
, 9.6871013641
, 9.6408243179
, 9.5866737366
, 9.5286073685
, 9.4702091217
, 9.4087419510
, 9.3368263245
, 9.2611980438
, 9.1895160675
, 9.1180086136
, 9.0497665405
, 8.9798774719
, 8.9087200165
, 8.8434944153
, 8.7830133438
, 8.7235250473
, 8.6615743637
, 8.6009597778
, 8.5405378342
, 8.4852914810
, 8.4337062836
, 8.3895902634
, 8.3476657867
, 8.3054475784
, 8.2638254166
, 8.2240238190
, 8.1889305115
, 8.1609802246
, 8.1315183640
, 8.1056327820
, 8.0884075165
, 8.0695829391
, 8.0509767532
, 8.0347537994
, 8.0211343765
, 8.0121088028
, 8.0062408447
, 8.0014677048
, 7.9976892471
, 7.9961066246
, 7.9947705269
, 7.9909887314
, 7.9832744598
, 7.9813036919
, 7.9802899361
, 7.9787755013
, 7.9788594246
, 7.9800643921
, 7.9819612503
, 7.9844026566
, 7.9866962433
, 7.9884929657
, 7.9891524315
, 7.9900002480
, 7.9921669960
, 7.9948525429
, 7.9983797073
, 8.0032205582
, 8.0071125031
, 8.0083503723
, 8.0090303421
, 8.0114107132
, 8.0215053558
, 8.0328989029
, 8.0411005020
, 8.0450668335
, 8.0453033447
, 8.0428190231
, 8.0410747528
, 8.0461111069
, 8.0519933701
, 8.0547351837
, 8.0543546677
, 8.0536308289
, 8.0563964844
, 8.0574579239
, 8.0598211288
, 8.0610179901
, 8.0602617264
, 8.0572767258
, 8.0524053574
, 8.0486888885
, 8.0520877838
, 8.0568571091
, 8.0593328476
, 8.0586585999
, 8.0552673340
, 8.0500211716
, 8.0437831879
, 8.0396852493
, 8.0434627533
, 8.0486268997
, 8.0500459671
, 8.0484952927
, 8.0453443527
, 8.0416126251
, 8.0372114182
, 8.0323724747
, 8.0274791718
, 8.0228586197
, 8.0184631348
, 8.0143404007
, 8.0107011795
, 8.0077257156
, 8.0054588318
, 8.0034723282
, 8.0043163300
, 8.0113639832
, 8.0160512924
, 8.0165357590
, 8.0160732269
, 8.0149326324
, 8.0132093430
, 8.0122156143
, 8.0109987259
, 8.0095777512
, 8.0068798065
, 8.0039787292
, 8.0026807785
, 8.0027370453
, 8.0035028458
, 8.0039491653
, 8.0053472519
, 8.0065937042
, 8.0063791275
, 8.0056867599
, 8.0044565201
, 8.0017023087
, 7.9927682877
, 7.9827709198
, 7.9750742912
, 7.9703540802
, 7.9704895020
, 7.9774746895
, 7.9804534912
, 7.9806141853
, 7.9804420471
, 7.9808301926
, 7.9836807251
, 7.9929881096
, 8.0038042068
, 8.0120716095
, 8.0180177689
, 8.0216093063
, 8.0227966309
, 8.0221681595
, 8.0204572678
, 8.0181026459
, 8.0154409409
, 8.0127325058
, 8.0100688934
, 8.0074167252
, 8.0051889420
, 8.0056800842
, 8.0120038986
, 8.0144996643
, 8.0127506256
, 8.0125694275
, 8.0067825317
, 8.0014495850
, 8.0046501160
, 8.0106649399
, 8.0160226822
, 8.0196027756
, 8.0212564468
, 8.0211963654
, 8.0198631287
, 8.0177307129
, 8.0152015686
, 8.0125722885
, 8.0096797943
, 8.0079145432
, 8.0123453140
, 8.0177459717
, 8.0215806961
, 8.0227966309
, 8.0229148865
, 8.0227394104
, 8.0216121674
, 8.0197448730
, 8.0161104202
, 8.0125608444
, 8.0100412369
, 8.0086574554
, 8.0069761276
, 7.9998998642
, 7.9912037849
