torque=[5.0000000000
, 5.0000000000
, 5.0000000000
, 5.0000000000
, 5.0000000000
, 5.0000000000
, 5.0000000000
, 5.0000000000
, 5.0000000000
, 4.8967957497
, 4.6924343109
, 4.4672861099
, 4.2194824219
, 3.9496929646
, 3.6662724018
, 3.3737092018
, 3.0758829117
, 2.7672417164
, 2.4597890377
, 2.1551644802
, 1.8543865681
, 1.5641063452
, 1.2833981514
, 1.0087436438
, 0.7497608662
, 0.5043444037
, 0.2724349499
, 0.0563152544
, -0.1419278979
, -0.3212352097
, -0.4815670848
, -0.6239172220
, -0.7530331016
, -0.8781234026
, -0.9897202253
, -1.0772209167
, -1.1530672312
, -1.2037192583
, -1.2462141514
, -1.2760746479
, -1.3003703356
, -1.3085932732
, -1.3078161478
, -1.3020107746
, -1.2852754593
, -1.2572318316
, -1.2223923206
, -1.1822788715
, -1.1339868307
, -1.0848442316
, -1.0318566561
, -0.9751237631
, -0.9144479036
, -0.8549653888
, -0.7986490726
, -0.7413286567
, -0.6884676218
, -0.6329854131
, -0.5745370984
, -0.5150797963
, -0.4578992128
, -0.4059571028
, -0.3591767251
, -0.3155004084
, -0.2692513764
, -0.2254228741
, -0.1816719621
, -0.1449992210
, -0.1178011894
, -0.0938657299
, -0.0712465197
, -0.0462080836
, -0.0242540725
, -0.0021087339
, 0.0147267599
, 0.0305192955
, 0.0416521691
, 0.0524229556
, 0.0592355169
, 0.0664103180
, 0.0703590736
, 0.0752807930
, 0.0744122639
, 0.0687035695
, 0.0664975718
, 0.0633067265
, 0.0631178916
, 0.0585715882
, 0.0498767383
, 0.0449905209
, 0.0410933755
, 0.0418813303
, 0.0395211950
, 0.0302474480
, 0.0177388825
, 0.0108641926
, 0.0035035240
, -0.0047765835
, -0.0071156085
, -0.0100228572
, -0.0167098828
, -0.0262507983
, -0.0301266033
, -0.0347767808
, -0.0436933115
, -0.0536568239
, -0.0565242805
, -0.0591054671
, -0.0656072050
, -0.0764866322
, -0.0875070319
, -0.0903922766
, -0.0922093913
, -0.0973511562
, -0.1032068431
, -0.1015958115
, -0.0978608653
, -0.0968185887
, -0.0984322652
, -0.0959390104
, -0.0955163315
, -0.1001422331
, -0.1068301871
, -0.1066269428
, -0.1066609621
, -0.1086092591
, -0.1054406837
, -0.1014720351
, -0.0934888050
, -0.0868706927
, -0.0786978081
, -0.0753082857
, -0.0756337419
, -0.0738371611
, -0.0727175623
, -0.0682615489
, -0.0644721910
, -0.0580026135
, -0.0564305149
, -0.0602482408
, -0.0615167357
, -0.0627862662
, -0.0601946972
, -0.0581753850
, -0.0533821359
, -0.0534150228
, -0.0583562963
, -0.0600935183
, -0.0608292893
, -0.0583213121
, -0.0567338541
, -0.0532060005
, -0.0514979959
, -0.0477108024
, -0.0459289327
, -0.0421759821
, -0.0435821712
, -0.0501066037
, -0.0538038574
, -0.0578229949
, -0.0581218116
, -0.0586805046
, -0.0560073182
, -0.0540033281
, -0.0486949235
, -0.0463740602
, -0.0428802967
, -0.0423545688
, -0.0404530950
, -0.0407008752
, -0.0390643105
, -0.0393634252
, -0.0375970006
, -0.0376061499
, -0.0357229114
, -0.0358664505
, -0.0339978822
, -0.0339481793
, -0.0317162797
, -0.0319701508
, -0.0296601728
, -0.0302184243
, -0.0301096886
, -0.0324099548
, -0.0325651690
, -0.0375646874
, -0.0470238030
, -0.0531591512
, -0.0588767231
, -0.0601775162
, -0.0613862835
, -0.0591530725
, -0.0579709113
, -0.0542165712
, -0.0526027828
, -0.0487242863
, -0.0481164642
, -0.0508470386
, -0.0516634658
, -0.0543477461
, -0.0546484105
, -0.0559644178
, -0.0545135029
, -0.0534621477
, -0.0497511625
, -0.0513541922
, -0.0586534478
, -0.0610820986
, -0.0567163527
, -0.0539880283
, -0.0507415310
, -0.0497526824
, -0.0462580696
, -0.0459529683
, -0.0445622355
, -0.0457825549
, -0.0450059846
, -0.0458656847
, -0.0443863235
, -0.0451586954
, -0.0441761203
, -0.0451342948
, -0.0440297276
, -0.0447787084
, -0.0434933640
, -0.0441001765
, -0.0426240638
, -0.0425736532
, -0.0397057235
, -0.0397757739
, -0.0381082371
, -0.0395201892
, -0.0397368558
, -0.0418449342
, -0.0418299213
, -0.0434348620
, -0.0393684767
, -0.0298175011
, -0.0227796882
, -0.0167834051
, -0.0155460779
, -0.0143717648
, -0.0164651424
, -0.0168335773
, -0.0183117874
, -0.0186418071
, -0.0213102940
, -0.0224703997
, -0.0254233964
, -0.0268845297
, -0.0302158445
, -0.0312281493
, -0.0337275490
, -0.0338070691
, -0.0354600549
, -0.0348323435
, -0.0358658396
, -0.0348115824
, -0.0357477665
, -0.0342049450
, -0.0355810635
, -0.0398880579
, -0.0419635363
, -0.0457743593
, -0.0469415411
, -0.0488132015
, -0.0479561202
, -0.0476711132
, -0.0445631109
, -0.0438425355
, -0.0418112427
, -0.0424670130
, -0.0415676050
, -0.0435803533
, -0.0447009057
, -0.0476238839
, -0.0448937602
, -0.0402036719
, -0.0384239815
, -0.0417693481
, -0.0436237156
, -0.0469540320
, -0.0474371687
, -0.0489846617
, -0.0478582159
, -0.0481774248
, -0.0461735688
, -0.0459323004
, -0.0435701497
, -0.0431464501
, -0.0408474170
, -0.0439365022
, -0.0527038239
, -0.0622664019
, -0.0692217574
, -0.0698618516
, -0.0697056353
, -0.0662256405
, -0.0639398769
, -0.0591116957
, -0.0569218993
, 5.0000000000
, 5.0000000000
, 5.0000000000
, 5.0000000000
, 5.0000000000
, 5.0000000000
, 5.0000000000
, 5.0000000000
, 5.0000000000
, 5.0000000000
, 5.0000000000
, 5.0000000000
, 4.8669161797
, 4.6341857910
, 4.3781242371
, 4.1070737839
, 3.8223240376
, 3.5241954327
, 3.2193713188
, 2.9073953629
, 2.5867075920
, 2.2648673058
, 1.9478608370
, 1.6321685314
, 1.3309377432
, 1.0455051661
, 0.7690016627
, 0.5029250383
, 0.2537305951
, 0.0237949565
, -0.1819804758
, -0.3664708138
, -0.5328173637
, -0.6813106537
, -0.8150870204
, -0.9341804385
, -1.0391622782
, -1.1252255440
, -1.2047791481
, -1.2588900328
, -1.3077383041
, -1.3273549080
, -1.3443315029
, -1.3503842354
, -1.3454730511
, -1.3312714100
, -1.3064566851
, -1.2749499083
, -1.2419062853
, -1.2019938231
, -1.1470906734
, -1.0857294798
, -1.0265719891
, -0.9657208323
, -0.9086458683
, -0.8449770808
, -0.7790445089
, -0.7185479403
, -0.6626626849
, -0.6060983539
, -0.5447622538
, -0.4834235311
, -0.4206062853
, -0.3629139662
, -0.3084893525
, -0.2624793351
, -0.2181260884
, -0.1721535474
, -0.1257774383
, -0.0806215480
, -0.0408786833
, -0.0090144528
, 0.0253983904
, 0.0559042282
, 0.0756996721
, 0.0980952606
, 0.1207427904
, 0.1407573372
, 0.1578029543
, 0.1691492796
, 0.1765718162
, 0.1827132702
, 0.1876737326
, 0.1898360401
, 0.1917171478
, 0.1968722194
, 0.2073677033
, 0.2104389668
, 0.2123211771
, 0.2148855329
, 0.2153819948
, 0.2143911123
, 0.2124483436
, 0.2097322941
, 0.2071411461
, 0.2051445395
, 0.2045999169
, 0.2037853897
, 0.2012023926
, 0.1978698522
, 0.1933462471
, 0.1869828999
, 0.1817255318
, 0.1798964590
, 0.1787564158
, 0.1753476709
, 0.1616560519
, 0.1459548026
, 0.1341541559
, 0.1277268529
, 0.1261247844
, 0.1281185895
, 0.1292035580
, 0.1213601828
, 0.1122476682
, 0.1071328968
, 0.1060739234
, 0.1054649428
, 0.1001581475
, 0.0972624719
, 0.0924871787
, 0.0891988277
, 0.0884550810
, 0.0906840339
, 0.0954949111
, 0.0989170969
, 0.0930241123
, 0.0852206349
, 0.0803163946
, 0.0795122460
, 0.0823249817
, 0.0876907855
, 0.0945198908
, 0.0986937732
, 0.0924401432
, 0.0844783112
, 0.0812121779
, 0.0818364769
, 0.0846270993
, 0.0882704854
, 0.0929080024
, 0.0982510000
, 0.1038049906
, 0.1091366410
, 0.1143024787
, 0.1192333475
, 0.1236419007
, 0.1272760332
, 0.1300562620
, 0.1325307190
, 0.1313019544
, 0.1218718067
, 0.1153353304
, 0.1142391264
, 0.1143786460
, 0.1154277995
, 0.1172857061
, 0.1182222515
, 0.1194852069
, 0.1210500970
, 0.1243481860
, 0.1279935986
, 0.1295985579
, 0.1294477135
, 0.1283549219
, 0.1276648194
, 0.1256863028
, 0.1238997057
, 0.1239960194
, 0.1247296557
, 0.1261966079
, 0.1297163814
, 0.1414972246
, 0.1549415737
, 0.1656260639
, 0.1725896597
, 0.1732624471
, 0.1648530364
, 0.1615535170
, 0.1618992835
, 0.1626812071
, 0.1627266258
, 0.1595697999
, 0.1476833373
, 0.1335617453
, 0.1225080863
, 0.1142903939
, 0.1090190411
, 0.1068288758
, 0.1070095599
, 0.1086409390
, 0.1111736149
, 0.1141802445
, 0.1173248738
, 0.1204871312
, 0.1237110794
, 0.1264488846
, 0.1256493479
, 0.1170539111
, 0.1134783179
, 0.1153257042
, 0.1152561456
, 0.1225592420
, 0.1294266135
, 0.1251468956
, 0.1170501560
, 0.1096513718
, 0.1044531688
, 0.1017028987
, 0.1011745185
, 0.1023336425
, 0.1045890898
