StateVariable_5=[7.0000000000
, 4.0000000000
, 4.0000000000
, 4.0000000000
, 4.0000000000
, 4.0000000000
, 4.0000000000
, 4.0000000000
, 4.0000000000
, 4.0000000000
, 4.0000000000
, 4.0000000000
, 4.0000000000
, 4.0000000000
, 4.0000000000
, 4.0000000000
, 4.0000000000
, 4.0000000000
, 4.0000000000
, 4.0000000000
, 4.0000000000
, 4.0000000000
, 4.0000000000
, 4.0000000000
, 4.0000000000
, 4.0000000000
, 4.0000000000
, 4.0000000000
, 4.0000000000
, 4.0000000000
, 4.0000000000
, 4.0000000000
, 4.0000000000
, 4.0000000000
, 4.0000000000
, 4.0000000000
, 4.0000000000
, 4.0000000000
, 4.0000000000
, 4.0000000000
, 4.0000000000
, 4.0000000000
, 4.0000000000
, 4.0000000000
, 4.0000000000
, 4.0000000000
, 4.0000000000
, 4.0000000000
, 4.0000000000
, 4.0000000000
, 4.0000000000
, 4.0000000000
, 4.0000000000
, 4.0000000000
, 4.0000000000
, 4.0000000000
, 4.0000000000
, 4.0000000000
, 4.0000000000
, 4.0000000000
, 4.0000000000
, 4.0000000000
, 4.0000000000
, 4.0000000000
, 4.0000000000
, 4.0000000000
, 4.0000000000
, 4.0000000000
, 4.0000000000
, 4.0000000000
, 4.0000000000
, 4.0000000000
, 4.0000000000
, 4.0000000000
, 4.0000000000
, 4.0000000000
, 4.0000000000
, 4.0000000000
, 4.0000000000
, 4.0000000000
, 4.0000000000
, 4.0000000000
, 4.0000000000
, 4.0000000000
, 4.0000000000
, 4.0000000000
, 4.0000000000
, 4.0000000000
, 4.0000000000
, 4.0000000000
, 4.0000000000
, 4.0000000000
, 4.0000000000
, 4.0000000000
, 4.0000000000
, 4.0000000000
, 4.0000000000
, 4.0000000000
, 4.0000000000
, 4.0000000000
, 4.0000000000
, 4.0000000000
, 4.0000000000
, 4.0000000000
, 4.0000000000
, 4.0000000000
, 4.0000000000
, 4.0000000000
, 4.0000000000
, 4.0000000000
, 4.0000000000
, 4.0000000000
, 4.0000000000
, 4.0000000000
, 4.0000000000
, 4.0000000000
, 4.0000000000
, 4.0000000000
, 4.0000000000
, 4.0000000000
, 4.0000000000
, 4.0000000000
, 4.0000000000
, 4.0000000000
, 4.0000000000
, 4.0000000000
, 4.0000000000
, 4.0000000000
, 4.0000000000
, 4.0000000000
, 4.0000000000
, 4.0000000000
, 4.0000000000
, 4.0000000000
, 4.0000000000
, 4.0000000000
, 4.0000000000
, 4.0000000000
, 4.0000000000
, 4.0000000000
, 4.0000000000
, 4.0000000000
, 4.0000000000
, 4.0000000000
, 4.0000000000
, 4.0000000000
, 4.0000000000
, 4.0000000000
, 4.0000000000
, 4.0000000000
, 4.0000000000
, 4.0000000000
, 4.0000000000
, 4.0000000000
, 4.0000000000
, 4.0000000000
, 4.0000000000
, 4.0000000000
, 4.0000000000
, 4.0000000000
, 4.0000000000
, 4.0000000000
, 4.0000000000
, 4.0000000000
, 4.0000000000
, 4.0000000000
, 4.0000000000
, 4.0000000000
, 4.0000000000
, 4.0000000000
, 4.0000000000
, 4.0000000000
, 4.0000000000
, 4.0000000000
, 4.0000000000
, 4.0000000000
, 4.0000000000
, 4.0000000000
, 4.0000000000
, 4.0000000000
, 4.0000000000
, 4.0000000000
, 4.0000000000
, 4.0000000000
, 4.0000000000
, 4.0000000000
, 4.0000000000
, 4.0000000000
, 4.0000000000
, 4.0000000000
, 4.0000000000
, 4.0000000000
, 4.0000000000
, 4.0000000000
, 4.0000000000
, 4.0000000000
, 4.0000000000
, 4.0000000000
, 4.0000000000
, 4.0000000000
, 4.0000000000
, 4.0000000000
, 4.0000000000
, 4.0000000000
, 4.0000000000
, 4.0000000000
, 4.0000000000
, 4.0000000000
, 4.0000000000
, 4.0000000000
, 4.0000000000
, 4.0000000000
, 4.0000000000
, 4.0000000000
, 4.0000000000
, 4.0000000000
, 4.0000000000
, 4.0000000000
, 4.0000000000
, 4.0000000000
, 4.0000000000
, 4.0000000000
, 4.0000000000
, 4.0000000000
, 4.0000000000
, 4.0000000000
, 4.0000000000
, 4.0000000000
, 4.0000000000
, 4.0000000000
, 4.0000000000
, 4.0000000000
, 4.0000000000
, 4.0000000000
, 4.0000000000
, 4.0000000000
, 4.0000000000
, 4.0000000000
, 4.0000000000
, 4.0000000000
, 4.0000000000
, 4.0000000000
, 4.0000000000
, 4.0000000000
, 4.0000000000
, 4.0000000000
, 4.0000000000
, 4.0000000000
, 4.0000000000
, 4.0000000000
, 4.0000000000
, 4.0000000000
, 4.0000000000
, 4.0000000000
, 4.0000000000
, 4.0000000000
, 4.0000000000
, 4.0000000000
, 4.0000000000
, 4.0000000000
, 4.0000000000
, 4.0000000000
, 4.0000000000
, 4.0000000000
, 4.0000000000
, 4.0000000000
, 4.0000000000
, 4.0000000000
, 4.0000000000
, 4.0000000000
, 4.0000000000
, 4.0000000000
, 4.0000000000
, 4.0000000000
, 4.0000000000
, 4.0000000000
, 4.0000000000
, 4.0000000000
, 4.0000000000
, 4.0000000000
, 4.0000000000
, 4.0000000000
, 4.0000000000
, 4.0000000000
, 4.0000000000
, 4.0000000000
, 4.0000000000
, 4.0000000000
, 4.0000000000
, 4.0000000000
, 4.0000000000
, 4.0000000000
, 4.0000000000
, 4.0000000000
, 4.0000000000
, 4.0000000000
, 4.0000000000
, 4.0000000000
, 4.0000000000
, 4.0000000000
, 4.0000000000
, 8.0000000000
, 8.0000000000
, 8.0000000000
, 8.0000000000
, 8.0000000000
, 8.0000000000
, 8.0000000000
, 8.0000000000
, 8.0000000000
, 8.0000000000
, 8.0000000000
, 8.0000000000
, 8.0000000000
, 8.0000000000
, 8.0000000000
, 8.0000000000
, 8.0000000000
, 8.0000000000
, 8.0000000000
, 8.0000000000
, 8.0000000000
, 8.0000000000
, 8.0000000000
, 8.0000000000
, 8.0000000000
, 8.0000000000
, 8.0000000000
, 8.0000000000
, 8.0000000000
, 8.0000000000
, 8.0000000000
, 8.0000000000
, 8.0000000000
, 8.0000000000
, 8.0000000000
, 8.0000000000
, 8.0000000000
, 8.0000000000
, 8.0000000000
, 8.0000000000
, 8.0000000000
, 8.0000000000
, 8.0000000000
, 8.0000000000
, 8.0000000000
, 8.0000000000
, 8.0000000000
, 8.0000000000
, 8.0000000000
, 8.0000000000
, 8.0000000000
, 8.0000000000
, 8.0000000000
, 8.0000000000
, 8.0000000000
, 8.0000000000
, 8.0000000000
, 8.0000000000
, 8.0000000000
, 8.0000000000
, 8.0000000000
, 8.0000000000
, 8.0000000000
, 8.0000000000
, 8.0000000000
, 8.0000000000
, 8.0000000000
, 8.0000000000
, 8.0000000000
, 8.0000000000
, 8.0000000000
, 8.0000000000
, 8.0000000000
, 8.0000000000
, 8.0000000000
, 8.0000000000
, 8.0000000000
, 8.0000000000
, 8.0000000000
, 8.0000000000
, 8.0000000000
, 8.0000000000
, 8.0000000000
, 8.0000000000
, 8.0000000000
, 8.0000000000
, 8.0000000000
, 8.0000000000
, 8.0000000000
, 8.0000000000
, 8.0000000000
, 8.0000000000
, 8.0000000000
, 8.0000000000
, 8.0000000000
, 8.0000000000
, 8.0000000000
, 8.0000000000
, 8.0000000000
, 8.0000000000
, 8.0000000000
, 8.0000000000
, 8.0000000000
, 8.0000000000
, 8.0000000000
, 8.0000000000
, 8.0000000000
, 8.0000000000
, 8.0000000000
, 8.0000000000
, 8.0000000000
, 8.0000000000
, 8.0000000000
, 8.0000000000
, 8.0000000000
, 8.0000000000
, 8.0000000000
, 8.0000000000
, 8.0000000000
, 8.0000000000
, 8.0000000000
, 8.0000000000
, 8.0000000000
, 8.0000000000
, 8.0000000000
, 8.0000000000
, 8.0000000000
, 8.0000000000
, 8.0000000000
, 8.0000000000
, 8.0000000000
, 8.0000000000
, 8.0000000000
, 8.0000000000
, 8.0000000000
, 8.0000000000
, 8.0000000000
, 8.0000000000
, 8.0000000000
, 8.0000000000
, 8.0000000000
, 8.0000000000
, 8.0000000000
, 8.0000000000
, 8.0000000000
, 8.0000000000
, 8.0000000000
, 8.0000000000
, 8.0000000000
, 8.0000000000
, 8.0000000000
, 8.0000000000
, 8.0000000000
, 8.0000000000
, 8.0000000000
, 8.0000000000
, 8.0000000000
, 8.0000000000
, 8.0000000000
, 8.0000000000
, 8.0000000000
, 8.0000000000
, 8.0000000000
, 8.0000000000
, 8.0000000000
, 8.0000000000
, 8.0000000000
, 8.0000000000
, 8.0000000000
, 8.0000000000
, 8.0000000000
, 8.0000000000
, 8.0000000000
, 8.0000000000
, 8.0000000000
, 8.0000000000
, 8.0000000000
, 8.0000000000
, 8.0000000000
, 8.0000000000
, 8.0000000000
, 8.0000000000
, 8.0000000000
, 8.0000000000
, 8.0000000000
, 8.0000000000
, 8.0000000000
, 8.0000000000
, 8.0000000000
, 8.0000000000
, 8.0000000000
, 8.0000000000
, 8.0000000000
, 8.0000000000
, 8.0000000000
, 8.0000000000
, 8.0000000000
, 8.0000000000
, 8.0000000000
, 8.0000000000
, 8.0000000000
, 8.0000000000
, 8.0000000000
, 8.0000000000
, 8.0000000000
, 8.0000000000
, 8.0000000000
, 8.0000000000
, 8.0000000000
, 8.0000000000
, 8.0000000000
, 8.0000000000
, 8.0000000000
, 8.0000000000
, 8.0000000000
, 8.0000000000
, 8.0000000000
, 8.0000000000
, 8.0000000000
, 8.0000000000
, 8.0000000000
, 8.0000000000
, 8.0000000000
, 8.0000000000
, 8.0000000000
, 8.0000000000
, 8.0000000000
, 8.0000000000
, 8.0000000000
, 8.0000000000
, 8.0000000000
