StateVariable_6=[7.0000000000
, 3.9951136112
, 3.9700644016
, 3.9200713634
, 3.8434188366
, 3.7411251068
, 3.6077125072
, 3.4471831322
, 3.2618777752
, 3.0549428463
, 2.8346722126
, 2.6034059525
, 2.3600246906
, 2.1052961349
, 1.8457748890
, 1.5849545002
, 1.3257670403
, 1.0640566349
, 0.8088760376
, 0.5612108707
, 0.3209667206
, 0.0951142311
, -0.1189393997
, -0.3237857819
, -0.5123748779
, -0.6866655350
, -0.8469934464
, -0.9919381142
, -1.1202511787
, -1.2314724922
, -1.3259606361
, -1.4048032761
, -1.4719977379
, -1.5346751213
, -1.5857806206
, -1.6171436310
, -1.6346054077
, -1.6429429054
, -1.6395778656
, -1.6267151833
, -1.6099276543
, -1.5813641548
, -1.5465936661
, -1.5088295937
, -1.4635467529
, -1.4107828140
, -1.3539986610
, -1.2944803238
, -1.2300033569
, -1.1663217545
, -1.1011333466
, -1.0340161324
, -0.9657177925
, -0.8999843597
, -0.8381037712
, -0.7767949104
, -0.7199387550
, -0.6625337601
, -0.6040487289
, -0.5461082458
, -0.4912075996
, -0.4412980080
, -0.3964362144
, -0.3549451828
, -0.3123950958
, -0.2726063728
, -0.2336635590
, -0.2008872032
, -0.1754827499
, -0.1541099548
, -0.1337008476
, -0.1119031906
, -0.0928907394
, -0.0741715431
, -0.0598526001
, -0.0466337204
, -0.0372185707
, -0.0282807350
, -0.0225248337
, -0.0166196823
, -0.0132784843
, -0.0092744827
, -0.0097293854
, -0.0138268471
, -0.0151972771
, -0.0172791481
, -0.0170497894
, -0.0201153755
, -0.0262475014
, -0.0293707848
, -0.0316796303
, -0.0304002762
, -0.0315260887
, -0.0378489494
, -0.0464782715
, -0.0506663322
, -0.0551309586
, -0.0601935387
, -0.0606598854
, -0.0615262985
, -0.0652642250
, -0.0710587502
, -0.0724563599
, -0.0744032860
, -0.0795302391
, -0.0853371620
, -0.0856595039
, -0.0857586861
, -0.0888166428
, -0.0951147079
, -0.1013832092
, -0.1013741493
, -0.1005568504
, -0.1022663116
, -0.1044797897
, -0.1009716988
, -0.0959420204
, -0.0930910110
, -0.0923123360
, -0.0884404182
, -0.0862030983
, -0.0878410339
, -0.0909814835
, -0.0888595581
, -0.0869770050
, -0.0865635872
, -0.0823111534
, -0.0775375366
, -0.0698423386
, -0.0633482933
, -0.0558085442
, -0.0520281792
, -0.0511622429
, -0.0487003326
, -0.0468053818
, -0.0424275398
, -0.0386500359
, -0.0329279900
, -0.0310311317
, -0.0332441330
, -0.0334835052
, -0.0337190628
, -0.0310335159
, -0.0288381577
, -0.0245952606
, -0.0240883827
, -0.0272998810
, -0.0280151367
, -0.0279717445
, -0.0254712105
, -0.0237259865
, -0.0205488205
, -0.0188150406
, -0.0155487061
, -0.0138669014
, -0.0107326508
, -0.0115628242
, -0.0162396431
, -0.0186824799
, -0.0213150978
, -0.0210800171
, -0.0210466385
, -0.0185728073
, -0.0166530609
, -0.0122876167
, -0.0102686882
, -0.0074090958
, -0.0068521500
, -0.0052680969
, -0.0053415298
, -0.0039901733
, -0.0041298866
, -0.0027065277
, -0.0026550293
, -0.0011754036
, -0.0012583733
, 0.0001800060
, 0.0002136230
, 0.0018949509
, 0.0016617775
, 0.0033710003
, 0.0028769970
, 0.0028970242
, 0.0010972023
, 0.0009562969
, -0.0028400421
, -0.0099225044
, -0.0143423080
, -0.0183506012
, -0.0189366341
, -0.0194401741
, -0.0173339844
, -0.0160655975
, -0.0128841400
, -0.0113868713
, -0.0082092285
, -0.0075702667
, -0.0094699860
, -0.0098829269
, -0.0116977692
, -0.0116715431
, -0.0124144554
, -0.0110483170
, -0.0100154877
, -0.0069966316
, -0.0080561638
, -0.0133976936
, -0.0149416924
, -0.0113234520
, -0.0090203285
, -0.0063734055
, -0.0054874420
, -0.0027303696
, -0.0024409294
, -0.0013380051
, -0.0022306442
, -0.0015959740
, -0.0022106171
, -0.0010457039
, -0.0016064644
, -0.0008296967
, -0.0015354156
, -0.0006680489
, -0.0012192726
, -0.0002222061
, -0.0006756783
, 0.0004537106
, 0.0004818439
, 0.0026381016
, 0.0025277138
, 0.0037331581
, 0.0025863647
, 0.0023667812
, 0.0007236004
, 0.0007193089
, -0.0005083084
, 0.0025737286
, 0.0097301006
, 0.0148375034
, 0.0190455914
, 0.0195686817
, 0.0200328827
, 0.0180191994
, 0.0173463821
, 0.0158593655
, 0.0152661800
, 0.0129227638
, 0.0117661953
, 0.0092835426
, 0.0079793930
, 0.0052912235
, 0.0044124126
, 0.0024294853
, 0.0023169518
, 0.0010185242
, 0.0014705658
, 0.0006582737
, 0.0014402866
, 0.0007021427
, 0.0018515587
, 0.0007719994
, -0.0024976730
, -0.0040116310
, -0.0068035126
, -0.0075373650
, -0.0087890625
, -0.0079507828
, -0.0075631142
, -0.0050530434
, -0.0043997765
, -0.0027709007
, -0.0032062531
, -0.0024580956
, -0.0039258003
, -0.0046877861
, -0.0067915916
, -0.0045695305
, -0.0009317398
, 0.0004324913
, -0.0021033287
, -0.0034584999
, -0.0058989525
, -0.0061364174
, -0.0071725845
, -0.0061669350
, -0.0062747002
, -0.0046257973
, -0.0043435097
, -0.0024657249
, -0.0020923615
, -0.0003108978
, -0.0026364326
, -0.0091729164
, -0.0162506104
, -0.0211524963
, -0.0211782455
, -0.0206031799
, -0.0175299644
, -0.0154228210
, -0.0114445686
, -0.0095438957
, 3.9931559563
, 3.9938502312
, 3.9933099747
, 3.9786005020
, 3.9439225197
, 3.8831205368
, 3.7934560776
, 3.6803426743
, 3.5422234535
, 3.3746938705
, 3.1817407608
, 2.9729938507
, 2.7513489723
, 2.5161061287
, 2.2683739662
, 2.0147123337
, 1.7561440468
, 1.4930562973
, 1.2305946350
, 0.9683485031
, 0.7052636147
, 0.4469757080
, 0.1978545189
, -0.0448198318
, -0.2713842392
, -0.4811429977
, -0.6796226501
, -0.8657836914
, -1.0353736877
, -1.1863851547
, -1.3162412643
, -1.4273223877
, -1.5220966339
, -1.6015977859
, -1.6679754257
, -1.7221393585
, -1.7645483017
, -1.7907819748
, -1.8047609329
, -1.8109436035
, -1.8044710159
, -1.7877283096
, -1.7618064880
, -1.7285432816
, -1.6871013641
, -1.6408243179
, -1.5866737366
, -1.5286073685
, -1.4702091217
, -1.4087419510
, -1.3368263245
, -1.2611980438
, -1.1895160675
, -1.1180086136
, -1.0497665405
, -0.9798774719
, -0.9087200165
, -0.8434944153
, -0.7830133438
, -0.7235250473
, -0.6615743637
, -0.6009597778
, -0.5405378342
, -0.4852914810
, -0.4337062836
, -0.3895902634
, -0.3476657867
, -0.3054475784
, -0.2638254166
, -0.2240238190
, -0.1889305115
, -0.1609802246
, -0.1315183640
, -0.1056327820
, -0.0884075165
, -0.0695829391
, -0.0509767532
, -0.0347537994
, -0.0211343765
, -0.0121088028
, -0.0062408447
, -0.0014677048
, 0.0023107529
, 0.0038933754
, 0.0052294731
, 0.0090112686
, 0.0167255402
, 0.0186963081
, 0.0197100639
, 0.0212244987
, 0.0211405754
, 0.0199356079
, 0.0180387497
, 0.0155973434
, 0.0133037567
, 0.0115070343
, 0.0108475685
, 0.0099997520
, 0.0078330040
, 0.0051474571
, 0.0016202927
, -0.0032205582
, -0.0071125031
, -0.0083503723
, -0.0090303421
, -0.0114107132
, -0.0215053558
, -0.0328989029
, -0.0411005020
, -0.0450668335
, -0.0453033447
, -0.0428190231
, -0.0410747528
, -0.0461111069
, -0.0519933701
, -0.0547351837
, -0.0543546677
, -0.0536308289
, -0.0563964844
, -0.0574579239
, -0.0598211288
, -0.0610179901
, -0.0602617264
, -0.0572767258
, -0.0524053574
, -0.0486888885
, -0.0520877838
, -0.0568571091
, -0.0593328476
, -0.0586585999
, -0.0552673340
, -0.0500211716
, -0.0437831879
, -0.0396852493
, -0.0434627533
, -0.0486268997
, -0.0500459671
, -0.0484952927
, -0.0453443527
, -0.0416126251
, -0.0372114182
, -0.0323724747
, -0.0274791718
, -0.0228586197
, -0.0184631348
, -0.0143404007
, -0.0107011795
, -0.0077257156
, -0.0054588318
, -0.0034723282
, -0.0043163300
, -0.0113639832
, -0.0160512924
, -0.0165357590
, -0.0160732269
, -0.0149326324
, -0.0132093430
, -0.0122156143
, -0.0109987259
, -0.0095777512
, -0.0068798065
, -0.0039787292
, -0.0026807785
, -0.0027370453
, -0.0035028458
, -0.0039491653
, -0.0053472519
, -0.0065937042
, -0.0063791275
, -0.0056867599
, -0.0044565201
, -0.0017023087
, 0.0072317123
, 0.0172290802
, 0.0249257088
, 0.0296459198
, 0.0295104980
, 0.0225253105
, 0.0195465088
, 0.0193858147
, 0.0195579529
, 0.0191698074
, 0.0163192749
, 0.0070118904
, -0.0038042068
, -0.0120716095
, -0.0180177689
, -0.0216093063
, -0.0227966309
, -0.0221681595
, -0.0204572678
, -0.0181026459
, -0.0154409409
, -0.0127325058
, -0.0100688934
, -0.0074167252
, -0.0051889420
, -0.0056800842
, -0.0120038986
, -0.0144996643
, -0.0127506256
, -0.0125694275
, -0.0067825317
, -0.0014495850
, -0.0046501160
