StateVariable_7=[0.0000000000
, 0.0039851256
, 0.0079551898
, 0.0119379824
, 0.0157264415
, 0.0194705594
, 0.0230753850
, 0.0265167076
, 0.0297785848
, 0.0328362770
, 0.0356683992
, 0.0382718071
, 0.0406318307
, 0.0427371264
, 0.0445829034
, 0.0461678579
, 0.0474948138
, 0.0485579148
, 0.0493667908
, 0.0499341190
, 0.0502997972
, 0.0503806248
, 0.0502616838
, 0.0499373488
, 0.0494245626
, 0.0487384461
, 0.0478921309
, 0.0469010882
, 0.0457817316
, 0.0445502587
, 0.0432242975
, 0.0418183729
, 0.0403475501
, 0.0388128757
, 0.0372258238
, 0.0355870165
, 0.0337260179
, 0.0323326327
, 0.0306943692
, 0.0290676523
, 0.0274577253
, 0.0258763619
, 0.0243285280
, 0.0228209086
, 0.0213548709
, 0.0199453589
, 0.0185913593
, 0.0172979161
, 0.0160658211
, 0.0148994988
, 0.0137993563
, 0.0127428016
, 0.0117706116
, 0.0108728791
, 0.0100389635
, 0.0092660533
, 0.0085389167
, 0.0078785690
, 0.0072730086
, 0.0067273919
, 0.0062398682
, 0.0057952609
, 0.0053988243
, 0.0050465413
, 0.0047362400
, 0.0044663874
, 0.0042321389
, 0.0040297252
, 0.0038299549
, 0.0036987313
, 0.0035651375
, 0.0034532342
, 0.0033596463
, 0.0032860315
, 0.0032260770
, 0.0031794852
, 0.0031422668
, 0.0031140086
, 0.0030914838
, 0.0030748642
, 0.0030615856
, 0.0030523038
, 0.0030425412
, 0.0030285402
, 0.0030134842
, 0.0029962189
, 0.0029792271
, 0.0029591278
, 0.0029328803
, 0.0029035097
, 0.0028718300
, 0.0028414296
, 0.0028099036
, 0.0027720546
, 0.0027255763
, 0.0026749100
, 0.0026197790
, 0.0025595855
, 0.0024989257
, 0.0024365196
, 0.0023720253
, 0.0023009025
, 0.0022286926
, 0.0021542895
, 0.0020747592
, 0.0019894219
, 0.0019037625
, 0.0018180038
, 0.0017291872
, 0.0016340725
, 0.0015326892
, 0.0014313963
, 0.0013308395
, 0.0012284912
, 0.0011240115
, 0.0010214343
, 0.0009241967
, 0.0008314970
, 0.0007398031
, 0.0006515927
, 0.0005650272
, 0.0004774764
, 0.0003858855
, 0.0002968747
, 0.0002104107
, 0.0001235618
, 0.0000417279
, -0.0000357398
, -0.0001051767
, -0.0001679363
, -0.0002237006
, -0.0002764258
, -0.0003270298
, -0.0003757302
, -0.0004224191
, -0.0004649185
, -0.0005035338
, -0.0005365175
, -0.0005674715
, -0.0006007156
, -0.0006342257
, -0.0006679448
, -0.0006989783
, -0.0007278164
, -0.0007524117
, -0.0007765217
, -0.0008038217
, -0.0008321647
, -0.0008598564
, -0.0008854322
, -0.0009089804
, -0.0009295455
, -0.0009483605
, -0.0009638969
, -0.0009777748
, -0.0009885257
, -0.0010000885
, -0.0010163687
, -0.0010349897
, -0.0010562687
, -0.0010773654
, -0.0010984121
, -0.0011170016
, -0.0011338912
, -0.0011460251
, -0.0011563278
, -0.0011636998
, -0.0011705458
, -0.0011758138
, -0.0011811511
, -0.0011851414
, -0.0011892712
, -0.0011919823
, -0.0011946349
, -0.0011958104
, -0.0011970709
, -0.0011968908
, -0.0011966758
, -0.0011947968
, -0.0011931113
, -0.0011897659
, -0.0011869081
, -0.0011840134
, -0.0011829153
, -0.0011819598
, -0.0011848047
, -0.0011947271
, -0.0012090452
, -0.0012273958
, -0.0012463324
, -0.0012657880
, -0.0012831083
, -0.0012992283
, -0.0013120688
, -0.0013234647
, -0.0013317913
, -0.0013394819
, -0.0013489047
, -0.0013587460
, -0.0013703946
, -0.0013820954
, -0.0013944578
, -0.0014056087
, -0.0014156323
, -0.0014226233
, -0.0014306795
, -0.0014439418
, -0.0014589209
, -0.0014701685
, -0.0014790978
, -0.0014854819
, -0.0014910385
, -0.0014937369
, -0.0014961798
, -0.0014975122
, -0.0014997467
, -0.0015013426
, -0.0015035605
, -0.0015046018
, -0.0015062070
, -0.0015070367
, -0.0015085721
, -0.0015092401
, -0.0015104595
, -0.0015106817
, -0.0015113578
, -0.0015109037
, -0.0015104155
, -0.0015078105
, -0.0015052597
, -0.0015015574
, -0.0014989799
, -0.0014966091
, -0.0014958867
, -0.0014951674
, -0.0014956766
, -0.0014931029
, -0.0014833163
, -0.0014685900
, -0.0014495443
, -0.0014299757
, -0.0014099429
, -0.0013919236
, -0.0013743292
, -0.0013586571
, -0.0013433266
, -0.0013304802
, -0.0013186540
, -0.0013094484
, -0.0013014628
, -0.0012961756
, -0.0012917633
, -0.0012893338
, -0.0012870168
, -0.0012859983
, -0.0012845265
, -0.0012838683
, -0.0012824292
, -0.0012817270
, -0.0012798475
, -0.0012790626
, -0.0012815498
, -0.0012855409
, -0.0012923219
, -0.0012998910
, -0.0013086353
, -0.0013166392
, -0.0013242342
, -0.0013292619
, -0.0013336582
, -0.0013364175
, -0.0013396264
, -0.0013420680
, -0.0013459608
, -0.0013506251
, -0.0013575307
, -0.0013627249
, -0.0013635176
, -0.0013630865
, -0.0013651918
, -0.0013686444
, -0.0013745434
, -0.0013806798
, -0.0013878524
, -0.0013940193
, -0.0014002990
, -0.0014049248
, -0.0014092757
, -0.0014117415
, -0.0014138391
, -0.0014141486
, -0.0014168182
, -0.0014272836
, -0.0014410397
, -0.0014621923
, -0.0014834066
, -0.0015039935
, -0.0015215235
, -0.0015370494
, -0.0015484357
, -0.0015579644
, 0.0024315359
, 0.0064253858
, 0.0104186963
, 0.0143972961
, 0.0183448289
, 0.0222279504
, 0.0260722283
, 0.0302435011
, 0.0332625210
, 0.0366372131
, 0.0398218669
, 0.0427921377
, 0.0455434881
, 0.0480618961
, 0.0503302701
, 0.0523431376
, 0.0540992841
, 0.0555923395
, 0.0568229333
, 0.0577937067
, 0.0584978499
, 0.0589444153
, 0.0591447651
, 0.0590990447
, 0.0588292331
, 0.0583505556
, 0.0576731749
, 0.0568023697
, 0.0557712317
, 0.0545719191
, 0.0532590933
, 0.0518400483
, 0.0503167436
, 0.0487258509
, 0.0470550731
, 0.0453444459
, 0.0435947590
, 0.0417738631
, 0.0396254770
, 0.0380135477
, 0.0360123739
, 0.0345680825
, 0.0328003056
, 0.0310819447
, 0.0293764621
, 0.0277767982
, 0.0261915773
, 0.0246629696
, 0.0231730640
, 0.0217843130
, 0.0204464272
, 0.0191661771
, 0.0179876238
, 0.0168762002
, 0.0157806538
, 0.0148410555
, 0.0139231561
, 0.0130838836
, 0.0122982897
, 0.0115814107
, 0.0109198363
, 0.0103188762
, 0.0097783385
, 0.0092930468
, 0.0088593410
, 0.0084697502
, 0.0081215017
, 0.0078165662
, 0.0075527411
, 0.0073287170
, 0.0071286992
, 0.0069767633
, 0.0068454696
, 0.0067395628
, 0.0066514546
, 0.0065818168
, 0.0065308805
, 0.0064958348
, 0.0064749140
, 0.0064628050
, 0.0064565325
, 0.0064550587
, 0.0064573484
, 0.0064612646
, 0.0064665158
, 0.0064754589
, 0.0064929989
, 0.0065111155
, 0.0065310067
, 0.0065520699
, 0.0065732300
, 0.0065931655
, 0.0066111591
, 0.0066267811
, 0.0066400743
, 0.0066516497
, 0.0066624787
, 0.0066724024
, 0.0066802353
, 0.0066853613
, 0.0066869636
, 0.0066837459
, 0.0066762157
, 0.0066683348
, 0.0066592735
, 0.0066479109
, 0.0066264416
, 0.0065935431
, 0.0065524424
, 0.0065073757
, 0.0064620720
, 0.0064192531
, 0.0063781785
, 0.0063320673
, 0.0062798979
, 0.0062252562
, 0.0061709927
, 0.0061169118
, 0.0060566361
, 0.0060034688
, 0.0059435475
, 0.0058827843
, 0.0058225226
, 0.0057652458
, 0.0057127993
, 0.0056641102
, 0.0056120222
, 0.0055552102
, 0.0054958775
, 0.0054372190
, 0.0053819516
, 0.0053319302
, 0.0052881474
, 0.0052484618
, 0.0052009141
, 0.0051564495
, 0.0051065288
, 0.0050581163
, 0.0050129616
, 0.0049713161
, 0.0049341046
, 0.0049017323
, 0.0048742746
, 0.0048513981
, 0.0048329188
, 0.0048185783
, 0.0048078769
, 0.0048001641
, 0.0047946917
, 0.0047912281
, 0.0047864951
, 0.0047760089
, 0.0047597825
, 0.0047433986
, 0.0047273254
, 0.0047123437
, 0.0046992451
, 0.0046869786
, 0.0046760160
, 0.0046663661
, 0.0046594748
, 0.0046555260
, 0.0046528499
, 0.0046501239
, 0.0046466035
, 0.0046426910
, 0.0046368414
, 0.0046308339
, 0.0046244818
, 0.0046187709
, 0.0046143369
, 0.0046126475
, 0.0046198792
, 0.0046371082
, 0.0046620560
, 0.0046917265
, 0.0047213845
, 0.0047437586
, 0.0047633224
, 0.0047826911
, 0.0048022335
, 0.0048214034
, 0.0048401458
, 0.0048461342
, 0.0048423111
, 0.0048303097
, 0.0048123221
, 0.0047906958
, 0.0047678989
, 0.0047457484
, 0.0047252914
, 0.0047071888
, 0.0046917475
, 0.0046790154
, 0.0046689291
, 0.0046615191
, 0.0046563344
, 0.0046506259
, 0.0046365373
, 0.0046245679
, 0.0046099350
, 0.0045992951
, 0.0045925179
, 0.0045910683
, 0.0045864028
, 0.0045757545
, 0.0045597469
, 0.0045401594
, 0.0045189029
, 0.0044977069
, 0.0044778436
, 0.0044601127
, 0.0044449111
, 0.0044323392
, 0.0044211973
, 0.0044143121
, 0.0044018952
, 0.0043841936
, 0.0043625049
