position_var=[0.0049503883
, 0.0049503883
, 0.0053311875
, 0.0053311875
, 0.0057119867
, 0.0057119867
, 0.0060927859
, 0.0064735850
, 0.0064735850
, 0.0068543837
, 0.0072351829
, 0.0072351829
, 0.0076159821
, 0.0079967817
, 0.0083775800
, 0.0083775800
, 0.0087583791
, 0.0091391783
, 0.0095199775
, 0.0099007767
, 0.0102815758
, 0.0106623750
, 0.0110431742
, 0.0114239734
, 0.0118047725
, 0.0121855717
, 0.0125663709
, 0.0129471701
, 0.0133279692
, 0.0137087675
, 0.0144703658
, 0.0148511650
, 0.0152319642
, 0.0156127634
, 0.0159935635
, 0.0167551599
, 0.0171359591
, 0.0175167583
, 0.0182783566
, 0.0186591558
, 0.0190399550
, 0.0198015533
, 0.0201823525
, 0.0209439509
, 0.0213247500
, 0.0220863484
, 0.0228479467
, 0.0232287459
, 0.0239903443
, 0.0243711434
, 0.0251327418
, 0.0258943401
, 0.0262751393
, 0.0270367377
, 0.0277983341
, 0.0285599325
, 0.0289407317
, 0.0297023300
, 0.0304639284
, 0.0312255267
, 0.0319871269
, 0.0327487253
, 0.0335103199
, 0.0342719182
, 0.0350335166
, 0.0357951149
, 0.0365567133
, 0.0373183116
, 0.0380799100
, 0.0392223075
, 0.0399839059
, 0.0407455042
, 0.0415071025
, 0.0426495001
, 0.0434110984
, 0.0441726968
, 0.0453150943
, 0.0460766926
, 0.0472190902
, 0.0479806885
, 0.0487422869
, 0.0498846844
, 0.0510270819
, 0.0517886803
, 0.0529310778
, 0.0536926761
, 0.0548350699
, 0.0559774674
, 0.0567390658
, 0.0578814633
, 0.0590238608
, 0.0601662584
, 0.0609278567
, 0.0620702542
, 0.0635934547
, 0.0643550530
, 0.0654974505
, 0.0666398406
, 0.0677822381
, 0.0689246356
, 0.0700670332
, 0.0712094307
, 0.0723518282
, 0.0738750249
, 0.0750174224
, 0.0761598200
, 0.0773022175
, 0.0784446150
, 0.0799678117
, 0.0811102092
, 0.0826334059
, 0.0837758034
, 0.0849182010
, 0.0860605985
, 0.0875837952
, 0.0887261927
, 0.0902493894
, 0.0913917869
, 0.0929149836
, 0.0940573812
, 0.0955805779
, 0.0967229754
, 0.0982461721
, 0.0997693688
, 0.1009117663
, 0.1024349630
, 0.1043389589
, 0.1054813564
, 0.1066237539
, 0.1081469506
, 0.1096701398
, 0.1111933365
, 0.1127165332
, 0.1142397299
, 0.1157629266
, 0.1172861233
, 0.1188093200
, 0.1203325167
, 0.1218557134
, 0.1233789101
, 0.1249021068
, 0.1264253110
, 0.1287101060
, 0.1302333027
, 0.1317564845
, 0.1328988820
, 0.1348028779
, 0.1363260746
, 0.1378492713
, 0.1393724680
, 0.1412764639
, 0.1427996606
, 0.1447036564
, 0.1462268531
, 0.1481308490
, 0.1496540457
, 0.1515580416
, 0.1534620374
, 0.1557468325
, 0.1572700292
, 0.1587932259
, 0.1603164226
, 0.1622204185
, 0.1641244143
, 0.1660284102
, 0.1675516069
, 0.1694556028
, 0.1713595986
, 0.1732635945
, 0.1751675904
, 0.1770715863
, 0.1789755821
, 0.1808795780
, 0.1827835739
, 0.1854491681
, 0.1865915656
, 0.1888763607
, 0.1903995574
, 0.1923035532
, 0.1942075491
, 0.1964923441
, 0.1983963400
, 0.2003003359
, 0.2022043318
, 0.2044891268
, 0.2063931227
, 0.2082971185
, 0.2105819136
, 0.2124859095
, 0.2147707045
, 0.2174362987
, 0.2189594954
, 0.2212442756
, 0.2231482714
, 0.2250522673
, 0.2273370624
, 0.2296218574
, 0.2315258533
, 0.2338106483
, 0.2360954434
, 0.2383802384
, 0.2402842343
, 0.2425690293
, 0.2448538244
, 0.2471386194
, 0.2494234145
, 0.2517082095
, 0.2539930046
, 0.2562777996
, 0.2585625947
, 0.2608473897
, 0.2631321847
, 0.2654169798
, 0.2677017748
, 0.2699865699
, 0.2722713649
, 0.2745561600
, 0.2768409550
, 0.2795065343
, 0.2817913294
, 0.2840761244
, 0.2863609195
, 0.2890265286
, 0.2916921079
, 0.2939769030
, 0.2962616980
, 0.2985464931
, 0.3012121022
, 0.3034968972
, 0.3061624765
, 0.3084472716
, 0.3111128807
, 0.3137784600
, 0.3160632551
, 0.3187288642
, 0.3210136592
, 0.3236792386
, 0.3263448477
, 0.3286296427
, 0.3312952220
, 0.3343416154
, 0.3366264105
, 0.3392920196
, 0.3415768147
, 0.3442423940
, 0.3469080031
, 0.3495735824
, 0.3522391617
, 0.3549047709
, 0.3575703502
, 0.3602359593
, 0.3629015386
, 0.3655671477
, 0.3682327271
, 0.3708983362
, 0.3739447296
, 0.3766103089
, 0.3792759180
, 0.3819414973
, 0.3846071064
, 0.3876534998
, 0.3903190792
, 0.3929846883
, 0.3960310817
, 0.3986966610
, 0.4017430544
, 0.4044086635
, 0.4070742428
, 0.4101206362
, 0.4127862453
, 0.4158326387
, 0.4188790321
, 0.4215446115
, 0.4245910048
, 0.4272566140
, 0.4303030074
, 0.4333494008
, 0.4363957942
, 0.4390613735
, 0.4421077669
, 0.4451541603
, 0.4482005537
, 0.4512469471
, 0.4542933404
, 0.4573397338
, 0.4600053132
, 0.4630517066
, 0.4664789140
, 0.4691444933
, 0.4721908867
, 0.4756180942
, 0.4786644876
, 0.4817108810
, 0.4847572744
, 0.4878036678
, 0.4908500612
, 0.4938964546
, 0.4973236322
, 0.5003700256
, 0.5034164190
, 0.5068436265
, 0.5098900199
, 0.5129364133
, 0.5163636208
, 0.5197907686
, 0.5228371620
, 0.5262643695
, 0.5293107629
, 0.5327379704
, 0.5357843637
, 0.5392115116
, 0.5422579050
, 0.5456851125
, 0.5491123199
, 0.5521587133
, 0.5555859208
, 0.5590130687
, 0.5620594621
, 0.5654866695
, 0.5689138770
, 0.5723410845
, 0.5757682323
, 0.5788146257
, 0.5822418332
, 0.5856690407
, 0.5890962481
, 0.5925233960
, 0.5959506035
, 0.5993778110
, 0.6028050184
, 0.6062321663
, 0.6096593738
, 0.6134673357
, 0.6168945432
, 0.6203217506
, 0.6237489581
, 0.6271761060
, 0.6309841275
, 0.6344113350
, 0.6378384829
, 0.6412656903
, 0.6450737119
, 0.6485008597
, 0.6523088813
, 0.6557360888
, 0.6595440507
, 0.6629712582
, 0.6667792201
, 0.6702064276
, 0.6740144491
, 0.6774415970
, 0.6812496185
, 0.6850575805
, 0.6884847879
, 0.6922928095
, 0.6961007714
, 0.6995279789
, 0.7033359408
, 0.7071439624
, 0.7109519243
, 0.7147599459
, 0.7181870937
, 0.7219951153
, 0.7258030772
, 0.7296110988
, 0.7334190607
, 0.7372270823
, 0.7410350442
, 0.7456046343
, 0.7486510277
, 0.7524590492
, 0.7562670112
, 0.7600750327
, 0.7642638087
, 0.7680718303
, 0.7718797922
, 0.7760685682
, 0.7798765898
, 0.7836845517
, 0.7874925733
, 0.7916813493
, 0.7954893112
, 0.7992973328
, 0.8034861088
, 0.8072941303
, 0.8111020923
, 0.8152908683
, 0.8190988898
, 0.8232876658
, 0.8270956874
, 0.8312844634
, 0.8354732394
, 0.8392812610
, 0.8434700370
, 0.8476588130
, 0.8514668345
, 0.8556556106
, 0.8598443866
, 0.8636524081
, 0.8678411841
, 0.8727915883
, 0.8762187362
, 0.8804075122
, 0.8845963478
, 0.8887851238
, 0.8929738998
, 0.8967819214
, 0.9013515115
, 0.9055402875
, 0.9097290635
, 0.9139178395
, 0.9181066751
, 0.9222954512
, 0.9264842272
, 0.9306730032
, 0.9352425933
, 0.9398121834
, 0.9436202049
, 0.9478089809
, 0.9519977570
, 0.9565673470
, 0.9607561827
, 0.9653257132
, 0.9695145488
, 0.9737033248
, 0.9782729149
, 0.9824616909
, 0.9870312810
, 0.9912200570
, 0.9957896471
, 0.9999784827
, 1.0045480728
, 1.0091176033
, 1.0133063793
, 1.0178760290
, 1.0224455595
, 1.0266344547
, 1.0312039852
, 1.0357736349
, 1.0399624109
, 1.0445319414
, 1.0491015911
, 1.0536711216
, 1.0582407713
, 1.0624295473
, 1.0669990778
, 1.0715687275
, 1.0761382580
, 1.0814694166
, 1.0852774382
, 1.0898470879
, 1.0944166183
, 1.0989862680
, 1.1035557985
, 1.1081254482
, 1.1126949787
, 1.1172646284
, 1.1218341589
, 1.1267845631
, 1.1313542128
, 1.1359237432
, 1.1404932737
, 1.1454436779
, 1.1500133276
, 1.1553444862
, 1.1595332623
, 1.1641029119
, 1.1686724424
, 1.1736228466
, 1.1781924963
, 1.1831427813
, 1.1877124310
, 1.1926628351
, 1.1972323656
, 1.2021827698
, 1.2067524195
, 1.2117028236
, 1.2166531086
, 1.2212227583
, 1.2261731625
, 1.2318850756
, 1.2356930971
, 1.2406435013
, 1.2455939054
, 1.2505443096
, 1.2551138401
, 1.2604449987
, 1.2650146484
, 1.2699650526
, 1.2749154568
, 1.2798658609
, 1.2848161459
, 1.2897665501
, 1.2947169542
, 1.2996673584
, 1.3049985170
, 1.3099489212
, 1.3148993254
, 1.3198497295
, 1.3248001337
, 1.3297505379
, 1.3347008228
, 1.3396512270
, 1.3449825048
, 1.3499327898
, 1.3548831940
, 1.3598335981
, 1.3651647568
, 1.3701151609
, 1.3750655651
, 1.3800159693
, 1.3853471279
, 1.3902975321
, 1.3956286907
, 1.4005790949
, 1.4059102535
, 1.4108606577
, 1.4161919355
, 1.4211422205
, 1.4264734983
, 1.4318046570
, 1.4367550611
, 1.4420862198
, 1.4474173784
, 1.4523677826
, 1.4576989412
, 1.4630302191
, 1.4683613777
, 1.4736925364
, 1.4786429405
, 1.4839740992
, 1.4893052578
