velocity=[0.0000000000
, 0.0000000000
, 0.3807992041
, 0.0000000000
, 0.3807991743
, 0.0000000000
, 0.3801529408
, 0.3814476132
, 0.0000000000
, 0.3811418414
, 0.3807991743
, 0.0000000000
, 0.3804566562
, 0.3814482689
, 0.3083634973
, 0.0000000000
, 0.3804947138
, 0.3817533851
, 0.3804951012
, 0.3804566562
, 0.3811423182
, 0.3807991743
, 0.3804566562
, 0.3798493445
, 0.3820986152
, 0.3804566562
, 0.3814474344
, 0.3807991743
, 0.3807991743
, 0.3804941475
, 0.6230865121
, 0.4589598179
, 0.3912856877
, 0.3807984591
, 0.3785674870
, 0.7641938925
, 0.3824052811
, 0.3807991743
, 0.7635060549
, 0.3789056838
, 0.3820598722
, 0.7584130168
, 0.3801900446
, 0.7692929506
, 0.3866368532
, 0.7648105621
, 0.6004410386
, 0.5043027997
, 0.7785689831
, 0.3814481497
, 0.7615983486
, 0.7609887123
, 0.3807991743
, 0.7622089386
, 0.7615965009
, 0.7615983486
, 0.3807991743
, 0.7615983486
, 0.7615983486
, 0.7615983486
, 0.7616001964
, 0.7615983486
, 0.6028130651
, 0.9878060222
, 0.7873441577
, 0.7628992200
, 0.7615983486
, 0.7615983486
, 0.7609887123
, 1.1433134079
, 0.7609887123
, 0.7615983486
, 0.7622089386
, 1.1404571533
, 0.7628962994
, 0.7609887123
, 1.1433134079
, 0.7615983486
, 0.8941030502
, 0.9867855906
, 0.7984851599
, 1.1452634335
, 1.1433134079
, 0.7615983486
, 1.1245180368
, 0.7732737064
, 1.1433097124
, 1.1404571533
, 0.7628962994
, 1.1423975229
, 1.1423975229
, 1.1414830685
, 0.7622089386
, 1.1423975229
, 1.1736736298
, 0.9525938630
, 1.2268038988
, 1.1481275558
, 1.1376239061
, 1.1423975229
, 1.1491748095
, 1.1367170811
, 1.1520749331
, 1.5180312395
, 1.1491836309
, 1.1272864342
, 1.1461839676
, 1.1511449814
, 1.5438803434
, 1.1481438875
, 1.1608817577
, 1.4900175333
, 1.2378381491
, 1.1443444490
, 1.5231966972
, 1.1423975229
, 1.5231966972
, 1.1423975229
, 1.5231966972
, 1.1423975229
, 1.5231966972
, 1.1414830685
, 1.5244178772
, 1.5231966972
, 1.1423975229
, 1.5219774246
, 1.4529861212
, 1.4784538746
, 1.2447117567
, 1.5231966972
, 1.5231893063
, 1.5245692730
, 1.5231966972
, 1.5244061947
, 1.5219891071
, 1.5231966972
, 1.5218266249
, 1.5245692730
, 1.5231966972
, 1.5231966972
, 1.5218266249
, 1.5245766640
, 1.7064746618
, 1.5320801735
, 1.5912904739
, 1.6076478958
, 1.8804954290
, 1.5385739803
, 1.5245692730
, 1.5256410837
, 1.9024573565
, 1.5244295597
, 1.9039958715
, 1.5245692730
, 1.9039958715
, 1.5244061947
, 1.9039958715
, 1.8992431164
, 1.7128775120
, 1.8659778833
, 1.7407962084
, 1.5257809162
, 1.8928471804
, 1.9152766466
, 1.8945428133
, 1.5270179510
, 1.9104675055
, 1.9022833109
, 1.9168360233
, 1.8881498575
, 1.9104967117
, 1.9120190144
, 1.9183979034
, 1.9233953953
, 1.8302745819
, 1.7548322678
, 2.1945819855
, 1.7924337387
, 1.9039958715
, 1.9022833109
, 2.2847950459
, 1.9039958715
, 1.9057115316
, 1.9055078030
, 2.2847950459
, 1.9039958715
, 1.9039958715
, 2.2829835415
, 1.9039958715
, 2.2866094112
, 2.6634807587
, 1.5168318748
, 1.9923007488
, 2.2426362038
, 1.9039958715
, 2.2847950459
, 2.2847950459
, 1.9055078030
, 2.2847950459
, 2.2847950459
, 2.2829835415
, 1.9039958715
, 2.2847950459
, 2.2866094112
, 2.2847950459
, 2.2847950459
, 2.2829835415
, 2.2770469189
, 1.9938790798
, 2.6858053207
, 2.2827398777
, 2.2868537903
, 2.2847950459
, 2.2866094112
, 2.2847950459
, 2.2847950459
, 2.2734513283
, 2.2962524891
, 2.6655793190
, 2.2847950459
, 2.2829835415
, 2.2847950459
, 2.6656091213
, 2.6086971760
, 2.2732098103
, 2.2886714935
, 2.2809317112
, 2.6814434528
, 2.2752132416
, 2.6701426506
, 2.3002033234
, 2.6544704437
, 2.6768116951
, 2.2677700520
, 2.6656091213
, 2.3002033234
, 2.6903331280
, 2.6903634071
, 2.2847950459
, 2.6433949471
, 2.6859376431
, 2.6623103619
, 2.5357568264
, 2.4101262093
, 2.6499712467
, 2.6746695042
, 2.6722664833
, 2.6655793190
, 2.6656091213
, 2.6655793190
, 2.6656091213
, 2.6634659767
, 2.6656091213
, 2.6676959991
, 2.6656091213
, 3.0186188221
, 2.6835553646
, 2.6723372936
, 2.6655793190
, 2.6656091213
, 3.0463933945
, 2.6655793190
, 2.6634144783
, 3.0489056110
, 2.6655793190
, 3.0463933945
, 2.6656091213
, 2.6655793190
, 3.0463933945
, 2.6656091213
, 3.0463933945
, 3.0185732841
, 2.6835966110
, 3.0540359020
, 2.6634144783
, 3.0489056110
, 3.0438852310
, 3.0489056110
, 2.6655793190
, 3.0463933945
, 3.0463933945
, 3.0463933945
, 3.0438852310
, 3.0489056110
, 3.0463933945
, 2.6655793190
, 3.0463933945
, 3.3985817432
, 2.6835966110
, 3.0516085625
, 3.4272074699
, 3.0463933945
, 3.0438852310
, 3.0489056110
, 3.0438852310
, 3.0436997414
, 3.0490918159
, 3.4271776676
, 3.0463933945
, 3.0489056110
, 3.4243857861
, 3.0463933945
, 3.0436997414
, 3.3488216400
, 3.4213008881
, 3.0489056110
, 3.4272074699
, 3.0591835976
, 3.4044542313
, 3.0488123894
, 3.4447035789
, 3.0336174965
, 3.4618599415
, 3.3960123062
, 3.0463933945
, 3.4444465637
, 3.4620130062
, 3.0747311115
, 3.4302432537
, 3.3960123062
, 3.4531311989
, 3.4298694134
, 3.0439782143
, 3.4329695702
, 3.4241769314
, 3.4330744743
, 3.4213008881
, 3.4302432537
, 3.4241769314
, 3.4302432537
, 3.4299740791
, 3.4243857861
, 3.8079619408
, 3.4272074699
, 3.4300336838
, 3.3901689053
, 3.4562594891
, 3.8175747395
, 3.4272074699
, 3.4271478653
, 3.4272074699
, 3.8080215454
, 3.4243264198
, 3.8111617565
, 3.4272074699
, 3.8079619408
, 3.4272074699
, 3.8079619408
, 3.4272074699
, 3.8080215454
, 3.4271478653
, 3.7796463966
, 3.8271162510
, 3.4358053207
, 3.8080215454
, 3.8079619408
, 3.4272074699
, 3.8079619408
, 3.8080215454
, 3.8079619408
, 3.8048863411
, 3.4271478653
, 3.8080215454
, 3.8111021519
, 3.6873891354
, 3.9367520809
, 3.8080215454
, 3.7114603519
, 3.9874393940
, 3.6755483150
, 3.8016405106
, 3.8079619408
, 3.8015248775
, 4.1030044556
, 3.8141906261
, 3.8274683952
, 4.1571860313
, 3.8144240379
, 3.7984564304
, 3.8046543598
, 4.2135934830
, 3.7984564304
, 3.8403685093
, 4.1571860313
, 3.8240094185
, 3.8565692902
, 4.2098460197
, 3.8113946915
, 4.1922302246
, 3.7920515537
, 4.1959466934
, 4.1887760162
, 3.8080215454
, 4.1505236626
, 4.2384452820
, 3.8080215454
, 4.1537890434
, 4.2243571281
, 3.8080215454
, 4.1435070038
, 4.3326616287
, 4.0446887016
, 4.1887760162
, 4.1922898293
, 4.1887760162
, 4.1887760162
, 3.8048863411
, 4.5733585358
, 4.1887760162
, 4.1887760162
, 4.1853275299
, 4.1888356209
, 4.1922302246
, 4.1887760162
, 4.1712093353
, 4.5432467461
, 4.0108304024
, 4.4502744675
, 4.2098460197
, 4.1853275299
, 4.5619330406
, 4.1958780289
, 4.5695304871
, 4.1922898293
, 4.1887760162
, 4.5695900917
, 4.1816296577
, 4.5736379623
, 4.1887760162
, 4.5733585358
, 4.1853871346
, 4.4573669434
, 4.5503668785
, 4.2030134201
, 4.5964417458
, 4.5850620270
, 4.1437501907
, 4.5659074783
, 4.5924944878
, 4.1817569733
, 4.5966038704
, 4.5351872444
, 4.5695304871
, 4.5967240334
, 4.2277402878
, 4.6124625206
, 4.5769128799
, 4.5319118500
, 4.6621670723
, 4.4941921234
, 4.5542225838
, 4.5809941292
, 4.5736975670
, 4.5732989311
, 4.5658874512
, 4.5695304871
, 4.5696496964
, 4.5695304871
, 4.9504041672
, 4.5734181404
, 4.5617346764
, 4.5695304871
, 4.9547891617
, 4.5239520073
, 4.6933560371
, 4.9048676491
, 4.5619926453
, 4.5772132874
, 4.9504041672
, 4.5696496964
, 4.9419898987
, 4.5696496964
, 4.9419584274
, 4.5850620270
, 4.9460268021
, 4.5736975670
, 4.9421091080
, 4.9502849579
, 4.5773324966
, 4.9008984566
, 5.0175046921
, 4.4721255302
, 4.9504041672
, 4.9544863701
, 4.9504041672
, 4.5617346764
, 5.2956047058
, 4.6084661484
, 4.9504041672
, 4.9504041672
, 4.9504041672
, 4.9462094307
, 4.9544863701
, 4.9504041672
, 4.9463286400
, 5.1789574623
, 4.9504041672
, 4.9628233910
, 4.9838652611
, 4.9504041672
, 4.9135169983
, 4.9379281998
, 4.9837121964
, 5.3270511627
, 4.9627037048
, 4.9380469322
, 4.9838652611
, 5.3220634460
, 5.0009198189
, 5.0004577637
, 4.9504041672
, 5.2694077492
, 5.0004577637
, 5.3311586380
, 4.9588789940
, 5.3311586380
, 4.9504041672
, 5.3312778473
, 4.9502849579
, 5.3312778473
, 5.3311586380
, 4.9504041672
, 5.3269319534
, 5.3311586380
, 4.9543352127
, 5.3220634460
, 5.3361630440
, 5.2824735641
, 5.3850617409
, 4.9464793205
, 5.3353919983
, 5.3269319534
