time=[0.0000000000
, 0.9965999722
, 1.9974999428
, 2.9990999699
, 4.1719999313
, 5.0167999268
, 6.0234999657
, 7.0184001923
, 8.0218000412
, 9.0200996399
, 10.0125999451
, 11.0184001923
, 12.0108995438
, 13.0235004425
, 14.0235004425
, 15.0176000595
, 16.0209007263
, 17.0142002106
, 18.0007991791
, 18.9958000183
, 20.1828994751
, 20.9974994659
, 22.1501007080
, 22.9983005524
, 23.9958000183
, 25.0091991425
, 25.9965991974
, 26.9965991974
, 27.9965991974
, 28.9965991974
, 29.9965991974
, 30.9965991974
, 31.9974994659
, 32.9966011047
, 33.9958000183
, 34.9958000183
, 36.1861991882
, 36.9982986450
, 38.1475982666
, 38.9975013733
, 39.9982986450
, 40.9975013733
, 41.9975013733
, 42.9966011047
, 43.9966011047
, 44.9966011047
, 45.9966011047
, 46.9966011047
, 47.9966011047
, 48.9982986450
, 49.9975013733
, 50.9975013733
, 52.2323989868
, 52.9982986450
, 53.9966011047
, 54.9982986450
, 55.9966011047
, 56.9966011047
, 57.9966011047
, 59.0032997131
, 59.9966011047
, 60.9966011047
, 61.9966011047
, 62.9975013733
, 63.9990997314
, 64.9965972900
, 65.9965972900
, 66.9965972900
, 68.2205963135
, 69.0410995483
, 70.0251007080
, 71.0234985352
, 72.0234985352
, 73.0251007080
, 74.0167999268
, 75.0208969116
, 76.0141983032
, 77.0242996216
, 78.0184020996
, 79.0184020996
, 80.0176010132
, 81.0167999268
, 82.0025024414
, 82.9957962036
, 84.2508010864
, 85.0117034912
, 85.9974975586
, 86.9957962036
, 87.9957962036
, 88.9957962036
, 89.9957962036
, 90.9957962036
, 91.9965972900
, 92.9957962036
, 93.9957962036
, 94.9957962036
, 95.9957962036
, 96.9957962036
, 97.9957962036
, 98.9965972900
, 100.2725982666
, 101.0285034180
, 101.9990997314
, 102.9957962036
, 103.9957962036
, 104.9957962036
, 105.9957962036
, 106.9957962036
, 107.9957962036
, 108.9957962036
, 109.9957962036
, 110.9965972900
, 111.9965972900
, 112.9957962036
, 113.9957962036
, 114.9957962036
, 116.2592010498
, 117.0360031128
, 117.9974975586
, 118.9957962036
, 119.9957962036
, 120.9957962036
, 121.9965972900
, 122.9957962036
, 123.9957962036
, 124.9957962036
, 125.9974975586
, 126.9957962036
, 127.9957962036
, 128.9958038330
, 129.9958038330
, 130.9965972900
, 132.3036956787
, 133.0964050293
, 134.0225982666
, 135.0200958252
, 136.0251007080
, 137.0218048096
, 138.0175933838
, 139.0175933838
, 140.0126037598
, 141.0218048096
, 142.0066986084
, 143.0218048096
, 144.0218048096
, 145.0142059326
, 146.0133972168
, 147.0151062012
, 148.3775024414
, 149.0939025879
, 150.0151062012
, 151.0092010498
, 152.0016937256
, 152.9965972900
, 153.9958038330
, 154.9958038330
, 155.9958038330
, 156.9958038330
, 157.9958038330
, 158.9958038330
, 159.9958038330
, 160.9965972900
, 161.9965972900
, 162.9958038330
, 164.2978057861
, 165.0771942139
, 165.9974975586
, 166.9958038330
, 167.9958038330
, 168.9958038330
, 169.9958038330
, 170.9965972900
, 171.9974975586
, 172.9958038330
, 173.9958038330
, 174.9958038330
, 175.9958038330
, 176.9965972900
, 177.9958038330
, 178.9974975586
, 180.3188018799
, 181.0955963135
, 182.1501007080
, 182.9974975586
, 183.9958038330
, 184.9965972900
, 185.9974975586
, 186.9965972900
, 187.9958038330
, 188.9965972900
, 189.9965972900
, 190.9983062744
, 191.9974975586
, 192.9958038330
, 193.9958038330
, 194.9958038330
, 196.3094940186
, 197.1443023682
, 198.1703033447
, 199.0000000000
, 199.9983062744
, 200.9974975586
, 201.9974975586
, 203.0057983398
, 203.9974975586
, 204.9965972900
, 206.0260009766
, 207.0225982666
, 208.0243072510
, 209.0267944336
, 210.0251007080
, 211.0243072510
, 212.4344940186
, 213.2424011230
, 214.0234985352
, 215.0225982666
, 216.0225982666
, 217.0234985352
, 218.0158996582
, 219.0016937256
, 220.0812988281
, 220.9974975586
, 222.0955963135
, 222.9974975586
, 223.9965972900
, 224.9958038330
, 225.9974975586
, 226.9990997314
, 227.9958038330
, 229.1157073975
, 230.1517944336
, 230.9990997314
, 231.9965972900
, 232.9965972900
, 233.9958038330
, 234.9958038330
, 235.9965972900
, 236.9958038330
, 237.9958038330
, 238.9958038330
, 239.9965972900
, 240.9965972900
, 241.9965972900
, 242.9958038330
, 243.9958038330
, 244.9983062744
, 246.1517944336
, 246.9958038330
, 247.9958038330
, 248.9983062744
, 249.9983062744
, 250.9965972900
, 251.9965972900
, 252.9974975586
, 253.9958038330
, 254.9958038330
, 255.9958038330
, 256.9957885742
, 258.0032958984
, 259.0007934570
, 259.9966125488
, 261.0209045410
, 262.0234985352
, 263.0217895508
, 264.0250854492
, 265.0217895508
, 266.0217895508
, 267.0201110840
, 268.0176086426
, 269.0209045410
, 270.0116882324
, 271.0226135254
, 272.0217895508
, 273.0141906738
, 274.0050048828
, 274.9957885742
, 275.9966125488
, 277.0057983398
, 278.1333923340
, 278.9982910156
, 280.0469970703
, 280.9982910156
, 281.9982910156
, 282.9957885742
, 283.9957885742
, 284.9957885742
, 285.9957885742
, 286.9957885742
, 287.9957885742
, 288.9957885742
, 289.9966125488
, 290.9966125488
, 291.9966125488
, 293.0057983398
, 293.9982910156
, 294.9966125488
, 295.9966125488
, 296.9957885742
, 297.9957885742
, 298.9957885742
, 299.9966125488
, 300.9966125488
, 301.9966125488
, 302.9957885742
, 303.9957885742
, 304.9957885742
, 305.9957885742
, 306.9957885742
, 307.9957885742
, 309.0050048828
, 309.9982910156
, 310.9966125488
, 311.9966125488
, 312.9957885742
, 313.9957885742
, 314.9957885742
, 315.9957885742
, 316.9974975586
, 317.9957885742
, 318.9957885742
, 319.9957885742
, 320.9966125488
, 321.9966125488
, 322.9957885742
, 323.9957885742
, 325.0057983398
, 325.9974975586
, 326.9957885742
, 327.9957885742
, 328.9957885742
, 329.9957885742
, 330.9957885742
, 331.9966125488
, 332.9957885742
, 333.9966125488
, 334.9974975586
, 335.9957885742
, 336.9966125488
, 337.9974975586
, 338.9957885742
, 339.9974975586
, 341.0209045410
, 342.0201110840
, 343.0217895508
, 344.0209045410
, 345.0201110840
, 346.0234985352
, 347.0234985352
, 348.0201110840
, 349.0176086426
, 350.0141906738
, 351.0250854492
, 352.0217895508
, 353.0151062012
, 354.0141906738
, 355.0032958984
, 355.9974975586
, 357.0050048828
, 358.0000000000
, 358.9966125488
, 359.9966125488
, 360.9966125488
, 361.9974975586
, 362.9966125488
, 363.9957885742
, 364.9982910156
, 365.9966125488
, 366.9966125488
, 367.9974975586
, 368.9974975586
, 369.9966125488
, 370.9966125488
, 371.9974975586
, 373.0057983398
, 373.9991149902
, 374.9966125488
, 375.9966125488
, 376.9966125488
, 377.9957885742
, 378.9957885742
, 379.9966125488
, 380.9957885742
, 381.9966125488
, 382.9957885742
, 383.9957885742
, 384.9957885742
, 386.0050048828
, 387.0057983398
, 388.0000000000
, 389.0100097656
, 390.0057983398
, 391.0007934570
, 392.0017089844
, 393.0000000000
, 394.0007934570
, 394.9991149902
, 396.0000000000
, 397.0007934570
, 397.9991149902
, 399.0007934570
, 400.0007934570
, 401.0057983398
, 402.0075073242
, 403.0050048828
, 403.9957885742
, 405.0226135254
, 406.0217895508
, 407.0209045410
, 408.0192871094
, 409.0209045410
, 410.0242919922
, 411.0242919922
, 412.0158996582
, 413.0201110840
, 414.0126037598
, 415.0226135254
, 416.0234985352
, 417.0168151855
, 418.0100097656
, 419.0108947754
, 420.0176086426
, 421.0201110840
, 422.0201110840
, 423.0168151855
, 424.0116882324
, 425.0184020996
, 425.9957885742
, 426.9957885742
, 427.9957885742
, 429.0083923340
, 429.9966125488
, 430.9957885742
, 432.0116882324
, 433.0025024414
, 433.9966125488
, 434.9966125488
, 436.0133972168
, 437.0100097656
, 438.0025024414
, 438.9982910156
, 439.9966125488
, 441.0007934570
, 441.9991149902
, 442.9966125488
, 444.0091857910
, 445.0017089844
, 445.9974975586
, 446.9966125488
, 447.9991149902
, 448.9957885742
, 449.9974975586
, 450.9982910156
, 451.9966125488
, 453.0100097656
, 454.1585083008
, 454.9974975586
, 455.9957885742
, 456.9957885742
, 457.9957885742
, 458.9957885742
, 459.9957885742
, 460.9974975586
, 461.9966125488
, 462.9982910156
, 464.0083923340
, 464.9957885742
, 465.9957885742
, 466.9966125488
, 467.9957885742
, 469.0226135254
, 470.0267944336
, 471.0209045410
, 472.0192871094
, 473.0158996582
, 474.0234985352
, 475.0234985352
