position=[0.0068543837
, 0.0068543837
, 0.0076159821
, 0.0083775800
, 0.0099007767
, 0.0110431742
, 0.0129471701
, 0.0148511650
, 0.0171359591
, 0.0198015533
, 0.0224671476
, 0.0258943401
, 0.0293215308
, 0.0331295207
, 0.0369375125
, 0.0415071025
, 0.0460766926
, 0.0510270819
, 0.0559774674
, 0.0613086559
, 0.0681630373
, 0.0731134266
, 0.0807294101
, 0.0860605985
, 0.0932957828
, 0.1005309671
, 0.1077661514
, 0.1157629266
, 0.1237597093
, 0.1321372837
, 0.1408956647
, 0.1496540457
, 0.1587932259
, 0.1683132052
, 0.1778331846
, 0.1877339631
, 0.1999195367
, 0.2082971185
, 0.2201018780
, 0.2292410582
, 0.2399034351
, 0.2505658269
, 0.2616089880
, 0.2726521492
, 0.2840761244
, 0.2955000997
, 0.3069240749
, 0.3183480501
, 0.3301528394
, 0.3419575989
, 0.3537623584
, 0.3655671477
, 0.3804183006
, 0.3899382949
, 0.4017430544
, 0.4139286280
, 0.4261142015
, 0.4386805594
, 0.4508661330
, 0.4634325206
, 0.4759988785
, 0.4881844521
, 0.5011316538
, 0.5136979818
, 0.5262643695
, 0.5388307571
, 0.5517778993
, 0.5643442869
, 0.5799570680
, 0.5906194448
, 0.6031857729
, 0.6161329746
, 0.6290801167
, 0.6420273185
, 0.6549744606
, 0.6679216623
, 0.6808688045
, 0.6938160062
, 0.7067631483
, 0.7200911045
, 0.7330383062
, 0.7459854484
, 0.7589326501
, 0.7718797922
, 0.7886349559
, 0.7985357046
, 0.8114829063
, 0.8248108625
, 0.8377580643
, 0.8510860205
, 0.8644139767
, 0.8777419329
, 0.8910698891
, 0.9040170908
, 0.9173450470
, 0.9306730032
, 0.9440010190
, 0.9573289752
, 0.9710377455
, 0.9843657017
, 1.0015016794
, 1.0114024878
, 1.0243495703
, 1.0376775265
, 1.0510056019
, 1.0647143126
, 1.0780422688
, 1.0913702250
, 1.1050790548
, 1.1184070110
, 1.1317349672
, 1.1454436779
, 1.1587716341
, 1.1720997095
, 1.1858084202
, 1.1991363764
, 1.2162723541
, 1.2269346714
, 1.2398818731
, 1.2532098293
, 1.2669186592
, 1.2802466154
, 1.2939553261
, 1.3076641560
, 1.3209921122
, 1.3347008228
, 1.3480288982
, 1.3617376089
, 1.3750655651
, 1.3887743950
, 1.4024831057
, 1.4158110619
, 1.4340894222
, 1.4447518587
, 1.4573181868
, 1.4706461430
, 1.4843549728
, 1.4980636835
, 1.5113916397
, 1.5251004696
, 1.5388091803
, 1.5525180101
, 1.5658459663
, 1.5795546770
, 1.5932635069
, 1.6069722176
, 1.6203001738
, 1.6340090036
, 1.6526681185
, 1.6625689268
, 1.6751352549
, 1.6884632111
, 1.7021720409
, 1.7154999971
, 1.7292087078
, 1.7429175377
, 1.7566262484
, 1.7703350782
, 1.7840437889
, 1.7973717451
, 1.8110805750
, 1.8247892857
, 1.8384981155
, 1.8522068262
, 1.8701044321
, 1.8807667494
, 1.8933331966
, 1.9070419073
, 1.9207507372
, 1.9344594479
, 1.9477874041
, 1.9614962339
, 1.9752049446
, 1.9889137745
, 2.0026226044
, 2.0163311958
, 2.0300400257
, 2.0437488556
, 2.0574576855
, 2.0711662769
, 2.0894446373
, 2.1001071930
, 2.1145775318
, 2.1260013580
, 2.1397101879
, 2.1534190178
, 2.1671278477
, 2.1808364391
, 2.1945452690
, 2.2082540989
, 2.2223436832
, 2.2360522747
, 2.2493803501
, 2.2630891800
, 2.2767977715
, 2.2908873558
, 2.3087849617
, 2.3202090263
, 2.3342986107
, 2.3457224369
, 2.3594312668
, 2.3731400967
, 2.3868489265
, 2.4009382725
, 2.4142663479
, 2.4279751778
, 2.4424455166
, 2.4561543465
, 2.4698629379
, 2.4835717678
, 2.4972805977
, 2.5109894276
, 2.5304100513
, 2.5414533615
, 2.5524964333
, 2.5662052631
, 2.5799138546
, 2.5936226845
, 2.6073315144
, 2.6206595898
, 2.6355106831
, 2.6480770111
, 2.6633088589
, 2.6754944324
, 2.6892032623
, 2.7029120922
, 2.7166209221
, 2.7307105064
, 2.7493696213
, 2.7596511841
, 2.7741215229
, 2.7855455875
, 2.7992541790
, 2.8129630089
, 2.8270525932
, 2.8407614231
, 2.8544700146
, 2.8681788445
, 2.8818876743
, 2.8955965042
, 2.9093050957
, 2.9233946800
, 2.9371035099
, 2.9508123398
, 2.9645211697
, 2.9782297611
, 2.9942233562
, 3.0056474209
, 3.0197370052
, 3.0334455967
, 3.0471544266
, 3.0608632565
, 3.0745720863
, 3.0882806778
, 3.1023702621
, 3.1160790920
, 3.1297879219
, 3.1434967518
, 3.1575860977
, 3.1712949276
, 3.1850037575
, 3.2009973526
, 3.2128021717
, 3.2268917561
, 3.2406003475
, 3.2543091774
, 3.2680180073
, 3.2817268372
, 3.2954354286
, 3.3095250130
, 3.3228530884
, 3.3369426727
, 3.3506512642
, 3.3643600941
, 3.3780689240
, 3.3917777538
, 3.4054863453
, 3.4195759296
, 3.4348080158
, 3.4469935894
, 3.4614639282
, 3.4744110107
, 3.4881198406
, 3.5018286705
, 3.5159182549
, 3.5296268463
, 3.5433356762
, 3.5570445061
, 3.5711340904
, 3.5848429203
, 3.5985515118
, 3.6122603416
, 3.6259691715
, 3.6400587559
, 3.6537673473
, 3.6674761772
, 3.6811850071
, 3.6948938370
, 3.7089834213
, 3.7226920128
, 3.7364008427
, 3.7501096725
, 3.7641992569
, 3.7779078484
, 3.7916166782
, 3.8053255081
, 3.8190343380
, 3.8327429295
, 3.8468325138
, 3.8605413437
, 3.8742501736
, 3.8879590034
, 3.9020485878
, 3.9157571793
, 3.9294660091
, 3.9431748390
, 3.9568834305
, 3.9709730148
, 3.9846818447
, 3.9983906746
, 4.0120992661
, 4.0258083344
, 4.0398979187
, 4.0536065102
, 4.0673151016
, 4.0814046860
, 4.0947327614
, 4.1084418297
, 4.1225309372
, 4.1362400055
, 4.1499485970
, 4.1636576653
, 4.1773662567
, 4.1914558411
, 4.2051644325
, 4.2188735008
, 4.2325820923
, 4.2462906837
, 4.2603802681
, 4.2740893364
, 4.2877979279
, 4.3018875122
, 4.3159770966
, 4.3296856880
, 4.3433947563
, 4.3571033478
, 4.3711929321
, 4.3849015236
, 4.3986105919
, 4.4123191833
, 4.4260282516
, 4.4401178360
, 4.4538264275
, 4.4675350189
, 4.4812440872
, 4.4949526787
, 4.5082807541
, 4.5223703384
, 4.5360789299
, 4.5497879982
, 4.5634965897
, 4.5772051811
, 4.5909142494
, 4.6050038338
, 4.6187124252
, 4.6324210167
, 4.6461300850
, 4.6598386765
, 4.6739282608
, 4.6876368523
, 4.7013459206
, 4.7150545120
, 4.7287635803
, 4.7428526878
, 4.7565617561
, 4.7702703476
, 4.7839794159
, 4.7976880074
, 4.8113965988
, 4.8254861832
, 4.8391952515
, 4.8529038429
, 4.8666124344
, 4.8803215027
, 4.8940300941
, 4.9081196785
, 4.9218282700
, 4.9359178543
, 4.9496269226
, 4.9633355141
, 4.9770445824
, 4.9907531738
, 5.0044617653
, 5.0181708336
, 5.0318794250
, 5.0459690094
, 5.0596776009
, 5.0733866692
, 5.0870952606
, 5.1011848450
, 5.1148934364
, 5.1286025047
, 5.1423110962
, 5.1564006805
, 5.1697287560
, 5.1841988564
, 5.1979079247
, 5.2116165161
, 5.2253255844
, 5.2390341759
, 5.2531237602
, 5.2668323517
, 5.2805414200
, 5.2942500114
, 5.3079586029
, 5.3220481873
, 5.3357572556
, 5.3494658470
, 5.3631744385
, 5.3768835068
, 5.3905920982
, 5.4046816826
, 5.4183907509
, 5.4320993423
, 5.4458079338
, 5.4595170021
, 5.4728446007
, 5.4865536690
, 5.5006432533
, 5.5143518448
, 5.5280604362
, 5.5417695045
, 5.5558590889
, 5.5695676804
, 5.5832767487
, 5.5969853401
, 5.6110749245
, 5.6247835159
, 5.6384925842
, 5.6522011757
, 5.6659097672
, 5.6796188354
, 5.6933274269
, 5.7074170113
, 5.7211256027
, 5.7348346710
, 5.7485432625
, 5.7622523308
, 5.7759609222
, 5.7900505066
, 5.8037590981
, 5.8174681664
, 5.8311767578
, 5.8452663422
, 5.8612599373
, 5.8726840019
, 5.8863925934
, 5.9001011848
, 5.9138102531
, 5.9278998375
, 5.9416084290
, 5.9553174973
, 5.9690260887
, 5.9831156731
, 5.9972052574
, 6.0105333328
, 6.0242419243
, 6.0383315086
, 6.0520401001
, 6.0661296844
, 6.0798387527
, 6.0935473442
, 6.1076369286
, 6.1213455200
, 6.1350545883
, 6.1491441727
, 6.1628527641
, 6.1765613556
, 6.1902704239
, 6.2039790154
, 6.2176880836
, 6.2313966751
, 6.2451052666
, 6.2588143349
, 6.2725229263
, 6.2866125107
, 6.3022251129
, 6.3140301704
, 6.3277387619
, 6.3414473534
, 6.3551564217
, 6.3688650131
, 6.3829545975
, 6.3966636658
, 6.4103722572
, 6.4240808487
, 6.4377899170
, 6.4518795013
, 6.4655880928
, 6.4792966843
, 6.4930057526
, 6.5070953369
, 6.5227079391
, 6.5345125198
, 6.5482215881
, 6.5619301796
, 6.5760197639
, 6.5897283554
, 6.6034374237
, 6.6171460152
, 6.6312355995
, 6.6449446678
, 6.6586532593
, 6.6723618507
, 6.6860709190
, 6.6997795105
, 6.7138690948
, 6.7279586792
, 6.7435712814
, 6.7553763390
, 6.7690849304
, 6.7827935219
, 6.7965025902
, 6.8105921745
, 6.8243007660
, 6.8380098343
, 6.8517184258
, 6.8654270172
, 6.8795166016
, 6.8932256699
, 6.9069342613
, 6.9210238457
