velocity=[0.0000000000
, 0.0000000000
, 0.0048698462
, 0.0298425909
, 0.0808416232
, 0.1632423103
, 0.2756884396
, 0.4184352458
, 0.5851709247
, 0.7731097341
, 0.9800544381
, 1.2011820078
, 1.4395847321
, 1.6907895803
, 1.9494450092
, 2.2115283012
, 2.4825005531
, 2.7589230537
, 3.0386857986
, 3.3164582253
, 3.5921516418
, 3.8693704605
, 4.1515908241
, 4.4398827553
, 4.7265071869
, 5.0178260803
, 5.3087649345
, 5.5966572762
, 5.8865728378
, 6.1760234833
, 6.4656028748
, 6.7557449341
, 7.0416479111
, 7.3240571022
, 7.6047863960
, 7.8803262711
, 8.1519842148
, 8.4214725494
, 8.6843643188
, 8.9354152679
, 9.1767873764
, 9.4041824341
, 9.6149826050
, 9.8132715225
, 10.0013065338
, 10.1838884354
, 10.3597936630
, 10.5249271393
, 10.6779394150
, 10.8239374161
, 10.9630718231
, 11.0932750702
, 11.2133855820
, 11.3286428452
, 11.4433012009
, 11.5473232269
, 11.6414403915
, 11.7297277451
, 11.8169984818
, 11.8982591629
, 11.9763183594
, 12.0519247055
, 12.1200284958
, 12.1893386841
, 12.2554655075
, 12.3144464493
, 12.3680706024
, 12.4211454391
, 12.4688510895
, 12.5132436752
, 12.5583839417
, 12.6018543243
, 12.6448545456
, 12.6867980957
, 12.7268352509
, 12.7653503418
, 12.7998933792
, 12.8303012848
, 12.8541564941
, 12.8766345978
, 12.9034223557
, 12.9284868240
, 12.9492645264
, 12.9681015015
, 12.9863662720
, 13.0077457428
, 13.0274219513
, 13.0461425781
, 13.0659265518
, 13.0819492340
, 13.0989713669
, 13.1192283630
, 13.1420497894
, 13.1634426117
, 13.1770763397
, 13.1881561279
, 13.2000131607
, 13.2132158279
, 13.2296886444
, 13.2537775040
, 13.2789201736
, 13.3006029129
, 13.3129577637
, 13.3195266724
, 13.3238496780
, 13.3291702271
, 13.3410205841
, 13.3533306122
, 13.3646697998
, 13.3794670105
, 13.3919019699
, 13.4011936188
, 13.4123954773
, 13.4205980301
, 13.4258432388
, 13.4335069656
, 13.4399967194
, 13.4484510422
, 13.4615859985
, 13.4736089706
, 13.4815940857
, 13.4894104004
, 13.4943695068
, 13.5020666122
, 13.5127763748
, 13.5204343796
, 13.5269403458
, 13.5292310715
, 13.5314693451
, 13.5310697556
, 13.5337591171
, 13.5395336151
, 13.5441274643
, 13.5544567108
, 13.5639514923
, 13.5693664551
, 13.5685834885
, 13.5677719116
, 13.5698738098
, 13.5703926086
, 13.5736207962
, 13.5815563202
, 13.5896816254
, 13.5943298340
, 13.5955247879
, 13.5985889435
, 13.6045207977
, 13.6061306000
, 13.6070928574
, 13.6110105515
, 13.6196060181
, 13.6275825500
, 13.6304559708
, 13.6322355270
, 13.6298542023
, 13.6280479431
, 13.6292762756
, 13.6335802078
, 13.6401443481
, 13.6455516815
, 13.6437683105
, 13.6404809952
, 13.6392602921
, 13.6410884857
, 13.6459627151
, 13.6531801224
, 13.6604070663
, 13.6664075851
, 13.6721467972
, 13.6776628494
, 13.6803312302
, 13.6747760773
, 13.6670970917
, 13.6615724564
, 13.6598272324
, 13.6612615585
, 13.6648206711
, 13.6695022583
, 13.6745080948
, 13.6795196533
, 13.6846389771
, 13.6918106079
, 13.6994152069
, 13.7045793533
, 13.7036314011
, 13.7005891800
, 13.6975889206
, 13.6954174042
, 13.6946725845
, 13.6951751709
, 13.6986427307
, 13.7098560333
, 13.7196025848
, 13.7191467285
, 13.7142229080
, 13.7113084793
, 13.7165527344
, 13.7226428986
, 13.7265787125
, 13.7291393280
, 13.7314682007
, 13.7332649231
, 13.7340545654
, 13.7353191376
, 13.7391185760
, 13.7377738953
, 13.7356634140
, 13.7401447296
, 13.7468910217
, 13.7512083054
, 13.7518815994
, 13.7503252029
, 13.7478599548
, 13.7455158234
, 13.7448568344
, 13.7521629333
, 13.7609586716
, 13.7666559219
, 13.7687482834
, 13.7682018280
, 13.7621469498
, 13.7543535233
, 13.7477626801
, 13.7438507080
, 13.7374801636
, 13.7304878235
, 13.7243528366
, 13.7213191986
, 13.7586278915
, 13.8696374893
, 13.9063119888
, 13.8912296295
, 13.8538837433
, 13.8132629395
, 13.7803668976
, 13.7630653381
, 13.7546072006
, 13.7494850159
, 13.7455959320
, 13.7419500351
, 13.7381629944
, 13.7365436554
, 13.7425947189
, 13.7502603531
, 13.7556934357
, 13.7575826645
, 13.7567577362
, 13.7556333542
, 13.7529010773
, 13.7555475235
, 13.7587022781
, 13.7598505020
, 13.7590227127
, 13.7562513351
, 13.7544097900
, 13.7598152161
, 13.7663507462
, 13.7700634003
, 13.7719526291
, 13.7765512466
, 13.7810401917
, 13.7957763672
, 13.8330612183
, 13.8373317719
, 13.8264646530
, 13.8104991913
, 13.7942028046
, 13.7792978287
, 13.7668313980
, 13.7591848373
, 13.7584037781
, 13.7562599182
, 13.7563467026
, 13.7574691772
, 13.7601423264
, 13.7648839951
, 13.7704524994
, 13.7750558853
, 13.7799444199
, 13.7811460495
, 13.7859897614
, 13.7911567688
, 13.7912063599
, 13.7869739532
, 13.7830905914
, 13.7855815887
, 13.7887229919
, 13.7889928818
, 13.7883167267
, 13.7925767899
, 13.7963342667
, 13.7962503433
, 13.7922868729
, 13.7870922089
, 13.7859592438
, 13.7872362137
, 13.7875223160
, 13.7852420807
, 13.7830295563
, 13.7866344452
, 13.7903499603
, 13.7906160355
, 13.7896566391
, 13.7936372757
, 13.7974395752
, 13.7977294922
, 13.7941617966
, 13.7876062393
, 13.7816591263
, 13.7817583084
, 13.7812070847
, 13.7799224854
, 13.7798099518
, 13.7856111526
, 13.7913770676
, 13.7934093475
, 13.7912406921
, 13.7880182266
, 13.7899656296
, 13.7925367355
, 13.7923307419
, 13.7887058258
, 13.7846345901
, 13.7865781784
, 13.7893695831
, 13.7909946442
, 13.7924232483
, 13.7867555618
, 13.7796411514
, 13.7791032791
, 13.7801723480
, 13.7794094086
, 13.7760553360
, 13.7729063034
, 13.7762050629
, 13.7800188065
, 13.7808952332
, 13.7788057327
, 13.7763586044
, 13.7796659470
, 13.7836809158
, 13.7847938538
, 13.7860116959
, 13.7924337387
, 13.7976932526
, 13.7989606857
, 13.7983398438
, 13.8011417389
, 13.8032159805
, 13.8029136658
, 13.8002519608
, 13.7972249985
, 13.7970895767
, 13.7976331711
, 13.7976922989
, 13.7964973450
, 13.7936210632
, 13.7847242355
, 13.7783451080
, 13.7748479843
, 13.7723083496
, 13.7689466476
, 13.7642183304
, 13.7607593536
, 13.7646894455
, 13.7699422836
, 13.7721366882
, 13.7712736130
, 13.7701883316
, 13.7746620178
, 13.7794237137
, 13.7813405991
, 13.7796993256
, 13.7766180038
, 13.7774753571
, 13.7803993225
, 13.7822246552
, 13.7812252045
, 13.7774448395
, 13.7742290497
, 13.7774143219
, 13.7812023163
, 13.7822818756
, 13.7799348831
, 13.7750692368
, 13.7709951401
, 13.7729139328
, 13.7757806778
, 13.7836036682
, 13.7911157608
, 13.7923774719
, 13.7898950577
, 13.7858200073
, 13.7800216675
, 13.7732143402
, 13.7681770325
, 13.7709054947
, 13.7749061584
, 13.7763471603
, 13.7773075104
, 13.7829313278
, 13.7874851227
, 13.7868328094
, 13.7842531204
, 13.7858028412
, 13.7850360870
, 13.7880506516
, 13.7909860611
, 13.7912092209
, 13.7883863449
, 13.7846231461
, 13.7855978012
, 13.7875986099
, 13.7890510559
, 13.7875738144
, 13.7864894867
, 13.7885017395
, 13.7899560928
, 13.7908458710
, 13.7910118103
, 13.7879905701
, 13.7826366425
, 13.7819747925
, 13.7824039459
, 13.7822475433
, 13.7807178497
, 13.7749614716
, 13.7654066086
, 13.7572765350
, 13.7563915253
, 13.7557849884
, 13.7566547394
, 13.7582454681
, 13.7622356415
, 13.7681159973
, 13.7735786438
, 13.7769813538
, 13.7801046371
, 13.7824277878
, 13.7843494415
, 13.7851200104
, 13.7833690643
, 13.7780952454
, 13.7737121582
, 13.7758321762
, 13.7764816284
, 13.7762613297
, 13.7753953934
, 13.7727756500
, 13.7703895569
, 13.7748918533
, 13.7797193527
, 13.7813034058
, 13.7809610367
, 13.7832012177
, 13.7879428864
, 13.7892208099
, 13.7867965698
, 13.7814779282
, 13.7767057419
, 13.7786397934
, 13.7815189362
, 13.7815198898
, 13.7808513641
, 13.7865467072
, 13.7953939438
, 13.7974538803
, 13.7957658768
, 13.7979440689
, 13.7999124527
, 13.7985877991
, 13.7932729721
, 13.7893114090
, 13.7928047180
, 13.7971973419
, 13.7988538742
, 13.8040027618
, 13.8088350296
, 13.8102254868
, 13.8080968857
, 13.8005733490
, 13.7902498245
, 13.7813711166
, 13.7761993408
, 13.7748451233
, 13.7753353119
, 13.7787675858
, 13.7819442749
, 13.7853755951
, 13.7865285873
, 13.7845211029
, 13.7794275284
, 13.7746343613
, 13.7765703201
, 13.7793560028
, 13.7799777985
, 13.7780466080
, 13.7755031586
, 13.7779130936
, 13.7819347382
, 13.7833175659
, 13.7829055786
