torque=[5.0000000000
, 5.0000000000
, 5.0000000000
, 5.0000000000
, 5.0000000000
, 5.0000000000
, 5.0000000000
, 5.0000000000
, 5.0000000000
, 5.0000000000
, 5.0000000000
, 5.0000000000
, 5.0000000000
, 5.0000000000
, 5.0000000000
, 5.0000000000
, 5.0000000000
, 5.0000000000
, 5.0000000000
, 5.0000000000
, 5.0000000000
, 5.0000000000
, 5.0000000000
, 5.0000000000
, 5.0000000000
, 5.0000000000
, 5.0000000000
, 5.0000000000
, 5.0000000000
, 5.0000000000
, 5.0000000000
, 5.0000000000
, 5.0000000000
, 5.0000000000
, 5.0000000000
, 5.0000000000
, 5.0000000000
, 5.0000000000
, 5.0000000000
, 5.0000000000
, 5.0000000000
, 5.0000000000
, 5.0000000000
, 5.0000000000
, 5.0000000000
, 5.0000000000
, 5.0000000000
, 5.0000000000
, 5.0000000000
, 5.0000000000
, 5.0000000000
, 5.0000000000
, 5.0000000000
, 5.0000000000
, 5.0000000000
, 5.0000000000
, 5.0000000000
, 5.0000000000
, 5.0000000000
, 5.0000000000
, 5.0000000000
, 5.0000000000
, 5.0000000000
, 5.0000000000
, 5.0000000000
, 5.0000000000
, 5.0000000000
, 5.0000000000
, 5.0000000000
, 5.0000000000
, 5.0000000000
, 5.0000000000
, 5.0000000000
, 5.0000000000
, 5.0000000000
, 5.0000000000
, 5.0000000000
, 5.0000000000
, 5.0000000000
, 5.0000000000
, 5.0000000000
, 5.0000000000
, 5.0000000000
, 5.0000000000
, 5.0000000000
, 5.0000000000
, 5.0000000000
, 5.0000000000
, 5.0000000000
, 5.0000000000
, 5.0000000000
, 5.0000000000
, 5.0000000000
, 5.0000000000
, 5.0000000000
, 5.0000000000
, 5.0000000000
, 5.0000000000
, 5.0000000000
, 5.0000000000
, 5.0000000000
, 5.0000000000
, 5.0000000000
, 5.0000000000
, 5.0000000000
, 5.0000000000
, 5.0000000000
, 5.0000000000
, 5.0000000000
, 5.0000000000
, 5.0000000000
, 5.0000000000
, 5.0000000000
, 5.0000000000
, 5.0000000000
, 5.0000000000
, 5.0000000000
, 5.0000000000
, 5.0000000000
, 5.0000000000
, 5.0000000000
, 5.0000000000
, 5.0000000000
, 5.0000000000
, 5.0000000000
, 5.0000000000
, 5.0000000000
, 5.0000000000
, 5.0000000000
, 5.0000000000
, 5.0000000000
, 5.0000000000
, 5.0000000000
, 5.0000000000
, 5.0000000000
, 5.0000000000
, 5.0000000000
, 5.0000000000
, 5.0000000000
, 5.0000000000
, 5.0000000000
, 5.0000000000
, 5.0000000000
, 5.0000000000
, 5.0000000000
, 5.0000000000
, 5.0000000000
, 5.0000000000
, 5.0000000000
, 5.0000000000
, 5.0000000000
, 5.0000000000
, 5.0000000000
, 5.0000000000
, 5.0000000000
, 5.0000000000
, 5.0000000000
, 5.0000000000
, 5.0000000000
, 5.0000000000
, 5.0000000000
, 5.0000000000
, 5.0000000000
, 5.0000000000
, 5.0000000000
, 5.0000000000
, 5.0000000000
, 5.0000000000
, 5.0000000000
, 5.0000000000
, 5.0000000000
, 5.0000000000
, 5.0000000000
, 5.0000000000
, 5.0000000000
, 5.0000000000
, 5.0000000000
, 5.0000000000
, 5.0000000000
, 5.0000000000
, 5.0000000000
, 5.0000000000
, 5.0000000000
, 5.0000000000
, 5.0000000000
, 5.0000000000
, 5.0000000000
, 5.0000000000
, 5.0000000000
, 5.0000000000
, 5.0000000000
, 5.0000000000
, 5.0000000000
, 5.0000000000
, 5.0000000000
, 5.0000000000
, 5.0000000000
, 5.0000000000
, 5.0000000000
, 5.0000000000
, 5.0000000000
, 5.0000000000
, 5.0000000000
, 5.0000000000
, 5.0000000000
, 5.0000000000
, 5.0000000000
, 5.0000000000
, 5.0000000000
, 5.0000000000
, 5.0000000000
, 5.0000000000
, 5.0000000000
, 5.0000000000
, 5.0000000000
, 5.0000000000
, 5.0000000000
, 5.0000000000
, 5.0000000000
, 5.0000000000
, 5.0000000000
, 5.0000000000
, 5.0000000000
, 5.0000000000
, 5.0000000000
, 5.0000000000
, 5.0000000000
, 5.0000000000
, 5.0000000000
, 5.0000000000
, 5.0000000000
, 5.0000000000
, 5.0000000000
, 5.0000000000
, 5.0000000000
, 5.0000000000
, 5.0000000000
, 5.0000000000
, 5.0000000000
, 5.0000000000
, 5.0000000000
, 5.0000000000
, 5.0000000000
, 5.0000000000
, 5.0000000000
, 5.0000000000
, 5.0000000000
, 5.0000000000
, 5.0000000000
, 5.0000000000
, 5.0000000000
, 5.0000000000
, 5.0000000000
, 5.0000000000
, 5.0000000000
, 5.0000000000
, 5.0000000000
, 5.0000000000
, 5.0000000000
, 5.0000000000
, 5.0000000000
, 5.0000000000
, 5.0000000000
, 5.0000000000
, 5.0000000000
, 5.0000000000
, 5.0000000000
, 5.0000000000
, 5.0000000000
, 5.0000000000
, 5.0000000000
, 5.0000000000
, 5.0000000000
, 5.0000000000
, 5.0000000000
, 5.0000000000
, 5.0000000000
, 5.0000000000
, 5.0000000000
, 5.0000000000
, 5.0000000000
, 5.0000000000
, 5.0000000000
, 5.0000000000
, 5.0000000000
, 5.0000000000
, 5.0000000000
, 5.0000000000
, 5.0000000000
, 5.0000000000
, 5.0000000000
, 5.0000000000
, 5.0000000000
, 5.0000000000
, 5.0000000000
, 5.0000000000
, 5.0000000000
, 5.0000000000
, 5.0000000000
, 5.0000000000
, 5.0000000000
, 5.0000000000
, 4.9941239357
, 4.9831571579
, 4.9721903801
, 4.9612231255
, 4.9502558708
, 4.9392890930
, 4.9280176163
, 4.9170503616
, 4.9060835838
, 4.8951163292
, 4.8838448524
, 4.8728775978
, 4.8619108200
, 4.8509435654
, 4.8399767876
, 4.8287053108
, 4.8177380562
, 4.8067708015
, 4.7958040237
, 4.7848367691
, 4.7735652924
, 4.7625985146
, 4.7516312599
, 4.7403597832
, 4.7296972275
, 4.7187299728
, 4.7074589729
, 4.6964917183
, 4.6855244637
, 4.6745572090
, 4.6635904312
, 4.6523189545
, 4.6413521767
, 4.6303849220
, 4.6194176674
, 4.6084508896
, 4.5971794128
, 4.5862121582
, 4.5752453804
, 4.5639734268
, 4.5527019501
, 4.5417351723
, 4.5307679176
, 4.5198006630
, 4.5085291862
, 4.4975624084
, 4.4865951538
, 4.4756283760
, 4.4646611214
, 4.4533891678
, 4.4424223900
, 4.4314556122
, 4.4204883575
, 4.4095215797
, 4.3988590240
, 4.3875870705
, 4.3766202927
, 4.3656530380
, 4.3546862602
, 4.3437194824
, 4.3327522278
, 4.3214802742
, 4.3105134964
, 4.2995467186
, 4.2885794640
, 4.2776126862
, 4.2663407326
, 4.2553739548
, 4.2444067001
, 4.2334399223
, 4.2224726677
, 4.2112011909
, 4.2002339363
, 4.1892671585
, 4.1782999039
, 4.1673331261
, 4.1563663483
, 4.1450943947
, 4.1341271400
, 4.1231603622
, 4.1121935844
, 4.1012263298
, 4.0902595520
, 4.0789875984
, 4.0680208206
, 4.0567493439
, 4.0457820892
, 4.0348153114
, 4.0238480568
, 4.0128808022
, 4.0019140244
, 3.9909467697
, 3.9799799919
, 3.9687082767
, 3.9577414989
, 3.9467742443
, 3.9358072281
, 3.9245355129
, 3.9135687351
, 3.9026014805
, 3.8916347027
, 3.8803629875
, 3.8697004318
, 3.8581244946
, 3.8471572399
, 3.8361902237
, 3.8252229691
, 3.8142561913
, 3.8029844761
, 3.7920176983
, 3.7810504436
, 3.7700834274
, 3.7591166496
, 3.7478449345
, 3.7368776798
, 3.7259109020
, 3.7149438858
, 3.7039766312
, 3.6930098534
, 3.6817381382
, 3.6707708836
, 3.6598041058
, 3.6488370895
, 3.6378698349
, 3.6272077560
, 3.6162405014
, 3.6049687862
, 3.5940020084
, 3.5830352306
, 3.5720679760
, 3.5607962608
, 3.5498292446
, 3.5388619900
, 3.5278952122
, 3.5166234970
, 3.5056567192
, 3.4946894646
, 3.4837224483
, 3.4727556705
, 3.4617884159
, 3.4508216381
, 3.4395499229
, 3.4285829067
, 3.4176156521
, 3.4066488743
, 3.3956816196
, 3.3847148418
, 3.3734431267
, 3.3624761105
, 3.3515088558
, 3.3405420780
, 3.3292703629
, 3.3164756298
, 3.3073363304
, 3.2963693142
, 3.2854025364
, 3.2744352818
, 3.2631635666
, 3.2521967888
, 3.2412295341
, 3.2302625179
, 3.2189910412
, 3.2077193260
, 3.1970567703
, 3.1860899925
, 3.1748182774
, 3.1638514996
, 3.1525797844
, 3.1416125298
, 3.1306455135
, 3.1193740368
, 3.1084070206
, 3.0974397659
, 3.0861680508
, 3.0752012730
, 3.0642344952
, 3.0532672405
, 3.0423002243
, 3.0313329697
, 3.0203661919
, 3.0093991756
, 2.9984319210
, 2.9874651432
, 2.9761934280
, 2.9637033939
, 2.9542593956
, 2.9432923794
, 2.9323256016
, 2.9213583469
, 2.9103915691
, 2.8991198540
, 2.8881525993
, 2.8771855831
, 2.8662188053
, 2.8552515507
, 2.8439798355
, 2.8330130577
, 2.8220460415
, 2.8110787868
, 2.7998073101
, 2.7873170376
, 2.7778735161
, 2.7669062614
, 2.7559392452
, 2.7446677685
, 2.7337007523
, 2.7227334976
, 2.7117667198
, 2.7004950047
, 2.6895277500
, 2.6785609722
, 2.6675939560
, 2.6566267014
, 2.6456599236
, 2.6343882084
, 2.6231164932
, 2.6106264591
, 2.6011824608
, 2.5902154446
, 2.5792486668
, 2.5682814121
, 2.5570096970
, 2.5460429192
, 2.5350756645
, 2.5241086483
, 2.5131418705
, 2.5018701553
, 2.4909029007
, 2.4799361229
, 2.4686644077
