StateVariable_6=[10.0000000000
, 10.0000000000
, 9.9992380142
, 9.9984769821
, 9.9969539642
, 9.9958114624
, 9.9939069748
, 9.9920034409
, 9.9897184372
, 9.9870529175
, 9.9843873978
, 9.9809598923
, 9.9775323868
, 9.9737253189
, 9.9699172974
, 9.9653472900
, 9.9607772827
, 9.9558277130
, 9.9508771896
, 9.9455461502
, 9.9386911392
, 9.9337406158
, 9.9261245728
, 9.9207935333
, 9.9135589600
, 9.9063234329
, 9.8990879059
, 9.8910913467
, 9.8830947876
, 9.8747167587
, 9.8659591675
, 9.8572006226
, 9.8480615616
, 9.8385410309
, 9.8290214539
, 9.8191204071
, 9.8069353104
, 9.7985572815
, 9.7867527008
, 9.7776136398
, 9.7669506073
, 9.7562885284
, 9.7452449799
, 9.7342023849
, 9.7227783203
, 9.7113542557
, 9.6999301910
, 9.6885061264
, 9.6767015457
, 9.6648969650
, 9.6530923843
, 9.6412868500
, 9.6264362335
, 9.6169157028
, 9.6051111221
, 9.5929260254
, 9.5807399750
, 9.5681734085
, 9.5559883118
, 9.5434217453
, 9.5308551788
, 9.5186700821
, 9.5057229996
, 9.4931564331
, 9.4805898666
, 9.4680233002
, 9.4550762177
, 9.4425096512
, 9.4268970490
, 9.4162349701
, 9.4036684036
, 9.3907213211
, 9.3777742386
, 9.3648271561
, 9.3518800735
, 9.3389329910
, 9.3259859085
, 9.3130388260
, 9.3000907898
, 9.2867631912
, 9.2738161087
, 9.2608690262
, 9.2479219437
, 9.2349748611
, 9.2182197571
, 9.2083187103
, 9.1953716278
, 9.1820430756
, 9.1690959930
, 9.1557683945
, 9.1424407959
, 9.1291122437
, 9.1157846451
, 9.1028375626
, 9.0895090103
, 9.0761814117
, 9.0628538132
, 9.0495252609
, 9.0358161926
, 9.0224885941
, 9.0053529739
, 8.9954519272
, 8.9825048447
, 8.9691772461
, 8.9558486938
, 8.9421396255
, 8.9288120270
, 8.9154844284
, 8.9017753601
, 8.8884477615
, 8.8751192093
, 8.8614110947
, 8.8480825424
, 8.8347549438
, 8.8210458755
, 8.8077182770
, 8.7905817032
, 8.7799196243
, 8.7669725418
, 8.7536449432
, 8.7399358749
, 8.7266073227
, 8.7128992081
, 8.6991901398
, 8.6858625412
, 8.6721534729
, 8.6588258743
, 8.6451168060
, 8.6317892075
, 8.6180801392
, 8.6043710709
, 8.5910434723
, 8.5727653503
, 8.5621023178
, 8.5495357513
, 8.5362081528
, 8.5224990845
, 8.5087909698
, 8.4954624176
, 8.4817543030
, 8.4680452347
, 8.4543361664
, 8.4410085678
, 8.4272994995
, 8.4135904312
, 8.3998823166
, 8.3865537643
, 8.3728456497
, 8.3541860580
, 8.3442850113
, 8.3317193985
, 8.3183908463
, 8.3046827316
, 8.2913541794
, 8.2776460648
, 8.2639369965
, 8.2502279282
, 8.2365188599
, 8.2228107452
, 8.2094821930
, 8.1957740784
, 8.1820650101
, 8.1683559418
, 8.1546478271
, 8.1367502213
, 8.1260871887
, 8.1135215759
, 8.0998125076
, 8.0861034393
, 8.0723953247
, 8.0590667725
, 8.0453577042
, 8.0316495895
, 8.0179405212
, 8.0042314529
, 7.9905233383
, 7.9768142700
, 7.9631056786
, 7.9493966103
, 7.9356880188
, 7.9174098969
, 7.9067473412
, 7.8922767639
, 7.8808531761
, 7.8671441078
, 7.8534355164
, 7.8397264481
, 7.8260178566
, 7.8123092651
, 7.7986001968
, 7.7845106125
, 7.7708020210
, 7.7574739456
, 7.7437653542
, 7.7300567627
, 7.7159671783
, 7.6980695724
, 7.6866455078
, 7.6725559235
, 7.6611318588
, 7.6474232674
, 7.6337141991
, 7.6200056076
, 7.6059160233
, 7.5925879478
, 7.5788793564
, 7.5644087791
, 7.5507001877
, 7.5369915962
, 7.5232825279
, 7.5095739365
, 7.4958648682
, 7.4764442444
, 7.4654011726
, 7.4543581009
, 7.4406490326
, 7.4269404411
, 7.4132318497
, 7.3995227814
, 7.3861947060
, 7.3713436127
, 7.3587775230
, 7.3435454369
, 7.3313598633
, 7.3176512718
, 7.3039422035
, 7.2902336121
, 7.2761440277
, 7.2574849129
, 7.2472033501
, 7.2327327728
, 7.2213087082
, 7.2076001167
, 7.1938915253
, 7.1798019409
, 7.1660928726
, 7.1523842812
, 7.1386756897
, 7.1249666214
, 7.1112580299
, 7.0975494385
, 7.0834598541
, 7.0697507858
, 7.0560421944
, 7.0423331261
, 7.0286245346
, 7.0126309395
, 7.0012068748
, 6.9871172905
, 6.9734086990
, 6.9597001076
, 6.9459910393
, 6.9322824478
, 6.9185738564
, 6.9044842720
, 6.8907752037
, 6.8770666122
, 6.8633575439
, 6.8492684364
, 6.8355593681
, 6.8218507767
, 6.8058571815
, 6.7940521240
, 6.7799625397
, 6.7662539482
, 6.7525453568
, 6.7388362885
, 6.7251276970
, 6.7114191055
, 6.6973295212
, 6.6840014458
, 6.6699118614
, 6.6562032700
, 6.6424942017
, 6.6287856102
, 6.6150765419
, 6.6013679504
, 6.5872783661
, 6.5720462799
, 6.5598607063
, 6.5453906059
, 6.5324435234
, 6.5187344551
, 6.5050258636
, 6.4909362793
, 6.4772276878
, 6.4635186195
, 6.4498100281
, 6.4357204437
, 6.4220113754
, 6.4083027840
, 6.3945941925
, 6.3808851242
, 6.3667955399
, 6.3530869484
, 6.3393783569
, 6.3256692886
, 6.3119606972
, 6.2978711128
, 6.2841625214
, 6.2704534531
, 6.2567448616
, 6.2426552773
, 6.2289466858
, 6.2152376175
, 6.2015290260
, 6.1878199577
, 6.1741113663
, 6.1600217819
, 6.1463131905
, 6.1326041222
, 6.1188955307
, 6.1048059464
, 6.0910973549
, 6.0773882866
, 6.0636796951
, 6.0499711037
, 6.0358815193
, 6.0221724510
, 6.0084638596
, 5.9947552681
, 5.9810461998
, 5.9669566154
, 5.9532480240
, 5.9395394325
, 5.9254498482
, 5.9121217728
, 5.8984127045
, 5.8843235970
, 5.8706145287
, 5.8569059372
, 5.8431968689
, 5.8294882774
, 5.8153986931
, 5.8016901016
, 5.7879810333
, 5.7742724419
, 5.7605638504
, 5.7464742661
, 5.7327651978
, 5.7190566063
, 5.7049670219
, 5.6908774376
, 5.6771688461
, 5.6634597778
, 5.6497511864
, 5.6356616020
, 5.6219530106
, 5.6082439423
, 5.5945353508
, 5.5808262825
, 5.5667366982
, 5.5530281067
, 5.5393195152
, 5.5256104469
, 5.5119018555
, 5.4985737801
, 5.4844841957
, 5.4707756042
, 5.4570665359
, 5.4433579445
, 5.4296493530
, 5.4159402847
, 5.4018507004
, 5.3881421089
, 5.3744335175
, 5.3607244492
, 5.3470158577
, 5.3329262733
, 5.3192176819
, 5.3055086136
, 5.2918000221
, 5.2780909538
, 5.2640018463
, 5.2502927780
, 5.2365841866
, 5.2228751183
, 5.2091665268
, 5.1954579353
, 5.1813683510
, 5.1676592827
, 5.1539506912
, 5.1402420998
, 5.1265330315
, 5.1128244400
, 5.0987348557
, 5.0850262642
, 5.0709366798
, 5.0572276115
, 5.0435190201
, 5.0298099518
, 5.0161013603
, 5.0023927689
, 4.9886837006
, 4.9749751091
, 4.9608855247
, 4.9471769333
, 4.9334678650
, 4.9197592735
, 4.9056696892
, 4.8919610977
, 4.8782520294
, 4.8645434380
, 4.8504538536
, 4.8371257782
, 4.8226556778
, 4.8089466095
, 4.7952380180
, 4.7815289497
, 4.7678203583
, 4.7537307739
, 4.7400221825
, 4.7263131142
, 4.7126045227
, 4.6988959312
, 4.6848063469
, 4.6710972786
, 4.6573886871
, 4.6436800957
, 4.6299710274
, 4.6162624359
, 4.6021728516
, 4.5884637833
, 4.5747551918
, 4.5610466003
, 4.5473375320
, 4.5340099335
, 4.5203008652
, 4.5062112808
, 4.4925026894
, 4.4787940979
, 4.4650850296
, 4.4509954453
, 4.4372868538
, 4.4235777855
, 4.4098691940
, 4.3957796097
, 4.3820710182
, 4.3683619499
, 4.3546533585
, 4.3409447670
, 4.3272356987
, 4.3135271072
, 4.2994375229
, 4.2857289314
, 4.2720198631
, 4.2583112717
, 4.2446022034
, 4.2308936119
, 4.2168040276
, 4.2030954361
, 4.1893863678
, 4.1756777763
, 4.1615881920
, 4.1455945969
, 4.1341705322
, 4.1204619408
, 4.1067533493
, 4.0930442810
, 4.0789546967
, 4.0652461052
, 4.0515370369
, 4.0378284454
, 4.0237388611
, 4.0096492767
, 3.9963209629
, 3.9826123714
, 3.9685227871
, 3.9548141956
, 3.9407246113
, 3.9270155430
, 3.9133069515
, 3.8992173672
, 3.8855087757
, 3.8717997074
, 3.8577101231
, 3.8440015316
, 3.8302929401
, 3.8165838718
, 3.8028752804
, 3.7891662121
, 3.7754576206
, 3.7617490292
, 3.7480399609
, 3.7343313694
, 3.7202417850
, 3.7046291828
, 3.6928241253
, 3.6791155338
, 3.6654069424
, 3.6516978741
, 3.6379892826
, 3.6238996983
, 3.6101906300
, 3.5964820385
, 3.5827734470
, 3.5690643787
, 3.5549747944
, 3.5412662029
, 3.5275576115
, 3.5138485432
, 3.4997589588
, 3.4841463566
, 3.4723417759
, 3.4586327076
, 3.4449241161
, 3.4308345318
, 3.4171259403
, 3.4034168720
, 3.3897082806
, 3.3756186962
, 3.3619096279
, 3.3482010365
, 3.3344924450
, 3.3207833767
, 3.3070747852
, 3.2929852009
, 3.2788956165
, 3.2632830143
, 3.2514779568
, 3.2377693653
, 3.2240607738
, 3.2103517056
, 3.1962621212
, 3.1825535297
, 3.1688444614
, 3.1551358700
, 3.1414272785
, 3.1273376942
, 3.1136286259
, 3.0999200344
, 3.0858304501
