StateVariable_7=[0.0000000000
, 0.0099660000
, 0.0199742373
, 0.0299887117
, 0.0417141393
, 0.0501586013
, 0.0602194667
, 0.0701605156
, 0.0801841915
, 0.0901542678
, 0.1000637710
, 0.1101026237
, 0.1200053170
, 0.1301047206
, 0.1400746405
, 0.1499811858
, 0.1599748433
, 0.1698639542
, 0.1796814799
, 0.1895773113
, 0.2013755292
, 0.2094675452
, 0.2209084183
, 0.2293232381
, 0.2392120063
, 0.2492510676
, 0.2590254247
, 0.2689165175
, 0.2787995934
, 0.2886743248
, 0.2985402942
, 0.3083974719
, 0.3182544112
, 0.3280841112
, 0.3379052579
, 0.3477243781
, 0.3593985438
, 0.3673559427
, 0.3786038756
, 0.3869138956
, 0.3966886103
, 0.4064371288
, 0.4161823690
, 0.4259078205
, 0.4356305897
, 0.4453419447
, 0.4550418854
, 0.4647303820
, 0.4744070768
, 0.4840883911
, 0.4937337935
, 0.5033750534
, 0.5152627230
, 0.5226283073
, 0.5322171450
, 0.5418263674
, 0.5513908267
, 0.5609589815
, 0.5705149770
, 0.5801223516
, 0.5895893574
, 0.5991080403
, 0.6086137295
, 0.6181154251
, 0.6276111603
, 0.6370555162
, 0.6465106010
, 0.6559531093
, 0.6674916148
, 0.6752176881
, 0.6844708920
, 0.6938465834
, 0.7032243609
, 0.7126041651
, 0.7218784094
, 0.7312555909
, 0.7405191064
, 0.7499262691
, 0.7591714859
, 0.7684582472
, 0.7777246237
, 0.7869780660
, 0.7960937619
, 0.8052668571
, 0.8168357611
, 0.8238423467
, 0.8329071403
, 0.8420735598
, 0.8512426615
, 0.8603984118
, 0.8695408702
, 0.8786699772
, 0.8877930641
, 0.8968886137
, 0.9059780836
, 0.9150542617
, 0.9241171479
, 0.9331666827
, 0.9422024488
, 0.9512321949
, 0.9627230167
, 0.9695227146
, 0.9782411456
, 0.9871806502
, 0.9961365461
, 1.0050786734
, 1.0140074492
, 1.0229229927
, 1.0318247080
, 1.0407131910
, 1.0495883226
, 1.0584567785
, 1.0673048496
, 1.0761325359
, 1.0849536657
, 1.0937613249
, 1.1048673391
, 1.1116876602
, 1.1201170683
, 1.1288558245
, 1.1375957727
, 1.1463223696
, 1.1550421715
, 1.1637344360
, 1.1724202633
, 1.1810925007
, 1.1897660494
, 1.1983964443
, 1.2070282698
, 1.2156463861
, 1.2242506742
, 1.2328486443
, 1.2440540791
, 1.2508412600
, 1.2587598562
, 1.2672746181
, 1.2758398056
, 1.2843205929
, 1.2927802801
, 1.3012620211
, 1.3096878529
, 1.3182199001
, 1.3265334368
, 1.3350880146
, 1.3435015678
, 1.3518376350
, 1.3602174520
, 1.3686045408
, 1.3799862862
, 1.3859641552
, 1.3936393261
, 1.4019086361
, 1.4101510048
, 1.4184000492
, 1.4266711473
, 1.4349350929
, 1.4431853294
, 1.4514218569
, 1.4596446753
, 1.4678541422
, 1.4760499001
, 1.4842385054
, 1.4924068451
, 1.5005550385
, 1.5111490488
, 1.5174823999
, 1.5249493122
, 1.5330353975
, 1.5411214828
, 1.5491939783
, 1.5572530031
, 1.5653047562
, 1.5733436346
, 1.5813479424
, 1.5893522501
, 1.5973427296
, 1.6053195000
, 1.6132889986
, 1.6212320328
, 1.6291811466
, 1.6396424770
, 1.6457843781
, 1.6541068554
, 1.6607850790
, 1.6686388254
, 1.6764985323
, 1.6843453646
, 1.6921643019
, 1.6999703646
, 1.7077752352
, 1.7155597210
, 1.7233438492
, 1.7310949564
, 1.7388256788
, 1.7465556860
, 1.7542716265
, 1.7643845081
, 1.7708014250
, 1.7786734104
, 1.7850298882
, 1.7926644087
, 1.8002918959
, 1.8079118729
, 1.8155809641
, 1.8231104612
, 1.8306825161
, 1.8384693861
, 1.8459943533
, 1.8535442352
, 1.8610862494
, 1.8685830832
, 1.8760730028
, 1.8866162300
, 1.8926476240
, 1.8984701633
, 1.9059040546
, 1.9133310318
, 1.9207509756
, 1.9280942678
, 1.9353755713
, 1.9433336258
, 1.9500757456
, 1.9581396580
, 1.9647518396
, 1.9720629454
, 1.9793610573
, 1.9866636992
, 1.9939514399
, 2.0011849403
, 2.0093011856
, 2.0167949200
, 2.0229136944
, 2.0301032066
, 2.0372970104
, 2.0444710255
, 2.0516371727
, 2.0587952137
, 2.0659282207
, 2.0730533600
, 2.0801644325
, 2.0872676373
, 2.0943512917
, 2.1014208794
, 2.1084713936
, 2.1155138016
, 2.1225600243
, 2.1306488514
, 2.1365580559
, 2.1435451508
, 2.1505360603
, 2.1574957371
, 2.1644296646
, 2.1713621616
, 2.1782867908
, 2.1851797104
, 2.1920704842
, 2.1989474297
, 2.2058107853
, 2.2127113342
, 2.2195298672
, 2.2263231277
, 2.2332944870
, 2.2401061058
, 2.2468745708
, 2.2536630630
, 2.2603933811
, 2.2671320438
, 2.2738459110
, 2.2805407047
, 2.2872600555
, 2.2938823700
, 2.3006250858
, 2.3072760105
, 2.3138678074
, 2.3204357624
, 2.3269898891
, 2.3335967064
, 2.3402445316
, 2.3476550579
, 2.3533287048
, 2.3601930141
, 2.3664071560
, 2.3729259968
, 2.3794147968
, 2.3859057426
, 2.3923828602
, 2.3988463879
, 2.4052960873
, 2.4117319584
, 2.4181540012
, 2.4245674610
, 2.4309620857
, 2.4373428822
, 2.4437682629
, 2.4500737190
, 2.4564023018
, 2.4627280235
, 2.4690349102
, 2.4753327370
, 2.4816167355
, 2.4878923893
, 2.4941492081
, 2.5003919601
, 2.5066156387
, 2.5128309727
, 2.5190324783
, 2.5252201557
, 2.5313944817
, 2.5375545025
, 2.5437574387
, 2.5498487949
, 2.5559573174
, 2.5620622635
, 2.5681483746
, 2.5742256641
, 2.5802893639
, 2.5863392353
, 2.5923855305
, 2.5983974934
, 2.6044058800
, 2.6104006767
, 2.6163866520
, 2.6223535538
, 2.6283018589
, 2.6342413425
, 2.6402261257
, 2.6460893154
, 2.6519775391
, 2.6578619480
, 2.6637325287
, 2.6695895195
, 2.6754326820
, 2.6812670231
, 2.6870775223
, 2.6928839684
, 2.6986770630
, 2.7044415474
, 2.7102067471
, 2.7159583569
, 2.7216813564
, 2.7274100780
, 2.7332487106
, 2.7389349937
, 2.7446217537
, 2.7502801418
, 2.7559254169
, 2.7615802288
, 2.7672021389
, 2.7727913857
, 2.7783720493
, 2.7839336395
, 2.7895610332
, 2.7950956821
, 2.8005981445
, 2.8061187267
, 2.8115704060
, 2.8170371056
, 2.8225629330
, 2.8280062675
, 2.8334448338
, 2.8388881683
, 2.8443179131
, 2.8497385979
, 2.8551356792
, 2.8605194092
, 2.8659071922
, 2.8712589741
, 2.8766059875
, 2.8819437027
, 2.8872628212
, 2.8925635815
, 2.8978555202
, 2.9031381607
, 2.9084458351
, 2.9136610031
, 2.9188845158
, 2.9241075516
, 2.9293165207
, 2.9345078468
, 2.9396891594
, 2.9448611736
, 2.9500107765
, 2.9551553726
, 2.9602775574
, 2.9653904438
, 2.9704890251
, 2.9756209850
, 2.9806959629
, 2.9857239723
, 2.9908177853
, 2.9958264828
, 3.0008175373
, 3.0058245659
, 3.0108046532
, 3.0157835484
, 3.0207362175
, 3.0256876945
, 3.0306251049
, 3.0355365276
, 3.0404505730
, 3.0453424454
, 3.0502450466
, 3.0551178455
, 3.0599563122
, 3.0647487640
, 3.0697007179
, 3.0745058060
, 3.0792968273
, 3.0840706825
, 3.0888462067
, 3.0936160088
, 3.0983560085
, 3.1030426025
, 3.1077752113
, 3.1124386787
, 3.1171703339
, 3.1218457222
, 3.1264719963
, 3.1310839653
, 3.1357181072
, 3.1403653622
, 3.1449790001
, 3.1495673656
, 3.1541271210
, 3.1586647034
, 3.1632425785
, 3.1676740646
, 3.1721944809
, 3.1767005920
, 3.1812498569
, 3.1856758595
, 3.1901371479
, 3.1946589947
, 3.1990554333
, 3.2034530640
, 3.2078628540
, 3.2123324871
, 3.2166996002
, 3.2210352421
, 3.2253715992
, 3.2297053337
, 3.2340505123
, 3.2383568287
, 3.2426455021
, 3.2469851971
, 3.2512252331
, 3.2554655075
, 3.2597064972
, 3.2639479637
, 3.2681508064
, 3.2723610401
, 3.2765536308
, 3.2807223797
, 3.2849397659
, 3.2897009850
, 3.2931694984
, 3.2972829342
, 3.3013896942
, 3.3054826260
, 3.3095614910
, 3.3136267662
, 3.3176853657
, 3.3217196465
, 3.3257501125
, 3.3298001289
, 3.3337461948
, 3.3377287388
, 3.3417005539
, 3.3456521034
, 3.3496985435
, 3.3536419868
, 3.3575322628
, 3.3614251614
, 3.3652975559
, 3.3691987991
, 3.3730564117
, 3.3768842220
, 3.3807146549
, 3.3845086098
, 3.3883399963
, 3.3921325207
, 3.3958828449
, 3.3996160030
, 3.4033231735
, 3.4070544243
, 3.4108152390
, 3.4150388241
, 3.4181804657
, 3.4218595028
, 3.4255216122
, 3.4291765690
, 3.4328174591
, 3.4364385605
, 3.4400546551
, 3.4436480999
, 3.4472248554
, 3.4507970810
, 3.4543697834
, 3.4578902721
, 3.4614236355
, 3.4649348259
, 3.4684727192
, 3.4724359512
, 3.4754016399
, 3.4788515568
, 3.4822933674
, 3.4857242107
, 3.4891445637
, 3.4925479889
, 3.4959344864
, 3.4993131161
, 3.5026750565
, 3.5060317516
, 3.5093579292
, 3.5126755238
, 3.5159826279
, 3.5193006992
, 3.5225961208
, 3.5263190269
, 3.5290713310
, 3.5323147774
, 3.5355362892
, 3.5387465954
, 3.5419428349
, 3.5451254845
, 3.5482888222
, 3.5514440536
, 3.5545878410
, 3.5577151775
, 3.5608263016
, 3.5639262199
, 3.5670120716
