StateVariable_8=[0.0000000000
, 0.0000000000
, 0.0007615983
, 0.0015231962
, 0.0030463929
, 0.0041887905
, 0.0060927863
, 0.0079967808
, 0.0102815758
, 0.0129471701
, 0.0156127643
, 0.0190399569
, 0.0224671476
, 0.0262751374
, 0.0300831292
, 0.0346527174
, 0.0392223075
, 0.0441726968
, 0.0491230823
, 0.0544542708
, 0.0613086522
, 0.0662590414
, 0.0738750249
, 0.0792062134
, 0.0864413977
, 0.0936765820
, 0.1009117663
, 0.1089085415
, 0.1169053242
, 0.1252828985
, 0.1340412796
, 0.1427996606
, 0.1519388407
, 0.1614588201
, 0.1709787995
, 0.1808795780
, 0.1930651516
, 0.2014427334
, 0.2132474929
, 0.2223866731
, 0.2330490500
, 0.2437114418
, 0.2547546029
, 0.2657977641
, 0.2772217393
, 0.2886457145
, 0.3000696898
, 0.3114936650
, 0.3232984543
, 0.3351032138
, 0.3469079733
, 0.3587127626
, 0.3735639155
, 0.3830839097
, 0.3948886693
, 0.4070742428
, 0.4192598164
, 0.4318261743
, 0.4440117478
, 0.4565781355
, 0.4691444933
, 0.4813300669
, 0.4942772686
, 0.5068436265
, 0.5194100142
, 0.5319764018
, 0.5449235439
, 0.5574899316
, 0.5731027126
, 0.5837650895
, 0.5963314176
, 0.6092786193
, 0.6222257614
, 0.6351729631
, 0.6481201053
, 0.6610673070
, 0.6740144491
, 0.6869616508
, 0.6999087930
, 0.7132367492
, 0.7261839509
, 0.7391310930
, 0.7520782948
, 0.7650254369
, 0.7817806005
, 0.7916813493
, 0.8046285510
, 0.8179565072
, 0.8309037089
, 0.8442316651
, 0.8575596213
, 0.8708875775
, 0.8842155337
, 0.8971627355
, 0.9104906917
, 0.9238186479
, 0.9371466637
, 0.9504746199
, 0.9641833901
, 0.9775113463
, 0.9946473241
, 1.0045480728
, 1.0174951553
, 1.0308231115
, 1.0441511869
, 1.0578598976
, 1.0711878538
, 1.0845158100
, 1.0982246399
, 1.1115525961
, 1.1248805523
, 1.1385892630
, 1.1519172192
, 1.1652452946
, 1.1789540052
, 1.1922819614
, 1.2094179392
, 1.2200802565
, 1.2330274582
, 1.2463554144
, 1.2600642443
, 1.2733922005
, 1.2871009111
, 1.3008097410
, 1.3141376972
, 1.3278464079
, 1.3411744833
, 1.3548831940
, 1.3682111502
, 1.3819199800
, 1.3956286907
, 1.4089566469
, 1.4272350073
, 1.4378974438
, 1.4504637718
, 1.4637917280
, 1.4775005579
, 1.4912092686
, 1.5045372248
, 1.5182460546
, 1.5319547653
, 1.5456635952
, 1.5589915514
, 1.5727002621
, 1.5864090919
, 1.6001178026
, 1.6134457588
, 1.6271545887
, 1.6458137035
, 1.6557145119
, 1.6682808399
, 1.6816087961
, 1.6953176260
, 1.7086455822
, 1.7223542929
, 1.7360631227
, 1.7497718334
, 1.7634806633
, 1.7771893740
, 1.7905173302
, 1.8042261600
, 1.8179348707
, 1.8316437006
, 1.8453524113
, 1.8632500172
, 1.8739123344
, 1.8864787817
, 1.9001874924
, 1.9138963223
, 1.9276050329
, 1.9409329891
, 1.9546418190
, 1.9683505297
, 1.9820593596
, 1.9957681894
, 2.0094769001
, 2.0231857300
, 2.0368945599
, 2.0506033897
, 2.0643119812
, 2.0825903416
, 2.0932528973
, 2.1077232361
, 2.1191470623
, 2.1328558922
, 2.1465647221
, 2.1602735519
, 2.1739821434
, 2.1876909733
, 2.2013998032
, 2.2154893875
, 2.2291979790
, 2.2425260544
, 2.2562348843
, 2.2699434757
, 2.2840330601
, 2.3019306660
, 2.3133547306
, 2.3274443150
, 2.3388681412
, 2.3525769711
, 2.3662858009
, 2.3799946308
, 2.3940839767
, 2.4074120522
, 2.4211208820
, 2.4355912209
, 2.4493000507
, 2.4630086422
, 2.4767174721
, 2.4904263020
, 2.5041351318
, 2.5235557556
, 2.5345990658
, 2.5456421375
, 2.5593509674
, 2.5730595589
, 2.5867683887
, 2.6004772186
, 2.6138052940
, 2.6286563873
, 2.6412227154
, 2.6564545631
, 2.6686401367
, 2.6823489666
, 2.6960577965
, 2.7097666264
, 2.7238562107
, 2.7425153255
, 2.7527968884
, 2.7672672272
, 2.7786912918
, 2.7923998833
, 2.8061087132
, 2.8201982975
, 2.8339071274
, 2.8476157188
, 2.8613245487
, 2.8750333786
, 2.8887422085
, 2.9024507999
, 2.9165403843
, 2.9302492142
, 2.9439580441
, 2.9576668739
, 2.9713754654
, 2.9873690605
, 2.9987931252
, 3.0128827095
, 3.0265913010
, 3.0403001308
, 3.0540089607
, 3.0677177906
, 3.0814263821
, 3.0955159664
, 3.1092247963
, 3.1229336262
, 3.1366424561
, 3.1507318020
, 3.1644406319
, 3.1781494617
, 3.1941430569
, 3.2059478760
, 3.2200374603
, 3.2337460518
, 3.2474548817
, 3.2611637115
, 3.2748725414
, 3.2885811329
, 3.3026707172
, 3.3159987926
, 3.3300883770
, 3.3437969685
, 3.3575057983
, 3.3712146282
, 3.3849234581
, 3.3986320496
, 3.4127216339
, 3.4279537201
, 3.4401392937
, 3.4546096325
, 3.4675567150
, 3.4812655449
, 3.4949743748
, 3.5090639591
, 3.5227725506
, 3.5364813805
, 3.5501902103
, 3.5642797947
, 3.5779886246
, 3.5916972160
, 3.6054060459
, 3.6191148758
, 3.6332044601
, 3.6469130516
, 3.6606218815
, 3.6743307114
, 3.6880395412
, 3.7021291256
, 3.7158377171
, 3.7295465469
, 3.7432553768
, 3.7573449612
, 3.7710535526
, 3.7847623825
, 3.7984712124
, 3.8121800423
, 3.8258886337
, 3.8399782181
, 3.8536870480
, 3.8673958778
, 3.8811047077
, 3.8951942921
, 3.9089028835
, 3.9226117134
, 3.9363205433
, 3.9500291348
, 3.9641187191
, 3.9778275490
, 3.9915363789
, 4.0052447319
, 4.0189538002
, 4.0330433846
, 4.0467519760
, 4.0604605675
, 4.0745501518
, 4.0878782272
, 4.1015872955
, 4.1156764030
, 4.1293854713
, 4.1430940628
, 4.1568031311
, 4.1705117226
, 4.1846013069
, 4.1983098984
, 4.2120189667
, 4.2257275581
, 4.2394361496
, 4.2535257339
, 4.2672348022
, 4.2809433937
, 4.2950329781
, 4.3091225624
, 4.3228311539
, 4.3365402222
, 4.3502488136
, 4.3643383980
, 4.3780469894
, 4.3917560577
, 4.4054646492
, 4.4191737175
, 4.4332633018
, 4.4469718933
, 4.4606804848
, 4.4743895531
, 4.4880981445
, 4.5014262199
, 4.5155158043
, 4.5292243958
, 4.5429334641
, 4.5566420555
, 4.5703506470
, 4.5840597153
, 4.5981492996
, 4.6118578911
, 4.6255664825
, 4.6392755508
, 4.6529841423
, 4.6670737267
, 4.6807823181
, 4.6944913864
, 4.7081999779
, 4.7219090462
, 4.7359981537
, 4.7497072220
, 4.7634158134
, 4.7771248817
, 4.7908334732
, 4.8045420647
, 4.8186316490
, 4.8323407173
, 4.8460493088
, 4.8597579002
, 4.8734669685
, 4.8871755600
, 4.9012651443
, 4.9149737358
, 4.9290633202
, 4.9427723885
, 4.9564809799
, 4.9701900482
, 4.9838986397
, 4.9976072311
, 5.0113162994
, 5.0250248909
, 5.0391144753
, 5.0528230667
, 5.0665321350
, 5.0802407265
, 5.0943303108
, 5.1080389023
, 5.1217479706
, 5.1354565620
, 5.1495461464
, 5.1628742218
, 5.1773443222
, 5.1910533905
, 5.2047619820
, 5.2184710503
, 5.2321796417
, 5.2462692261
, 5.2599778175
, 5.2736868858
, 5.2873954773
, 5.3011040688
, 5.3151936531
, 5.3289027214
, 5.3426113129
, 5.3563199043
, 5.3700289726
, 5.3837375641
, 5.3978271484
, 5.4115362167
, 5.4252448082
, 5.4389533997
, 5.4526624680
, 5.4659900665
, 5.4796991348
, 5.4937887192
, 5.5074973106
, 5.5212059021
, 5.5349149704
, 5.5490045547
, 5.5627131462
, 5.5764222145
, 5.5901308060
, 5.6042203903
, 5.6179289818
, 5.6316380501
, 5.6453466415
, 5.6590552330
, 5.6727643013
, 5.6864728928
, 5.7005624771
, 5.7142710686
, 5.7279801369
, 5.7416887283
, 5.7553977966
, 5.7691063881
, 5.7831959724
, 5.7969045639
, 5.8106136322
, 5.8243222237
, 5.8384118080
, 5.8544054031
, 5.8658294678
, 5.8795380592
, 5.8932466507
, 5.9069557190
, 5.9210453033
, 5.9347538948
, 5.9484629631
, 5.9621715546
, 5.9762611389
, 5.9903507233
, 6.0036787987
, 6.0173873901
, 6.0314769745
, 6.0451855659
, 6.0592751503
, 6.0729842186
, 6.0866928101
, 6.1007823944
, 6.1144909859
, 6.1282000542
, 6.1422896385
, 6.1559982300
, 6.1697068214
, 6.1834158897
, 6.1971244812
, 6.2108335495
, 6.2245421410
, 6.2382507324
, 6.2519598007
, 6.2656683922
, 6.2797579765
, 6.2953705788
, 6.3071756363
, 6.3208842278
, 6.3345928192
, 6.3483018875
, 6.3620104790
, 6.3761000633
, 6.3898091316
, 6.4035177231
, 6.4172263145
, 6.4309353828
, 6.4450249672
, 6.4587335587
, 6.4724421501
, 6.4861512184
, 6.5002408028
, 6.5158534050
, 6.5276579857
, 6.5413670540
, 6.5550756454
, 6.5691652298
, 6.5828738213
, 6.5965828896
, 6.6102914810
, 6.6243810654
, 6.6380901337
, 6.6517987251
, 6.6655073166
, 6.6792163849
, 6.6929249763
, 6.7070145607
, 6.7211041451
, 6.7367167473
, 6.7485218048
, 6.7622303963
, 6.7759389877
, 6.7896480560
, 6.8037376404
, 6.8174462318
, 6.8311553001
, 6.8448638916
, 6.8585724831
, 6.8726620674
, 6.8863711357
, 6.9000797272
, 6.9141693115
