time=[0.0000000000
, 1.0000000000
, 1.9982999563
, 3.0109000206
, 4.1484999657
, 4.9974999428
, 6.0016999245
, 7.0000000000
, 7.9974999428
, 8.9991998672
, 9.9975004196
, 10.9991998672
, 11.9982995987
, 12.9982995987
, 14.0000000000
, 14.9982995987
, 15.9975004196
, 16.9974994659
, 17.9974994659
, 19.0091991425
, 20.1459999084
, 20.9992008209
, 22.0067005157
, 22.9983005524
, 23.9992008209
, 24.9983005524
, 25.9974994659
, 26.9974994659
, 27.9974994659
, 28.9974994659
, 29.9974994659
, 30.9983005524
, 31.9983005524
, 32.9982986450
, 33.9975013733
, 35.0066986084
, 36.1435012817
, 36.9975013733
, 37.9975013733
, 38.9975013733
, 39.9975013733
, 40.9991989136
, 41.9982986450
, 42.9982986450
, 43.9975013733
, 44.9975013733
, 45.9975013733
, 46.9975013733
, 48.0000000000
, 48.9975013733
, 49.9975013733
, 51.0260009766
, 52.0260009766
, 53.0242996216
, 54.0185012817
, 55.0143013000
, 56.0234985352
, 57.0218009949
, 58.0234985352
, 59.0225982666
, 60.0158996582
, 61.0218009949
, 62.0242996216
, 63.0167999268
, 64.0092010498
, 64.9982986450
, 65.9982986450
, 67.0101013184
, 68.1501998901
, 68.9991989136
, 69.9991989136
, 71.0000000000
, 71.9991989136
, 73.0000000000
, 74.0000000000
, 74.9982986450
, 75.9982986450
, 76.9982986450
, 77.9982986450
, 78.9982986450
, 79.9982986450
, 80.9991989136
, 81.9991989136
, 83.0109024048
, 84.1451034546
, 84.9991989136
, 85.9982986450
, 86.9991989136
, 87.9991989136
, 88.9982986450
, 89.9982986450
, 91.0000000000
, 91.9991989136
, 92.9991989136
, 93.9982986450
, 94.9982986450
, 95.9982986450
, 96.9982986450
, 98.0008010864
, 99.0083999634
, 100.1443023682
, 101.0000000000
, 101.9991989136
, 103.0008010864
, 103.9982986450
, 104.9974975586
, 105.9982986450
, 106.9982986450
, 107.9974975586
, 108.9974975586
, 109.9974975586
, 110.9982986450
, 111.9982986450
, 112.9991989136
, 113.9991989136
, 115.0210037231
, 116.0268020630
, 117.0260009766
, 118.0193023682
, 119.0150985718
, 120.0242996216
, 121.0234985352
, 122.0225982666
, 123.0109024048
, 124.0277023315
, 125.0225982666
, 126.0242996216
, 127.0234985352
, 128.0151062012
, 129.0016937256
, 129.9974975586
, 131.0092010498
, 131.9983062744
, 133.0007934570
, 133.9974975586
, 134.9974975586
, 135.9974975586
, 136.9974975586
, 137.9974975586
, 138.9974975586
, 139.9974975586
, 140.9974975586
, 141.9983062744
, 142.9983062744
, 143.9974975586
, 144.9974975586
, 145.9974975586
, 147.0092010498
, 147.9992065430
, 148.9992065430
, 149.9974975586
, 150.9974975586
, 151.9974975586
, 152.9992065430
, 153.9974975586
, 154.9974975586
, 155.9974975586
, 156.9974975586
, 157.9974975586
, 158.9974975586
, 159.9974975586
, 160.9983062744
, 161.9983062744
, 163.0075073242
, 163.9992065430
, 164.9992065430
, 165.9974975586
, 166.9974975586
, 167.9974975586
, 168.9974975586
, 169.9974975586
, 170.9974975586
, 171.9974975586
, 172.9983062744
, 173.9983062744
, 175.0007934570
, 175.9983062744
, 176.9974975586
, 177.9974975586
, 179.0175933838
, 180.0294036865
, 181.0225982666
, 182.0218048096
, 183.0200958252
, 184.0225982666
, 185.0200958252
, 186.0243072510
, 187.0252075195
, 188.0193023682
, 189.0234985352
, 190.0158996582
, 191.0184936523
, 192.0075073242
, 192.9974975586
, 193.9974975586
, 195.0101013184
, 195.9983062744
, 196.9983062744
, 197.9974975586
, 198.9974975586
, 199.9974975586
, 200.9974975586
, 201.9983062744
, 202.9974975586
, 203.9974975586
, 204.9974975586
, 205.9974975586
, 206.9983062744
, 207.9974975586
, 208.9974975586
, 209.9974975586
, 211.0092010498
, 211.9992065430
, 212.9992065430
, 213.9983062744
, 215.0066986084
, 215.9983062744
, 216.9983062744
, 217.9974975586
, 218.9983062744
, 219.9983062744
, 220.9992065430
, 221.9983062744
, 222.9983062744
, 223.9983062744
, 224.9992065430
, 225.9983062744
, 227.0101013184
, 227.9992065430
, 229.0000000000
, 229.9983062744
, 230.9983062744
, 231.9992065430
, 232.9983062744
, 233.9974975586
, 234.9983062744
, 235.9983062744
, 236.9983062744
, 237.9983062744
, 238.9983062744
, 239.9983062744
, 240.9983062744
, 241.9983062744
, 243.0193023682
, 244.0310058594
, 245.0260009766
, 246.0209960938
, 247.0218048096
, 248.0243072510
, 249.0218048096
, 250.0252075195
, 251.0276947021
, 252.0209960938
, 253.0225982666
, 254.0175933838
, 255.0175933838
, 256.0091857910
, 256.9982910156
, 257.9974975586
, 259.0083923340
, 260.1484985352
, 260.9992065430
, 261.9992065430
, 263.0017089844
, 264.0025024414
, 265.0017089844
, 265.9974975586
, 266.9974975586
, 267.9974975586
, 268.9992065430
, 269.9974975586
, 270.9992065430
, 272.0050048828
, 272.9982910156
, 273.9974975586
, 275.0133972168
, 276.1527099609
, 276.9974975586
, 277.9974975586
, 278.9974975586
, 279.9974975586
, 280.9992065430
, 281.9982910156
, 282.9982910156
, 283.9974975586
, 284.9974975586
, 285.9974975586
, 286.9974975586
, 287.9974975586
, 288.9974975586
, 289.9974975586
, 291.0116882324
, 292.1517944336
, 292.9982910156
, 293.9974975586
, 294.9974975586
, 295.9974975586
, 296.9974975586
, 297.9974975586
, 298.9974975586
, 299.9974975586
, 300.9982910156
, 301.9982910156
, 302.9982910156
, 303.9974975586
, 304.9982910156
, 305.9982910156
, 307.0101013184
, 308.1459960938
, 308.9974975586
, 309.9974975586
, 310.9992065430
, 311.9982910156
, 312.9982910156
, 314.0058898926
, 315.0000000000
, 315.9982910156
, 316.9982910156
, 317.9974975586
, 318.9974975586
, 319.9974975586
, 320.9982910156
, 321.9982910156
, 323.0158996582
, 324.0302124023
, 325.0242919922
, 326.0192871094
, 327.0176086426
, 328.0192871094
, 329.0151062012
, 330.0260009766
, 331.0252075195
, 332.0234985352
, 333.0226135254
, 334.0158996582
, 335.0158996582
, 336.0133972168
, 337.0143127441
, 338.0217895508
, 339.0168151855
, 340.0176086426
, 341.0704956055
, 342.0108947754
, 343.0209960938
, 343.9982910156
, 344.9982910156
, 346.0017089844
, 347.0000000000
, 347.9982910156
, 348.9974975586
, 350.0101013184
, 351.0017089844
, 351.9982910156
, 352.9982910156
, 354.0168151855
, 355.0158996582
, 356.0025024414
, 357.0017089844
, 357.9982910156
, 359.0042114258
, 360.0007934570
, 360.9982910156
, 362.0116882324
, 363.0033874512
, 363.9992065430
, 364.9982910156
, 365.9974975586
, 366.9974975586
, 367.9982910156
, 368.9982910156
, 369.9982910156
, 371.0108947754
, 371.9982910156
, 373.0025024414
, 373.9974975586
, 374.9974975586
, 375.9982910156
, 376.9974975586
, 377.9974975586
, 378.9982910156
, 379.9982910156
, 380.9982910156
, 381.9982910156
, 382.9992065430
, 383.9982910156
, 384.9982910156
, 385.9982910156
, 387.0108947754
, 388.0242919922
, 389.0000000000
, 389.9982910156
, 390.9974975586
, 391.9982910156
, 393.0277099609
, 394.0234985352
, 395.0277099609
, 396.0277099609
, 397.0252075195
, 398.0234985352
, 399.0176086426
, 400.0226135254
, 401.0184936523
, 402.0293884277
, 403.0788879395
, 404.0184936523
, 405.0126037598
, 405.9992065430
, 406.9974975586
, 407.9982910156
, 408.9982910156
, 409.9974975586
, 410.9974975586
, 411.9982910156
, 412.9982910156
, 413.9974975586
, 414.9974975586
, 415.9982910156
, 416.9974975586
, 417.9974975586
, 419.0101013184
, 419.9982910156
, 420.9992065430
, 421.9982910156
, 422.9982910156
, 423.9974975586
, 424.9982910156
, 425.9974975586
, 426.9974975586
, 427.9974975586
, 428.9974975586
, 429.9974975586
, 430.9974975586
, 431.9982910156
, 432.9982910156
, 433.9974975586
, 435.0091857910
, 435.9982910156
, 437.0000000000
, 437.9974975586
, 438.9974975586
, 439.9974975586
, 440.9974975586
, 441.9974975586
, 442.9982910156
, 443.9974975586
, 444.9974975586
, 445.9974975586
, 446.9974975586
, 447.9974975586
, 448.9982910156
, 449.9974975586
, 451.0067138672
, 452.0192871094
, 453.0260009766
, 454.0217895508
, 455.0234985352
, 456.0226135254
, 457.0151062012
, 458.0192871094
, 459.0176086426
, 460.0234985352
, 461.0242919922
, 462.0143127441
, 463.0176086426
, 464.0133972168
, 465.0017089844
, 465.9974975586
, 467.0461120605
, 467.9982910156
, 468.9992065430
, 469.9974975586
, 470.9974975586
, 471.9982910156
, 472.9982910156
, 473.9974975586
, 475.0007934570
