position=[0.6743952036
, 0.6812496185
, 0.6877232194
, 0.6945775747
, 0.7018127441
, 0.7075247169
, 0.7139983177
, 0.7208527327
, 0.7273262739
, 0.7337998748
, 0.7402734756
, 0.7471278310
, 0.7536014318
, 0.7600750327
, 0.7665486336
, 0.7730221748
, 0.7794957757
, 0.7859693766
, 0.7924429178
, 0.7992973328
, 0.8065325022
, 0.8118637204
, 0.8183372617
, 0.8248108625
, 0.8312844634
, 0.8377580643
, 0.8442316055
, 0.8507052064
, 0.8571788073
, 0.8636524081
, 0.8701259494
, 0.8765995502
, 0.8830731511
, 0.8891659379
, 0.8956394792
, 0.9024938941
, 0.9097290635
, 0.9150602818
, 0.9215338230
, 0.9280074239
, 0.9344810247
, 0.9409546256
, 0.9474281669
, 0.9539017677
, 0.9603753686
, 0.9668489099
, 0.9733225107
, 0.9797961116
, 0.9862697124
, 0.9927432537
, 0.9992168546
, 1.0056904554
, 1.0125448704
, 1.0190184116
, 1.0254919529
, 1.0319656134
, 1.0384391546
, 1.0449128151
, 1.0513863564
, 1.0578598976
, 1.0647143126
, 1.0711878538
, 1.0776615143
, 1.0841350555
, 1.0909894705
, 1.0974630117
, 1.1039366722
, 1.1107909679
, 1.1184070110
, 1.1237381697
, 1.1305925846
, 1.1370661259
, 1.1439205408
, 1.1507749557
, 1.1572484970
, 1.1641029119
, 1.1709572077
, 1.1774308681
, 1.1842852831
, 1.1911395788
, 1.1979939938
, 1.2044675350
, 1.2113219500
, 1.2185571194
, 1.2261731625
, 1.2318850756
, 1.2387394905
, 1.2455939054
, 1.2524483204
, 1.2593026161
, 1.2665377855
, 1.2733922005
, 1.2802466154
, 1.2871010303
, 1.2943361998
, 1.3011906147
, 1.3084257841
, 1.3152800798
, 1.3225152493
, 1.3293696642
, 1.3377472162
, 1.3434592485
, 1.3506944180
, 1.3579295874
, 1.3647840023
, 1.3720191717
, 1.3792543411
, 1.3864895105
, 1.3937247992
, 1.4009599686
, 1.4081951380
, 1.4154303074
, 1.4226654768
, 1.4299006462
, 1.4371358156
, 1.4447518587
, 1.4519870281
, 1.4592221975
, 1.4664573669
, 1.4740734100
, 1.4813085794
, 1.4889245033
, 1.4961596727
, 1.5037757158
, 1.5110108852
, 1.5186268091
, 1.5258619785
, 1.5334780216
, 1.5410939455
, 1.5483292341
, 1.5559451580
, 1.5635612011
, 1.5707963705
, 1.5784122944
, 1.5860283375
, 1.5936442614
, 1.6012603045
, 1.6088762283
, 1.6164922714
, 1.6241081953
, 1.6317242384
, 1.6393401623
, 1.6473369598
, 1.6549528837
, 1.6625689268
, 1.6701848507
, 1.6781816483
, 1.6857976913
, 1.6937944889
, 1.7014104128
, 1.7090264559
, 1.7170231342
, 1.7246391773
, 1.7326359749
, 1.7402518988
, 1.7482486963
, 1.7562454939
, 1.7638614178
, 1.7718582153
, 1.7798550129
, 1.7874710560
, 1.7954678535
, 1.8034645319
, 1.8114613295
, 1.8194581270
, 1.8274549246
, 1.8350709677
, 1.8430676460
, 1.8510644436
, 1.8590612411
, 1.8670580387
, 1.8750548363
, 1.8830516338
, 1.8910484314
, 1.8990451097
, 1.9070419073
, 1.9150387049
, 1.9230355024
, 1.9310323000
, 1.9394098520
, 1.9474066496
, 1.9554034472
, 1.9634002447
, 1.9713970423
, 1.9793937206
, 1.9873905182
, 1.9953873158
, 2.0037648678
, 2.0117616653
, 2.0197584629
, 2.0277552605
, 2.0357520580
, 2.0437488556
, 2.0513648987
, 2.0597424507
, 2.0677392483
, 2.0757360458
, 2.0837328434
, 2.0917294025
, 2.0997262001
, 2.1077229977
, 2.1157197952
, 2.1240973473
, 2.1320941448
, 2.1400909424
, 2.1480877399
, 2.1560845375
, 2.1640813351
, 2.1720781326
, 2.1800749302
, 2.1880717278
, 2.1960685253
, 2.2040653229
, 2.2120621204
, 2.2200589180
, 2.2280554771
, 2.2360522747
, 2.2436683178
, 2.2516651154
, 2.2596619129
, 2.2676587105
, 2.2756555080
, 2.2836523056
, 2.2912683487
, 2.2992649078
, 2.3072617054
, 2.3152585030
, 2.3232553005
, 2.3308713436
, 2.3384873867
, 2.3464841843
, 2.3544809818
, 2.3620967865
, 2.3700935841
, 2.3777096272
, 2.3853256702
, 2.3933224678
, 2.4009382725
, 2.4089350700
, 2.4165511131
, 2.4241671562
, 2.4317831993
, 2.4397799969
, 2.4473958015
, 2.4553925991
, 2.4630086422
, 2.4702439308
, 2.4778597355
, 2.4854757786
, 2.4930918217
, 2.5007078648
, 2.5083236694
, 2.5159397125
, 2.5231750011
, 2.5307908058
, 2.5384068489
, 2.5456421375
, 2.5528771877
, 2.5604932308
, 2.5677282810
, 2.5761060715
, 2.5825796127
, 2.5898146629
, 2.5970499516
, 2.6046659946
, 2.6119010448
, 2.6191363335
, 2.6263713837
, 2.6336066723
, 2.6404609680
, 2.6476962566
, 2.6549313068
, 2.6621665955
, 2.6694016457
, 2.6762561798
, 2.6834912300
, 2.6914880276
, 2.6975808144
, 2.7044353485
, 2.7112896442
, 2.7185249329
, 2.7253792286
, 2.7322335243
, 2.7390880585
, 2.7459423542
, 2.7527966499
, 2.7596511841
, 2.7661247253
, 2.7729790211
, 2.7798335552
, 2.7863070965
, 2.7931613922
, 2.8007774353
, 2.8061087132
, 2.8125822544
, 2.8190557957
, 2.8255293369
, 2.8320028782
, 2.8384766579
, 2.8449501991
, 2.8514237404
, 2.8575165272
, 2.8639900684
, 2.8700828552
, 2.8765563965
, 2.8826491833
, 2.8887419701
, 2.8948347569
, 2.9016892910
, 2.9070203304
, 2.9131131172
, 2.9188251495
, 2.9249179363
, 2.9306299686
, 2.9367227554
, 2.9424347878
, 2.9481468201
, 2.9538586140
, 2.9595706463
, 2.9652826786
, 2.9709947109
, 2.9767067432
, 2.9820377827
, 2.9877498150
, 2.9934618473
, 2.9987928867
, 3.0041241646
, 3.0094554424
, 3.0147864819
, 3.0201177597
, 3.0250680447
, 3.0303993225
, 3.0353496075
, 3.0406808853
, 3.0456311703
, 3.0505816936
, 3.0555319786
, 3.0604825020
, 3.0654327869
, 3.0703833103
, 3.0749528408
, 3.0799031258
, 3.0844728947
, 3.0890424252
, 3.0936119556
, 3.0981814861
, 3.1027512550
, 3.1069400311
, 3.1115095615
, 3.1156983376
, 3.1202678680
, 3.1244566441
, 3.1286454201
, 3.1328341961
, 3.1370229721
, 3.1412117481
, 3.1454007626
, 3.1492085457
, 3.1530165672
, 3.1572053432
, 3.1610133648
, 3.1648213863
, 3.1686294079
, 3.1724374294
, 3.1758644581
, 3.1796724796
, 3.1830997467
, 3.1865270138
, 3.1899540424
, 3.1933813095
, 3.1968085766
, 3.2002356052
, 3.2036628723
, 3.2067093849
, 3.2101364136
, 3.2131829262
, 3.2162292004
, 3.2192757130
, 3.2223219872
, 3.2253684998
, 3.2280340195
, 3.2310805321
, 3.2337460518
, 3.2364115715
, 3.2394580841
, 3.2421236038
, 3.2444083691
, 3.2470738888
, 3.2497396469
, 3.2520244122
, 3.2546899319
, 3.2569746971
, 3.2592594624
, 3.2619252205
, 3.2638292313
, 3.2661139965
, 3.2683987617
, 3.2703027725
, 3.2725875378
, 3.2744915485
, 3.2763955593
, 3.2782995701
, 3.2802035809
, 3.2821075916
, 3.2840116024
, 3.2855346203
, 3.2874386311
, 3.2889618874
, 3.2904851437
, 3.2920084000
, 3.2935314178
, 3.2950546741
, 3.2965779305
, 3.2977201939
, 3.2992434502
, 3.3003859520
, 3.3019089699
, 3.3030514717
, 3.3041939735
, 3.3053362370
, 3.3064787388
, 3.3072402477
, 3.3083827496
, 3.3091442585
, 3.3102867603
, 3.3110482693
, 3.3118097782
, 3.3125715256
, 3.3133330345
, 3.3140945435
, 3.3148562908
, 3.3156177998
, 3.3159985542
, 3.3163795471
, 3.3171410561
, 3.3175218105
, 3.3179025650
, 3.3182835579
, 3.3186643124
, 3.3190450668
, 3.3194258213
, 3.3194258213
, 3.3198065758
, 3.3198065758
, 3.3201873302
, 3.3201873302
, 3.3201873302
, 3.3201873302
, 3.3201873302
, 3.3201873302
, 3.3201873302
, 3.3201873302
, 3.3201873302
, 3.3198065758
, 3.3198065758
, 3.3198065758
, 3.3194258213
, 3.3194258213
, 3.3194258213
, 3.3190450668
, 3.3190450668
, 3.3186643124
, 3.3186643124
, 3.3182835579
, 3.3182835579
, 3.3179025650
, 3.3175218105
, 3.3175218105
, 3.3171410561
, 3.3167603016
, 3.3167603016
, 3.3163795471
, 3.3159985542
, 3.3156177998
, 3.3156177998
, 3.3152370453
, 3.3148562908
, 3.3144755363
, 3.3144755363
, 3.3140945435
, 3.3137137890
, 3.3133330345
, 3.3129522800
, 3.3129522800
, 3.3125715256
, 3.3121907711
, 3.3118097782
, 3.3114290237
, 3.3114290237
, 3.3110482693
, 3.3106675148
, 3.3102867603
, 3.3102867603
, 3.3099057674
, 3.3095250130
, 3.3091442585
, 3.3091442585
, 3.3087635040
, 3.3083827496
, 3.3080017567
, 3.3080017567
, 3.3076210022
, 3.3072402477
, 3.3072402477
, 3.3068594933
, 3.3068594933
, 3.3064787388
, 3.3064787388
, 3.3060979843
, 3.3060979843
, 3.3057169914
, 3.3057169914
, 3.3053362370
, 3.3053362370
, 3.3053362370
, 3.3049554825
, 3.3049554825
, 3.3049554825
, 3.3049554825
, 3.3049554825
, 3.3049554825
, 3.3049554825
, 3.3045747280
, 3.3045747280
, 3.3045747280
, 3.3045747280
, 3.3049554825
, 3.3049554825
, 3.3049554825
, 3.3049554825
, 3.3049554825
, 3.3049554825
