velocity=[0.0000000000
, 6.8544149399
, 6.4846248627
, 6.7690649033
, 6.3600296974
, 6.7278833389
, 6.4465255737
, 6.8660869598
, 6.4897661209
, 6.4626150131
, 6.4846210480
, 6.8427267075
, 6.4794340134
, 6.4736008644
, 6.4626116753
, 6.4845676422
, 6.4787783623
, 6.4736070633
, 6.4735412598
, 6.7751479149
, 6.3645009995
, 6.2484908104
, 6.4253530502
, 6.5284395218
, 6.4677782059
, 6.4794340134
, 6.4787311554
, 6.4736008644
, 6.4736008644
, 6.4736008644
, 6.4735412598
, 6.4684190750
, 6.4736008644
, 6.0927982330
, 6.4787063599
, 6.7919478416
, 6.3644900322
, 6.2426438332
, 6.4735412598
, 6.4736008644
, 6.4736008644
, 6.4626302719
, 6.4793744087
, 6.4736008644
, 6.4787659645
, 6.4735412598
, 6.4736008644
, 6.4736008644
, 6.4574661255
, 6.4897565842
, 6.4736008644
, 6.2942180634
, 6.8544149399
, 6.4845738411
, 6.5112957954
, 6.5009641647
, 6.4145450592
, 6.4846682549
, 6.4625706673
, 6.4793744087
, 6.9006395340
, 6.4355626106
, 6.4575257301
, 6.5224575996
, 6.9068994522
, 6.5448966026
, 6.4736604691
, 6.7743406296
, 6.6801619530
, 6.2793459892
, 6.8544149399
, 6.4683594704
, 6.8599104881
, 6.8489284515
, 6.4735412598
, 6.8660964966
, 6.8542957306
, 6.4736604691
, 6.8544149399
, 6.8542957306
, 6.8544149399
, 6.4677186012
, 6.8544149399
, 7.1514720917
, 6.7148966789
, 6.6876754761
, 6.8605914116
, 6.8482499123
, 6.8544149399
, 6.8604722023
, 7.2351694107
, 6.8427729607
, 6.8599104881
, 6.8544149399
, 7.2416887283
, 6.8544149399
, 7.2351694107
, 6.8542957306
, 7.2171092033
, 6.8027219772
, 7.3752393723
, 6.6752929688
, 7.2409701347
, 7.2235960960
, 6.8716106415
, 7.2409701347
, 7.2293782234
, 7.2351694107
, 7.2410893440
, 7.2351694107
, 7.2351694107
, 7.2293782234
, 7.2351694107
, 7.2286615372
, 7.2351694107
, 7.4535202980
, 7.1934595108
, 7.2409701347
, 7.2839617729
, 7.6481943130
, 7.1692051888
, 7.6220297813
, 7.2416887283
, 7.7061734200
, 7.1156272888
, 7.6549954414
, 7.2228808403
, 7.6221489906
, 7.6803803444
, 7.3336510658
, 7.6480164528
, 7.5279397964
, 7.3148632050
, 7.5970287323
, 7.6412277222
, 7.6159238815
, 7.6160430908
, 7.6159238815
, 7.6160430908
, 7.6159238815
, 7.6160430908
, 7.6159238815
, 7.9903354645
, 7.6159238815
, 7.6222071648
, 7.6159238815
, 7.9967975616
, 7.5279397964
, 8.0775279999
, 7.6159238815
, 7.6290812492
, 7.9966783524
, 7.6160430908
, 7.9831542969
, 7.6289615631
, 7.9967975616
, 7.9967975616
, 7.6159238815
, 7.9967975616
, 7.9967975616
, 7.6160430908
, 7.9903354645
, 7.9966783524
, 7.9238896370
, 8.0637331009
, 7.9967975616
, 7.6290812492
, 7.9966783524
, 7.9967975616
, 7.9967975616
, 7.9967975616
, 7.9967975616
, 7.9967975616
, 7.9903354645
, 7.9966783524
, 7.9769573212
, 8.0167369843
, 8.0032701492
, 7.9967975616
, 8.2125148773
, 7.9034552574
, 8.0515918732
, 8.0031480789
, 8.0104875565
, 7.9767169952
, 8.0168590546
, 7.9632606506
, 8.3700170517
, 8.0443000793
, 7.9633817673
, 8.0580291748
, 7.9761075974
, 8.0856285095
, 7.6930484772
, 8.3775520325
, 7.8972625732
, 8.0922460556
, 7.9967975616
, 8.0030317307
, 7.9967975616
, 7.9967975616
, 7.9967975616
, 8.3707828522
, 8.0032701492
, 7.9967975616
, 7.9967975616
, 7.9967975616
, 7.9903354645
, 8.0032701492
, 7.9967975616
, 7.9967975616
, 7.9042897224
, 8.0775279999
, 7.9967975616
, 8.0040035248
, 7.9300079346
, 8.0644769669
, 7.6160430908
, 8.0032701492
, 7.9903354645
, 7.9967975616
, 7.9896049500
, 8.0040035248
, 7.6160430908
, 7.9965591431
, 7.9896049500
, 8.0040035248
, 7.9035744667
, 7.6999320984
, 7.6100049019
, 8.0103645325
, 7.9967975616
, 7.6089544296
, 8.0040035248
, 7.6222071648
, 7.6098890305
, 7.9967975616
, 7.6158046722
, 7.9967975616
, 7.6160430908
, 7.6160430908
, 7.6160430908
, 7.9967975616
, 7.4591908455
, 7.9042897224
, 7.6543521881
, 7.2716827393
, 7.6096506119
, 7.5970320702
, 7.6351494789
, 7.5902156830
, 7.5969099998
, 7.6674041748
, 7.2237148285
, 7.6541128159
, 7.6160430908
, 7.2966356277
, 7.3147425652
, 7.6220908165
, 7.1570754051
, 7.3482542038
, 7.6095924377
, 7.2350502014
, 7.2172279358
, 7.6100049019
, 7.2407956123
, 7.2658882141
, 7.2350502014
, 7.2352886200
, 6.8426017761
, 7.2476749420
, 7.2227067947
, 7.1935777664
, 7.2839536667
, 6.8599772453
, 7.1218156815
, 7.0189661980
, 7.2122116089
, 6.8545341492
, 6.8542957306
, 7.2352886200
, 6.8426017761
, 6.8605766296
, 6.8545341492
, 6.8597388268
, 6.8542957306
, 6.8545341492
, 6.4735412598
, 6.8542957306
, 6.8545341492
, 6.4735412598
, 6.7583894730
, 6.6801171303
, 6.2980499268
, 6.4786820412
, 6.4735412598
, 6.4735412598
, 6.4735412598
, 6.4737796783
, 6.4735412598
, 6.4735412598
, 6.0879564285
, 6.4735412598
, 6.0927867889
, 6.4786820412
, 6.0879564285
, 6.0927867889
, 6.0216689110
, 6.0344800949
, 6.2607517242
, 6.0927867889
, 5.7022871971
, 6.0983700752
, 5.7120323181
, 6.0468378067
, 5.7458748817
, 5.7218108177
, 5.7117938995
, 5.7165679932
, 5.7120323181
, 5.7120323181
, 5.7075037956
, 5.3310394287
, 5.6131916046
, 5.6314311028
, 5.3627891541
, 5.3580946922
, 5.3402414322
, 5.3221063614
, 5.3536610603
, 4.8969340324
, 5.3355112076
, 4.9587593079
, 5.3360004425
, 4.9837450981
, 4.9505233765
, 4.9627037048
, 4.9459953308
, 4.9135475159
, 4.9752721786
, 4.5659074783
, 4.7016301155
, 4.8593926430
, 4.5238337517
, 4.6756925583
, 4.5695304871
, 4.5542025566
, 4.1959466934
, 4.5773530006
, 4.1921024323
, 4.5126543045
, 4.2242269516
, 4.2031421661
, 4.1887760162
, 4.1125936508
, 4.1926145554
, 4.2458977699
, 3.8108067513
, 3.8210818768
, 4.1641225815
, 3.8210818768
, 3.8175747395
, 3.7576789856
, 3.8398957253
, 3.4414169788
, 3.8115110397
, 3.4299886227
, 3.4272670746
, 3.4243116379
, 3.4272670746
, 3.4272670746
, 3.3843729496
, 3.4710149765
, 3.0337362289
, 3.4442667961
, 3.0465126038
, 3.0438590050
, 3.0489318371
, 3.0462741852
, 3.0440971851
, 2.6655197144
, 3.0465126038
, 2.6655197144
, 2.6630816460
, 3.0493042469
, 2.6655197144
, 2.2847652435
, 2.6323423386
, 2.6305165291
, 2.3416485786
, 2.6700828075
, 2.2865796089
, 2.2829537392
, 2.5895755291
, 1.9120632410
, 2.2751834393
, 2.2847652435
, 1.9087873697
, 2.2886765003
, 1.9152916670
, 1.8945288658
, 1.9118875265
, 1.8834905624
, 1.8142083883
, 2.0263934135
, 1.5320414305
, 1.9298655987
, 1.5258640051
, 1.5220485926
, 1.5232563019
, 1.5242272615
, 1.5232563019
, 1.5220485926
, 1.1422634125
, 1.5244659185
, 1.1425018311
, 1.5218104124
, 1.1434091330
, 1.1425018311
, 1.1280457973
, 1.1561564207
, 0.7608124018
, 1.1435487270
, 0.7615089417
, 1.1434091330
, 0.7609052062
, 0.7621136308
, 0.7617473602
, 0.7615089417
, 0.7615089417
, 0.7617473602
, 0.7615089417
, 0.3804526031
, 0.3809928894
, 0.7621136308
, 0.3763555288
, 0.3849484026
, 0.3803429008
, 0.3817096651
, 0.3807544708
, 0.3807544708
, 0.0000000000
, 0.3807544708
, 0.0000000000
, 0.3810568154
, 0.0000000000
, 0.0000000000
, 0.0000000000
, 0.0000000000
, 0.0000000000
, 0.0000000000
, 0.0000000000
, 0.0000000000
, -0.3782151937
, 0.0000000000
, 0.0000000000
, -0.3810917437
, 0.0000000000
, 0.0000000000
, -0.3813946247
, 0.0000000000
, -0.3804526031
, 0.0000000000
, -0.3795036674
, 0.0000000000
, -0.3854987025
, -0.3823647797
, 0.0000000000
, -0.3998770118
, -0.3804062009
, 0.0000000000
, -0.3807544708
, -0.3806908131
, -0.3807544708
, 0.0000000000
, -0.3795036674
, -0.3747503161
, -0.3811033666
, 0.0000000000
, -0.3819486797
, -0.3820603490
, -0.3842844367
, -0.3820135593
, 0.0000000000
, -0.4077441394
, -0.3305750191
, -0.4500820041
, -0.3807544708
, 0.0000000000
, -0.3807544708
, -0.3801048696
, -0.3811033666
, 0.0000000000
, -0.3813420236
, -0.3810568154
, -0.3807544708
, 0.0000000000
, -0.3807544708
, -0.3807544708
, -0.3564621806
, 0.0000000000
, -0.3317528963
, -0.4467402697
, 0.0000000000
, -0.3810568154
, 0.0000000000
, -0.3798040450
, 0.0000000000
, -0.3826696873
, 0.0000000000
, -0.3809928894
, 0.0000000000
, -0.3811033666
, 0.0000000000
, 0.0000000000
, -0.3518290818
, 0.0000000000
, 0.0000000000
, 0.0000000000
, 0.0000000000
, 0.0000000000
, 0.0000000000
, -0.3788353205
, 0.0000000000
, 0.0000000000
, 0.0000000000
, 0.3823647797
, 0.0000000000
, 0.0000000000
, 0.0000000000
