torque=[-0.2500000000
, -0.2424603701
, -0.2349347621
, -0.2273037583
, -0.2187352180
, -0.2123444974
, -0.2047911286
, -0.1972892880
, -0.1898017228
, -0.1822921634
, -0.1748187542
, -0.1673317999
, -0.1598773152
, -0.1524303555
, -0.1449861676
, -0.1375838071
, -0.1301924735
, -0.1228141561
, -0.1154559180
, -0.1080332100
, -0.0997200906
, -0.0935009122
, -0.0861802399
, -0.0790007263
, -0.0717808083
, -0.0646019876
, -0.0574516915
, -0.0503260531
, -0.0432319455
, -0.0361704901
, -0.0291427989
, -0.0221443959
, -0.0151875913
, -0.0082678795
, -0.0013917972
, 0.0055132736
, 0.0132421665
, 0.0190130901
, 0.0257311836
, 0.0324057378
, 0.0390356965
, 0.0456311479
, 0.0521628372
, 0.0586527213
, 0.0650887489
, 0.0714801699
, 0.0778208300
, 0.0841097236
, 0.0903613716
, 0.0965282395
, 0.1026559100
, 0.1089001149
, 0.1149138138
, 0.1208598092
, 0.1267233938
, 0.1325374693
, 0.1383686513
, 0.1440754235
, 0.1497392654
, 0.1553253382
, 0.1608156413
, 0.1663103700
, 0.1717203259
, 0.1770104021
, 0.1822335273
, 0.1873724014
, 0.1924992055
, 0.1976154149
, 0.2032935917
, 0.2074615955
, 0.2123041004
, 0.2170773745
, 0.2217693329
, 0.2263942361
, 0.2309401929
, 0.2354026586
, 0.2397961468
, 0.2441122830
, 0.2483503968
, 0.2525098026
, 0.2565898895
, 0.2605935037
, 0.2645128965
, 0.2683954537
, 0.2726484537
, 0.2757810950
, 0.2793686986
, 0.2828790843
, 0.2863021493
, 0.2896375358
, 0.2928907573
, 0.2960635722
, 0.2991422713
, 0.3021367490
, 0.3050414622
, 0.3078611791
, 0.3105928004
, 0.3132358789
, 0.3157963455
, 0.3182792962
, 0.3209691942
, 0.3229187131
, 0.3251113594
, 0.3272182643
, 0.3292256296
, 0.3311451972
, 0.3329760134
, 0.3347132504
, 0.3363568783
, 0.3379092515
, 0.3393688202
, 0.3407363594
, 0.3420094848
, 0.3431901336
, 0.3442760110
, 0.3452886343
, 0.3461895585
, 0.3469902575
, 0.3476929367
, 0.3483039141
, 0.3488275111
, 0.3492510617
, 0.3495800793
, 0.3498125672
, 0.3499552011
, 0.3499999642
, 0.3499502838
, 0.3498060405
, 0.3495693803
, 0.3492415249
, 0.3488172293
, 0.3482901156
, 0.3476812840
, 0.3469700217
, 0.3461689055
, 0.3452711999
, 0.3442794681
, 0.3431938887
, 0.3420146406
, 0.3407419026
, 0.3393758833
, 0.3379167914
, 0.3363635838
, 0.3347190022
, 0.3329834938
, 0.3311545849
, 0.3292339146
, 0.3271976709
, 0.3251147866
, 0.3229205012
, 0.3206397295
, 0.3182650506
, 0.3158006072
, 0.3132423759
, 0.3106040955
, 0.3078728318
, 0.3050535023
, 0.3021464944
, 0.2991523147
, 0.2960714102
, 0.2929042578
, 0.2896487415
, 0.2863105834
, 0.2828558385
, 0.2793775499
, 0.2757868767
, 0.2721195519
, 0.2683635652
, 0.2645257115
, 0.2606065869
, 0.2566068769
, 0.2525271475
, 0.2483680397
, 0.2441267967
, 0.2398109287
, 0.2354066819
, 0.2309478223
, 0.2264057100
, 0.2217847109
, 0.2169941068
, 0.2121665925
, 0.2073552310
, 0.2024428695
, 0.1974637657
, 0.1923927814
, 0.1872774363
, 0.1820582747
, 0.1767878383
, 0.1714864224
, 0.1660643518
, 0.1606408656
, 0.1550968289
, 0.1495648921
, 0.1439656913
, 0.1382479668
, 0.1323956996
, 0.1266247630
, 0.1207258105
, 0.1147731617
, 0.1087581143
, 0.1026864126
, 0.0965590253
, 0.0903718844
, 0.0841410384
, 0.0778524131
, 0.0715120062
, 0.0651208311
, 0.0586746708
, 0.0521902218
, 0.0456528217
, 0.0390687399
, 0.0323611498
, 0.0257532299
, 0.0190352779
, 0.0122809457
, 0.0054218746
, -0.0013630290
, -0.0082444502
, -0.0151584372
, -0.0221207291
, -0.0291133951
, -0.0361472815
, -0.0432022586
, -0.0502962321
, -0.0574217401
, -0.0645841137
, -0.0717628598
, -0.0790614486
, -0.0862230808
, -0.0934950933
, -0.1007736996
, -0.1080881953
, -0.1154317111
, -0.1227832511
, -0.1301555187
, -0.1375586689
, -0.1449735910
, -0.1524050981
, -0.1598520279
, -0.1673131734
, -0.1747873873
, -0.1822734773
, -0.1897702664
, -0.1974342614
, -0.2050370276
, -0.2125213444
, -0.2200115174
, -0.2275501788
, -0.2351051569
, -0.2426247746
, -0.2501900494
, -0.2577484250
, -0.2652363181
, -0.2727843821
, -0.2802790701
, -0.2878066897
, -0.2952651381
, -0.3026978970
, -0.3101982474
, -0.3177767098
, -0.3263106346
, -0.3326682448
, -0.3401294351
, -0.3475950062
, -0.3550324142
, -0.3624414504
, -0.3698075116
, -0.3771858215
, -0.3845440745
, -0.3918935955
, -0.3991956711
, -0.4064991176
, -0.4138074517
, -0.4209991992
, -0.4282069206
, -0.4355062544
, -0.4436562955
, -0.4496739209
, -0.4567680359
, -0.4638294876
, -0.4708572030
, -0.4778619111
, -0.4848123491
, -0.4917320609
, -0.4986081719
, -0.5054504871
, -0.5122525096
, -0.5190130472
, -0.5257311463
, -0.5324057341
, -0.5390356779
, -0.5457130671
, -0.5531621575
, -0.5586526990
, -0.5650887489
, -0.5714801550
, -0.5778207779
, -0.5841097236
, -0.5903458595
, -0.5965282321
, -0.6026558876
, -0.6087326407
, -0.6147479415
, -0.6207056642
, -0.6266001463
, -0.6324444413
, -0.6382237673
, -0.6440088749
, -0.6504275799
, -0.6551857591
, -0.6607145071
, -0.6661877036
, -0.6715807915
, -0.6769123673
, -0.6822162271
, -0.6873811483
, -0.6924991608
, -0.6975560784
, -0.7025384307
, -0.7074533105
, -0.7122958899
, -0.7170692682
, -0.7217651010
, -0.7264671326
, -0.7310763597
, -0.7355178595
, -0.7398875356
, -0.7441948652
, -0.7484384775
, -0.7525790334
, -0.7567017674
, -0.7606964707
, -0.7646071315
, -0.7684398890
, -0.7721692920
, -0.7758417726
, -0.7794222832
, -0.7829314470
, -0.7863785028
, -0.7896985412
, -0.7929527760
, -0.7962836027
, -0.7991777658
, -0.8022010326
, -0.8050414324
, -0.8078611493
, -0.8106019497
, -0.8132402897
, -0.8157900572
, -0.8182529211
, -0.8206574321
, -0.8229225278
, -0.8251094222
, -0.8272131085
, -0.8292620182
, -0.8311796784
, -0.8329834938
, -0.8347190022
, -0.8363581300
, -0.8379193544
, -0.8393734694
, -0.8407363296
, -0.8420258760
, -0.8431949019
, -0.8442760110
, -0.8452671766
, -0.8461646438
, -0.8469687104
, -0.8476790190
, -0.8482943773
, -0.8488152027
, -0.8492463231
, -0.8495731950
, -0.8498109579
, -0.8499523997
, -0.8500000238
, -0.8499528170
, -0.8498109579
, -0.8495743871
, -0.8492428064
, -0.8488168716
, -0.8482962847
, -0.8476812840
, -0.8469712138
, -0.8461682200
, -0.8452704549
, -0.8442786336
, -0.8431786895
, -0.8419817686
, -0.8407385945
, -0.8393747807
, -0.8379167914
, -0.8363636136
, -0.8346692324
, -0.8329371214
, -0.8310979009
, -0.8291744590
, -0.8271647096
, -0.8250625730
, -0.8228792548
, -0.8205811977
, -0.8182142377
, -0.8157205582
, -0.8130350709
, -0.8105476499
, -0.8078309298
, -0.8050485849
, -0.8021464944
, -0.7991498709
, -0.7960689068
, -0.7929042578
, -0.7896513939
, -0.7863106132
, -0.7828878164
, -0.7793835998
, -0.7757930756
, -0.7721166015
, -0.7683635354
, -0.7645257115
, -0.7605566978
, -0.7566036582
, -0.7525200844
, -0.7483646870
, -0.7441268563
, -0.7398144603
, -0.7354177833
, -0.7309514880
, -0.7264056802
, -0.7217847109
, -0.7170892358
, -0.7123199701
, -0.7074776888
, -0.7025592923
, -0.6975732446
, -0.6925206184
, -0.6873337626
, -0.6821943521
, -0.6769214272
, -0.6716033816
, -0.6662055850
, -0.6607420444
, -0.6552135944
, -0.6496211886
, -0.6439611912
, -0.6382479668
, -0.6324689388
, -0.6266295314
, -0.6207305789
, -0.6147731543
, -0.6087533236
, -0.6026864052
, -0.5965023041
, -0.5902416110
, -0.5839625001
, -0.5776990056
, -0.5713464618
, -0.5649596453
, -0.5585660338
, -0.5520482659
, -0.5455208421
, -0.5388969183
, -0.5322607756
, -0.5256520510
, -0.5189112425
, -0.5121785998
, -0.5054559112
, -0.4986425340
, -0.4914256036
, -0.4848360717
, -0.4778729975
, -0.4708922803
, -0.4638647437
, -0.4567978382
, -0.4497038722
, -0.4425840378
, -0.4354045093
, -0.4281038940
, -0.4208966494
, -0.4136434197
, -0.4063949585
, -0.3991285861
, -0.3918810785
, -0.3845682740
, -0.3767223358
, -0.3698318601
, -0.3613102436
, -0.3550324142
, -0.3476009071
, -0.3401540220
, -0.3326928616
, -0.3252058625
, -0.3177266419
, -0.3102229834
, -0.3027235568
, -0.2952148914
, -0.2876931429
, -0.2801654339
, -0.2726329565
, -0.2650969326
, -0.2570396662
, -0.2500128746
, -0.2413596958
, -0.2349348217
, -0.2273987681
, -0.2198722512
, -0.2123316526
, -0.2047910690
, -0.1972516924
, -0.1897829771
, -0.1823049188
