StateVariable_5=[0.0000000000
, 0.0075396239
, 0.0150652435
, 0.0226962343
, 0.0312647857
, 0.0376554988
, 0.0452088639
, 0.0527107194
, 0.0601982735
, 0.0677078366
, 0.0751812458
, 0.0826682001
, 0.0901226774
, 0.0975696519
, 0.1050138324
, 0.1124161929
, 0.1198075190
, 0.1271858364
, 0.1345440894
, 0.1419667900
, 0.1502799094
, 0.1564990878
, 0.1638197601
, 0.1709992737
, 0.1782191992
, 0.1853980124
, 0.1925483048
, 0.1996739507
, 0.2067680508
, 0.2138295174
, 0.2208572030
, 0.2278556079
, 0.2348124087
, 0.2417321205
, 0.2486082017
, 0.2555132806
, 0.2632421553
, 0.2690130770
, 0.2757311761
, 0.2824057341
, 0.2890357077
, 0.2956311405
, 0.3021628261
, 0.3086527288
, 0.3150887489
, 0.3214801848
, 0.3278208375
, 0.3341097236
, 0.3403613567
, 0.3465282321
, 0.3526559174
, 0.3589001000
, 0.3649138212
, 0.3708598018
, 0.3767234087
, 0.3825374842
, 0.3883686364
, 0.3940754235
, 0.3997392654
, 0.4053253233
, 0.4108156562
, 0.4163103700
, 0.4217203259
, 0.4270103872
, 0.4322335422
, 0.4373723865
, 0.4424992204
, 0.4476154149
, 0.4532935917
, 0.4574615955
, 0.4623040855
, 0.4670773745
, 0.4717693329
, 0.4763942361
, 0.4809401929
, 0.4854026437
, 0.4897961318
, 0.4941122830
, 0.4983503819
, 0.5025098324
, 0.5065898895
, 0.5105935335
, 0.5145128965
, 0.5183954239
, 0.5226484537
, 0.5257810950
, 0.5293686986
, 0.5328791142
, 0.5363021493
, 0.5396375656
, 0.5428907871
, 0.5460636020
, 0.5491422415
, 0.5521367192
, 0.5550414324
, 0.5578611493
, 0.5605927706
, 0.5632358789
, 0.5657963157
, 0.5682793260
, 0.5709691644
, 0.5729187131
, 0.5751113296
, 0.5772182345
, 0.5792256594
, 0.5811452270
, 0.5829759836
, 0.5847132206
, 0.5863568783
, 0.5879092813
, 0.5893688202
, 0.5907363296
, 0.5920094848
, 0.5931901336
, 0.5942760110
, 0.5952886343
, 0.5961895585
, 0.5969902277
, 0.5976929069
, 0.5983039141
, 0.5988275409
, 0.5992510319
, 0.5995801091
, 0.5998125672
, 0.5999552011
, 0.5999999642
, 0.5999503136
, 0.5998060107
, 0.5995693803
, 0.5992415547
, 0.5988172293
, 0.5982900858
, 0.5976812840
, 0.5969700217
, 0.5961689353
, 0.5952711701
, 0.5942794681
, 0.5931938887
, 0.5920146108
, 0.5907419324
, 0.5893759131
, 0.5879167914
, 0.5863635540
, 0.5847190022
, 0.5829834938
, 0.5811545849
, 0.5792338848
, 0.5771976709
, 0.5751147866
, 0.5729205012
, 0.5706397295
, 0.5682650208
, 0.5658006072
, 0.5632423759
, 0.5606040955
, 0.5578728318
, 0.5550534725
, 0.5521464944
, 0.5491523147
, 0.5460714102
, 0.5429042578
, 0.5396487117
, 0.5363105536
, 0.5328558683
, 0.5293775797
, 0.5257868767
, 0.5221195221
, 0.5183635354
, 0.5145257115
, 0.5106065869
, 0.5066068769
, 0.5025271177
, 0.4983680546
, 0.4941267967
, 0.4898109138
, 0.4854066670
, 0.4809478223
, 0.4764057100
, 0.4717847109
, 0.4669941068
, 0.4621666074
, 0.4573552310
, 0.4524428546
, 0.4474637508
, 0.4423927963
, 0.4372774363
, 0.4320582747
, 0.4267878532
, 0.4214864075
, 0.4160643518
, 0.4106408656
, 0.4050968289
, 0.3995648921
, 0.3939656913
, 0.3882479668
, 0.3823957145
, 0.3766247630
, 0.3707258105
, 0.3647731543
, 0.3587581217
, 0.3526864052
, 0.3465590179
, 0.3403718770
, 0.3341410458
, 0.3278523982
, 0.3215120137
, 0.3151208460
, 0.3086746633
, 0.3021902144
, 0.2956528366
, 0.2890687287
, 0.2823611498
, 0.2757532299
, 0.2690352798
, 0.2622809410
, 0.2554218769
, 0.2486369759
, 0.2417555451
, 0.2348415703
, 0.2278792709
, 0.2208866030
, 0.2138527185
, 0.2067977488
, 0.1997037679
, 0.1925782561
, 0.1854158789
, 0.1782371402
, 0.1709385514
, 0.1637769192
, 0.1565048993
, 0.1492263079
, 0.1419118047
, 0.1345682889
, 0.1272167414
, 0.1198444739
, 0.1124413311
, 0.1050264090
, 0.0975949019
, 0.0901479796
, 0.0826868266
, 0.0752126127
, 0.0677265227
, 0.0602297336
, 0.0525657423
, 0.0449629650
, 0.0374786556
, 0.0299884826
, 0.0224498212
, 0.0148948422
, 0.0073752324
, -0.0001900602
, -0.0077484199
, -0.0152363135
, -0.0227843747
, -0.0302790739
, -0.0378067009
, -0.0452651456
, -0.0526978821
, -0.0601982549
, -0.0677767023
, -0.0763106346
, -0.0826682523
, -0.0901294425
, -0.0975950137
, -0.1050324142
, -0.1124414429
, -0.1198074967
, -0.1271858215
, -0.1345440745
, -0.1418935806
, -0.1491956562
, -0.1564991325
, -0.1638074666
, -0.1709991992
, -0.1782069355
, -0.1855062693
, -0.1936563104
, -0.1996739358
, -0.2067680359
, -0.2138295025
, -0.2208571881
, -0.2278619260
, -0.2348123491
, -0.2417320609
, -0.2486081719
, -0.2554505169
, -0.2622524798
, -0.2690130770
, -0.2757311463
, -0.2824057043
, -0.2890356779
, -0.2957130969
, -0.3031621277
, -0.3086526692
, -0.3150887191
, -0.3214801550
, -0.3278208077
, -0.3341096938
, -0.3403458297
, -0.3465282321
, -0.3526558876
, -0.3587326705
, -0.3647479415
, -0.3707056344
, -0.3766001165
, -0.3824444711
, -0.3882237673
, -0.3940089047
, -0.4004275799
, -0.4051857591
, -0.4107145071
, -0.4161876738
, -0.4215808213
, -0.4269123375
, -0.4322162271
, -0.4373811781
, -0.4424991608
, -0.4475561082
, -0.4525384307
, -0.4574533105
, -0.4622959197
, -0.4670692980
, -0.4717651010
, -0.4764671028
, -0.4810763597
, -0.4855178297
, -0.4898875356
, -0.4941948652
, -0.4984385073
, -0.5025790334
, -0.5067017674
, -0.5106964707
, -0.5146071315
, -0.5184398890
, -0.5221692920
, -0.5258417726
, -0.5294222832
, -0.5329314470
, -0.5363785028
, -0.5396985412
, -0.5429527760
, -0.5462836027
, -0.5491777658
, -0.5522010326
, -0.5550414324
, -0.5578611493
, -0.5606019497
, -0.5632402897
, -0.5657900572
, -0.5682529211
, -0.5706574321
, -0.5729225278
, -0.5751094222
, -0.5772131085
, -0.5792620182
, -0.5811796784
, -0.5829834938
, -0.5847190022
, -0.5863581300
, -0.5879193544
, -0.5893734694
, -0.5907363296
, -0.5920258760
, -0.5931949019
, -0.5942760110
, -0.5952671766
, -0.5961646438
, -0.5969687104
, -0.5976790190
, -0.5982943773
, -0.5988152027
, -0.5992463231
, -0.5995731950
, -0.5998109579
, -0.5999523997
, -0.6000000238
, -0.5999528170
, -0.5998109579
, -0.5995743871
, -0.5992428064
, -0.5988168716
, -0.5982962847
, -0.5976812840
, -0.5969712138
, -0.5961682200
, -0.5952704549
, -0.5942786336
, -0.5931786895
, -0.5919817686
, -0.5907385945
, -0.5893747807
, -0.5879167914
, -0.5863636136
, -0.5846692324
, -0.5829371214
, -0.5810979009
, -0.5791744590
, -0.5771647096
, -0.5750625730
, -0.5728792548
, -0.5705811977
, -0.5682142377
, -0.5657205582
, -0.5630350709
, -0.5605476499
, -0.5578309298
, -0.5550485849
, -0.5521464944
, -0.5491498709
, -0.5460689068
, -0.5429042578
, -0.5396513939
, -0.5363106132
, -0.5328878164
, -0.5293835998
, -0.5257930756
, -0.5221166015
, -0.5183635354
, -0.5145257115
, -0.5105566978
, -0.5066036582
, -0.5025200844
, -0.4983647168
, -0.4941268563
, -0.4898144603
, -0.4854177833
, -0.4809514582
, -0.4764057100
, -0.4717847109
, -0.4670892358
, -0.4623199701
, -0.4574777186
, -0.4525592923
, -0.4475732744
, -0.4425206184
, -0.4373337626
, -0.4321943521
, -0.4269213974
, -0.4216034114
, -0.4162055850
, -0.4107420146
, -0.4052135944
, -0.3996211886
, -0.3939611614
, -0.3882479668
, -0.3824689388
, -0.3766295016
, -0.3707306087
, -0.3647731543
, -0.3587533236
, -0.3526864052
, -0.3465023041
, -0.3402416110
, -0.3339625299
, -0.3276990056
, -0.3213464618
, -0.3149596751
, -0.3085660338
, -0.3020482659
, -0.2955208719
, -0.2888969183
, -0.2822607458
, -0.2756520808
, -0.2689112425
, -0.2621785998
, -0.2554559112
, -0.2486425191
, -0.2414256185
, -0.2348360568
, -0.2278729975
, -0.2208922803
, -0.2138647586
, -0.2067978531
, -0.1997038722
, -0.1925840378
, -0.1854045093
, -0.1781038791
, -0.1708966494
, -0.1636434346
, -0.1563949436
, -0.1491285712
, -0.1418810636
, -0.1345682889
, -0.1267223358
, -0.1198318526
, -0.1113102362
, -0.1050324142
, -0.0976009145
, -0.0901540071
, -0.0826928616
, -0.0752058774
, -0.0677266344
, -0.0602229796
, -0.0527235530
, -0.0452148989
, -0.0376931429
, -0.0301654357
, -0.0226329640
, -0.0150969196
, -0.0070396597
, -0.0000128854
, 0.0086403079
, 0.0150651755
, 0.0226012338
, 0.0301277470
, 0.0376683399
, 0.0452089310
, 0.0527483076
, 0.0602170303
, 0.0676950812
, 0.0751812235
, 0.0826682523
, 0.0901226178
, 0.0975695848
, 0.1050079465
