time=[0.0000000000
, 0.9975000024
, 1.9966000319
, 2.9965999126
, 3.9965999126
, 4.9966001511
, 5.9966001511
, 6.9949002266
, 7.9958000183
, 8.9966001511
, 9.9924001694
, 10.9948997498
, 11.9948997498
, 13.1333999634
, 14.0008001328
, 15.0017004013
, 16.0032997131
, 16.9923992157
, 17.9848995209
, 18.9848995209
, 19.9848995209
, 20.9848995209
, 21.9848995209
, 22.9857006073
, 23.9857006073
, 24.9848995209
, 25.9848995209
, 26.9848995209
, 27.9848995209
, 29.1324996948
, 29.9857006073
, 30.9866008759
, 31.9848995209
, 32.9856987000
, 33.9856987000
, 34.9849014282
, 35.9849014282
, 36.9849014282
, 37.9849014282
, 38.9849014282
, 39.9849014282
, 40.9849014282
, 42.0209999084
, 42.9856987000
, 43.9874000549
, 45.0814018250
, 46.0150985718
, 47.0125999451
, 48.0099983215
, 49.0116996765
, 50.0116996765
, 51.0059013367
, 52.0083999634
, 53.0050010681
, 54.0099983215
, 55.0066986084
, 56.0125999451
, 57.0116996765
, 58.0041999817
, 59.0000000000
, 59.9849014282
, 61.1333999634
, 61.9882011414
, 63.1400985718
, 63.9865989685
, 64.9857025146
, 65.9866027832
, 66.9857025146
, 67.9916000366
, 68.9849014282
, 69.9849014282
, 70.9849014282
, 71.9857025146
, 72.9857025146
, 73.9849014282
, 74.9849014282
, 75.9849014282
, 77.1484985352
, 77.9924011230
, 79.1735992432
, 79.9866027832
, 80.9857025146
, 81.9866027832
, 82.9866027832
, 83.9873962402
, 84.9849014282
, 85.9857025146
, 86.9849014282
, 87.9849014282
, 88.9849014282
, 89.9849014282
, 90.9857025146
, 91.9982986450
, 93.2046966553
, 93.9881973267
, 95.1383972168
, 95.9857025146
, 96.9849014282
, 97.9849014282
, 98.9849014282
, 99.9849014282
, 100.9849014282
, 101.9857025146
, 102.9857025146
, 103.9857025146
, 104.9849014282
, 105.9849014282
, 106.9849014282
, 107.9924011230
, 109.1568984985
, 110.0074996948
, 111.0117034912
, 112.0117034912
, 113.0126037598
, 114.0133972168
, 115.0109024048
, 116.0074996948
, 117.0033035278
, 118.0083999634
, 119.0074996948
, 120.0100021362
, 121.0126037598
, 122.0049972534
, 122.9957962036
, 123.9881973267
, 125.2105026245
, 125.9890975952
, 126.9881973267
, 127.9916000366
, 128.9882049561
, 129.9882049561
, 130.9882049561
, 131.9882049561
, 132.9882049561
, 133.9891052246
, 134.9873962402
, 135.9882049561
, 136.9898986816
, 137.9891052246
, 138.9882049561
, 139.9873962402
, 141.2339935303
, 141.9907989502
, 142.9891052246
, 143.9933013916
, 144.9882049561
, 145.9882049561
, 146.9873962402
, 147.9882049561
, 148.9882049561
, 149.9882049561
, 150.9873962402
, 151.9873962402
, 152.9891052246
, 153.9907989502
, 154.9891052246
, 155.9882049561
, 157.2440948486
, 158.0025024414
, 158.9933013916
, 159.9882049561
, 160.9873962402
, 161.9873962402
, 162.9891052246
, 163.9907989502
, 164.9873962402
, 165.9873962402
, 166.9866027832
, 167.9873962402
, 168.9873962402
, 169.9873962402
, 170.9873962402
, 171.9891052246
, 173.2339935303
, 174.0460968018
, 175.0133972168
, 176.0092010498
, 177.0158996582
, 178.0133972168
, 179.0092010498
, 180.0092010498
, 181.0032958984
, 182.0092010498
, 183.0059051514
, 184.0167999268
, 185.0151062012
, 186.0032958984
, 186.9965972900
, 187.9873962402
, 189.2525024414
, 190.0260009766
, 190.9924011230
, 191.9882049561
, 192.9882049561
, 193.9898986816
, 194.9940948486
, 195.9882049561
, 196.9873962402
, 197.9873962402
, 198.9873962402
, 199.9873962402
, 200.9873962402
, 201.9882049561
, 202.9891052246
, 203.9882049561
, 205.2826995850
, 206.0428009033
, 206.9965972900
, 207.9882049561
, 208.9873962402
, 209.9873962402
, 210.9873962402
, 211.9873962402
, 212.9882049561
, 213.9898986816
, 214.9882049561
, 215.9873962402
, 216.9873962402
, 217.9873962402
, 218.9873962402
, 219.9873962402
, 221.3094940186
, 222.0536956787
, 222.9924011230
, 223.9891052246
, 224.9882049561
, 225.9873962402
, 226.9958038330
, 227.9882049561
, 228.9873962402
, 229.9873962402
, 230.9873962402
, 231.9873962402
, 232.9891052246
, 233.9882049561
, 234.9873962402
, 235.9873962402
, 237.3011932373
, 238.0897064209
, 239.0133972168
, 240.0099945068
, 241.0126037598
, 242.0126037598
, 243.0133972168
, 244.0126037598
, 245.0066986084
, 246.0084075928
, 247.0016937256
, 248.0133972168
, 249.0117034912
, 250.0041961670
, 250.9924011230
, 251.9873962402
, 253.2725982666
, 254.0814056396
, 254.9915924072
, 255.9873962402
, 257.0032958984
, 258.0025024414
, 259.0032958984
, 260.0067138672
, 261.0075073242
, 262.0025024414
, 262.9991149902
, 264.0017089844
, 264.9856872559
, 265.9856872559
, 266.9908142090
, 267.9873962402
, 269.3666076660
, 270.0972900391
, 270.9924011230
, 271.9881896973
, 272.9898986816
, 273.9881896973
, 274.9881896973
, 275.9873962402
, 276.9873962402
, 277.9881896973
, 278.9891052246
, 279.9881896973
, 280.9881896973
, 281.9881896973
, 282.9881896973
, 283.9881896973
, 285.3388977051
, 286.1040039063
, 286.9881896973
, 288.0017089844
, 289.0025024414
, 289.9856872559
, 290.9866027832
, 291.9991149902
, 292.9941101074
, 293.9873962402
, 294.9873962402
, 295.9856872559
, 297.0000000000
, 297.9856872559
, 298.9916076660
, 299.9908142090
, 302.1845092773
, 302.2265014648
, 303.2214965820
, 304.1762084961
, 305.0075073242
, 306.0017089844
, 306.9916076660
, 307.9891052246
, 308.9941101074
, 309.9982910156
, 311.0151062012
, 312.0116882324
, 313.0151062012
, 314.0133972168
, 315.0141906738
, 316.0108947754
, 317.4588928223
, 318.1542968750
, 319.0158996582
, 320.0083923340
, 321.0083923340
, 322.0067138672
, 322.9991149902
, 323.9898986816
, 324.9856872559
, 325.9848937988
, 326.9866027832
, 328.1459960938
, 328.9856872559
, 329.9848937988
, 330.9866027832
, 332.5663146973
, 338.7835083008
, 338.8297119141
, 338.9898986816
, 346.4353942871
, 346.4908142090
, 346.9966125488
, 347.9957885742
, 348.9848937988
, 349.9898986816
, 351.1391906738
, 351.9891052246
, 352.9866027832
, 353.9856872559
, 354.9866027832
, 355.9848937988
, 356.9866027832
, 357.9848937988
, 358.9941101074
, 359.9856872559
, 360.9866027832
, 361.9856872559
, 362.9856872559
, 363.9856872559
, 364.9856872559
, 366.0067138672
, 367.0126037598
, 368.0116882324
, 369.0133972168
, 370.0158996582
, 371.0083923340
, 372.0151062012
, 373.0091857910
, 374.0108947754
, 375.0058898926
, 376.0108947754
, 377.0067138672
, 378.0042114258
, 378.9966125488
, 379.9848937988
, 380.9891052246
, 381.9966125488
, 383.1250000000
, 383.9856872559
, 385.0361022949
, 385.9848937988
, 386.9856872559
, 387.9848937988
, 388.9866027832
, 389.9891052246
, 390.9873962402
, 391.9873962402
, 392.9873962402
, 393.9881896973
, 394.9873962402
, 395.9873962402
, 396.9866027832
, 397.9974975586
, 398.9924011230
, 399.9873962402
, 400.9873962402
, 401.9873962402
, 402.9891052246
, 403.9891052246
, 404.9873962402
, 405.9873962402
, 406.9873962402
, 407.9898986816
, 408.9873962402
, 409.9873962402
, 411.0000000000
, 411.9891052246
, 412.9898986816
, 413.9974975586
, 414.9949035645
, 415.9881896973
, 416.9873962402
, 417.9873962402
, 418.9873962402
, 419.9873962402
, 420.9873962402
, 421.9873962402
, 422.9891052246
, 423.9891052246
, 424.9881896973
, 425.9873962402
, 426.9881896973
, 427.9898986816
, 428.9881896973
, 429.9982910156
, 430.9941101074
, 431.9873962402
, 432.9891052246
, 433.9881896973
, 434.9941101074
, 435.9881896973
, 436.9881896973
, 437.9881896973
, 438.9881896973
, 439.9881896973
, 440.9881896973
, 441.9873962402
, 442.9916076660
, 443.9908142090
, 444.9881896973
, 446.0108947754
, 447.0151062012
, 448.0116882324
, 449.0108947754
, 450.0083923340
, 451.0141906738
, 452.0133972168
, 453.0091857910
, 454.0151062012
, 455.0058898926
, 456.0133972168
, 457.0126037598
, 458.0067138672
, 458.9974975586
, 459.9891052246
, 460.9908142090
, 461.9982910156
, 462.9957885742
, 463.9898986816
, 464.9873962402
, 465.9873962402
, 466.9873962402
, 467.9924011230
, 468.9881896973
, 469.9881896973
, 470.9873962402
, 471.9873962402
, 472.9881896973
, 473.9891052246
, 474.9873962402
, 475.9873962402
, 476.9873962402
, 477.9974975586
, 478.9932861328
, 479.9873962402
, 480.9873962402
, 481.9891052246
, 482.9898986816
, 483.9891052246
