position=[0.0030463929
, 0.0030463929
, 0.0030463929
, 0.0030463929
, 0.0034271919
, 0.0034271919
, 0.0034271919
, 0.0034271919
, 0.0038079910
, 0.0038079910
, 0.0038079910
, 0.0038079910
, 0.0041887900
, 0.0041887900
, 0.0041887900
, 0.0045695892
, 0.0045695892
, 0.0045695892
, 0.0049503883
, 0.0049503883
, 0.0053311875
, 0.0057119867
, 0.0057119867
, 0.0060927859
, 0.0064735850
, 0.0068543837
, 0.0072351829
, 0.0076159821
, 0.0079967817
, 0.0083775800
, 0.0087583791
, 0.0091391783
, 0.0095199775
, 0.0102815758
, 0.0106623750
, 0.0110431742
, 0.0118047725
, 0.0121855717
, 0.0129471701
, 0.0133279692
, 0.0140895667
, 0.0144703658
, 0.0152319642
, 0.0159935635
, 0.0163743626
, 0.0171359591
, 0.0178975575
, 0.0182783566
, 0.0190399550
, 0.0198015533
, 0.0201823525
, 0.0209439509
, 0.0213247500
, 0.0220863484
, 0.0224671476
, 0.0232287459
, 0.0236095451
, 0.0243711434
, 0.0247519426
, 0.0251327418
, 0.0255135410
, 0.0258943401
, 0.0262751393
, 0.0266559385
, 0.0270367377
, 0.0274175350
, 0.0274175350
, 0.0277983341
, 0.0277983341
, 0.0281791333
, 0.0281791333
, 0.0281791333
, 0.0281791333
, 0.0281791333
, 0.0277983341
, 0.0277983341
, 0.0277983341
, 0.0274175350
, 0.0274175350
, 0.0270367377
, 0.0270367377
, 0.0266559385
, 0.0262751393
, 0.0258943401
, 0.0255135410
, 0.0251327418
, 0.0247519426
, 0.0243711434
, 0.0239903443
, 0.0236095451
, 0.0228479467
, 0.0224671476
, 0.0220863484
, 0.0213247500
, 0.0209439509
, 0.0201823525
, 0.0198015533
, 0.0194207542
, 0.0186591558
, 0.0182783566
, 0.0178975575
, 0.0171359591
, 0.0167551599
, 0.0159935635
, 0.0156127634
, 0.0152319642
, 0.0148511650
, 0.0140895667
, 0.0137087675
, 0.0133279692
, 0.0129471701
, 0.0125663709
, 0.0121855717
, 0.0118047725
, 0.0118047725
, 0.0114239734
, 0.0110431742
, 0.0110431742
, 0.0110431742
, 0.0106623750
, 0.0106623750
, 0.0106623750
, 0.0106623750
, 0.0106623750
, 0.0106623750
, 0.0110431742
, 0.0110431742
, 0.0110431742
, 0.0114239734
, 0.0114239734
, 0.0114239734
, 0.0118047725
, 0.0121855717
, 0.0121855717
, 0.0125663709
, 0.0129471701
, 0.0133279692
, 0.0133279692
, 0.0137087675
, 0.0140895667
, 0.0144703658
, 0.0148511650
, 0.0152319642
, 0.0156127634
, 0.0159935635
, 0.0163743626
, 0.0167551599
, 0.0171359591
, 0.0175167583
, 0.0178975575
, 0.0182783566
, 0.0186591558
, 0.0190399550
, 0.0194207542
, 0.0198015533
, 0.0201823525
, 0.0201823525
, 0.0205631517
, 0.0209439509
, 0.0209439509
, 0.0213247500
, 0.0213247500
, 0.0213247500
, 0.0217055492
, 0.0217055492
, 0.0217055492
, 0.0217055492
, 0.0217055492
, 0.0217055492
, 0.0213247500
, 0.0213247500
, 0.0213247500
, 0.0209439509
, 0.0209439509
, 0.0205631517
, 0.0201823525
, 0.0201823525
, 0.0198015533
, 0.0194207542
, 0.0190399550
, 0.0186591558
, 0.0182783566
, 0.0178975575
, 0.0171359591
, 0.0167551599
, 0.0163743626
, 0.0156127634
, 0.0152319642
, 0.0144703658
, 0.0137087675
, 0.0133279692
, 0.0129471701
, 0.0121855717
, 0.0114239734
, 0.0110431742
, 0.0102815758
, 0.0095199775
, 0.0087583791
, 0.0083775800
, 0.0076159821
, 0.0068543837
, 0.0060927859
, 0.0057119867
, 0.0049503883
, 0.0041887900
, 0.0034271919
, 0.0030463929
, 0.0026655938
, 0.0019039955
, 0.0015231965
, 0.0007615982
, 0.0003807991
, 0.0000000000
, -0.0003807991
, -0.0007615982
, -0.0011423973
, -0.0015231965
, -0.0019039955
, -0.0022847946
, -0.0022847946
, -0.0026655938
, -0.0026655938
, -0.0026655938
, -0.0030463929
, -0.0030463929
, -0.0030463929
, -0.0030463929
, -0.0030463929
, -0.0026655938
, -0.0026655938
, -0.0026655938
, -0.0022847946
, -0.0022847946
, -0.0019039955
, -0.0019039955
, -0.0015231965
, -0.0011423973
, -0.0007615982
, -0.0007615982
, -0.0003807991
, 0.0000000000
, 0.0000000000
, 0.0003807991
, 0.0007615982
, 0.0011423973
, 0.0015231965
, 0.0019039955
, 0.0022847946
, 0.0026655938
, 0.0026655938
, 0.0030463929
, 0.0034271919
, 0.0038079910
, 0.0041887900
, 0.0041887900
, 0.0045695892
, 0.0049503883
, 0.0049503883
, 0.0053311875
, 0.0053311875
, 0.0053311875
, 0.0053311875
, 0.0057119867
, 0.0057119867
, 0.0057119867
, 0.0057119867
, 0.0057119867
, 0.0053311875
, 0.0053311875
, 0.0053311875
, 0.0049503883
, 0.0049503883
, 0.0045695892
, 0.0045695892
, 0.0041887900
, 0.0038079910
, 0.0034271919
, 0.0034271919
, 0.0030463929
, 0.0026655938
, 0.0019039955
, 0.0015231965
, 0.0011423973
, 0.0007615982
, 0.0000000000
, -0.0007615982
, -0.0011423973
, -0.0015231965
, -0.0022847946
, -0.0026655938
, -0.0034271919
, -0.0041887900
, -0.0045695892
, -0.0053311875
, -0.0060927859
, -0.0068543837
, -0.0076159821
, -0.0079967817
, -0.0087583791
, -0.0095199775
, -0.0102815758
, -0.0118047725
, -0.0118047725
, -0.0125663709
, -0.0129471701
, -0.0137087675
, -0.0140895667
, -0.0148511650
, -0.0156127634
, -0.0159935635
, -0.0167551599
, -0.0171359591
, -0.0175167583
, -0.0182783566
, -0.0186591558
, -0.0190399550
, -0.0194207542
, -0.0198015533
, -0.0201823525
, -0.0201823525
, -0.0205631517
, -0.0205631517
, -0.0209439509
, -0.0209439509
, -0.0209439509
, -0.0209439509
, -0.0209439509
, -0.0209439509
, -0.0209439509
, -0.0209439509
, -0.0209439509
, -0.0205631517
, -0.0205631517
, -0.0190399550
, -0.0190399550
, -0.0186591558
, -0.0163743626
, -0.0163743626
, -0.0159935635
, -0.0156127634
, -0.0152319642
, -0.0148511650
, -0.0144703658
, -0.0140895667
, -0.0137087675
, -0.0133279692
, -0.0133279692
, -0.0129471701
, -0.0125663709
, -0.0125663709
, -0.0121855717
, -0.0121855717
, -0.0118047725
, -0.0118047725
, -0.0118047725
, -0.0114239734
, -0.0114239734
, -0.0114239734
, -0.0114239734
, -0.0118047725
, -0.0118047725
, -0.0118047725
, -0.0121855717
, -0.0121855717
, -0.0125663709
, -0.0125663709
, -0.0129471701
, -0.0133279692
, -0.0133279692
, -0.0137087675
, -0.0140895667
, -0.0144703658
, -0.0148511650
, -0.0156127634
, -0.0159935635
, -0.0163743626
, -0.0171359591
, -0.0175167583
, -0.0178975575
, -0.0186591558
, -0.0190399550
, -0.0198015533
, -0.0205631517
, -0.0209439509
, -0.0217055492
, -0.0224671476
, -0.0232287459
, -0.0236095451
, -0.0243711434
, -0.0251327418
, -0.0258943401
, -0.0266559385
, -0.0270367377
, -0.0277983341
, -0.0285599325
, -0.0293215308
, -0.0297023300
, -0.0304639284
, -0.0308447275
, -0.0316063277
, -0.0319871269
, -0.0327487253
, -0.0331295207
, -0.0335103199
, -0.0342719182
, -0.0346527174
, -0.0350335166
, -0.0354143158
, -0.0354143158
, -0.0357951149
, -0.0361759141
, -0.0361759141
, -0.0365567133
, -0.0365567133
, -0.0365567133
, -0.0369375125
, -0.0369375125
, -0.0369375125
, -0.0369375125
, -0.0365567133
, -0.0365567133
, -0.0365567133
, -0.0361759141
, -0.0361759141
, -0.0357951149
, -0.0357951149
, -0.0354143158
, -0.0350335166
, -0.0350335166
, -0.0346527174
, -0.0342719182
, -0.0338911191
, -0.0338911191
, -0.0335103199
, -0.0331295207
, -0.0327487253
, -0.0323679261
, -0.0319871269
, -0.0316063277
, -0.0312255267
, -0.0308447275
, -0.0308447275
, -0.0304639284
, -0.0300831292
, -0.0297023300
, -0.0293215308
, -0.0293215308
, -0.0289407317
, -0.0289407317
, -0.0285599325
, -0.0285599325
, -0.0281791333
, -0.0281791333
, -0.0281791333
, -0.0281791333
, -0.0281791333
, -0.0281791333
, -0.0281791333
, -0.0281791333
, -0.0281791333
, -0.0281791333
, -0.0285599325
, -0.0285599325
, -0.0289407317
, -0.0289407317
, -0.0293215308
, -0.0297023300
, -0.0300831292
, -0.0304639284
, -0.0308447275
, -0.0312255267
, -0.0316063277
, -0.0319871269
, -0.0323679261
, -0.0327487253
, -0.0335103199
, -0.0338911191
, -0.0346527174
, -0.0350335166
, -0.0357951149
, -0.0361759141
, -0.0369375125
, -0.0376991108
, -0.0384607092
, -0.0388415083
, -0.0396031067
, -0.0403647050
, -0.0411263034
, -0.0418879017
, -0.0422687009
, -0.0430302992
, -0.0437918976
, -0.0445534959
, -0.0453150943
, -0.0460766926
, -0.0464574918
, -0.0472190902
, -0.0479806885
, -0.0483614877
, -0.0491230860
, -0.0498846844
, -0.0502654836
, -0.0506462827
, -0.0514078811
, -0.0517886803
, -0.0521694794
, -0.0525502786
, -0.0529310778
, -0.0533118770
, -0.0536926761
, -0.0540734753
, -0.0540734753
, -0.0544542745
, -0.0544542745
, -0.0548350699
