velocity=[0.0000000000
, 0.0000000000
, 0.0000000000
, 0.0000000000
, 0.3807989359
, 0.0000000000
, 0.0000000000
, 0.0000000000
, 0.3804568350
, 0.0000000000
, 0.0000000000
, 0.0000000000
, 0.3807989359
, 0.0000000000
, 0.0000000000
, 0.3804566562
, 0.0000000000
, 0.0000000000
, 0.3836766183
, 0.0000000000
, 0.3807991743
, 0.3807991743
, 0.0000000000
, 0.3804943562
, 0.3807991743
, 0.3811039925
, 0.3807991743
, 0.3807991743
, 0.3807996511
, 0.3318213522
, 0.4463182986
, 0.3804566562
, 0.3814481497
, 0.7609902024
, 0.3807991743
, 0.3811030090
, 0.7615983486
, 0.3807991743
, 0.7615983486
, 0.3807991743
, 0.7615973949
, 0.3807991743
, 0.7350636721
, 0.7894684672
, 0.3801524043
, 0.6961565614
, 0.8156806231
, 0.3817530274
, 0.7635849118
, 0.7603048086
, 0.3807991743
, 0.7660400867
, 0.3798500597
, 0.7641957402
, 0.3789056838
, 0.7641197443
, 0.3785651326
, 0.7622846365
, 0.3836766183
, 0.3824052811
, 0.3866368532
, 0.3315626085
, 0.4454827309
, 0.3305842578
, 0.4498511553
, 0.3811389804
, 0.0000000000
, 0.3811423182
, 0.0000000000
, 0.3833672106
, 0.0000000000
, 0.0000000000
, 0.0000000000
, 0.0000000000
, -0.3811044693
, 0.0000000000
, 0.0000000000
, -0.3272603452
, 0.0000000000
, -0.3223822415
, 0.0000000000
, -0.3811423182
, -0.3804566562
, -0.3807991743
, -0.3804972768
, -0.3817515671
, -0.3804943562
, -0.3811044693
, -0.3807991743
, -0.3807991743
, -0.7615983486
, -0.3804943562
, -0.3760622442
, -0.6312994361
, -0.4860227704
, -0.6621443629
, -0.4494238198
, -0.3811044693
, -0.7615983486
, -0.3807991743
, -0.3807991743
, -0.7615983486
, -0.3804943562
, -0.7615965009
, -0.3808000982
, -0.3811044693
, -0.3807991743
, -0.7615983486
, -0.3779645562
, -0.3270065188
, -0.4476823807
, -0.3792050779
, -0.3807991743
, -0.3804566562
, 0.0000000000
, -0.3817515671
, -0.3820993602
, 0.0000000000
, 0.0000000000
, -0.3811423182
, 0.0000000000
, 0.0000000000
, 0.0000000000
, 0.0000000000
, 0.0000000000
, 0.3115417957
, 0.0000000000
, 0.0000000000
, 0.3795078099
, 0.0000000000
, 0.0000000000
, 0.3807991743
, 0.3807991743
, 0.0000000000
, 0.3804566562
, 0.3814510703
, 0.3804914653
, 0.0000000000
, 0.3811006248
, 0.3811423182
, 0.3811073899
, 0.3054708838
, 0.5031665564
, 0.3814452291
, 0.3792088926
, 0.3827498257
, 0.3807973266
, 0.3811073899
, 0.3804914653
, 0.3807991743
, 0.3807991743
, 0.3811073899
, 0.3807991743
, 0.3801495135
, 0.3801552951
, 0.3814452291
, 0.0000000000
, 0.3032106459
, 0.5021035671
, 0.0000000000
, 0.3827498257
, 0.0000000000
, 0.0000000000
, 0.3801495135
, 0.0000000000
, 0.0000000000
, 0.0000000000
, 0.0000000000
, 0.0000000000
, -0.3807991743
, 0.0000000000
, 0.0000000000
, -0.3801495135
, 0.0000000000
, -0.4689048529
, -0.3936720788
, 0.0000000000
, -0.3782653213
, -0.3817544878
, -0.3824037910
, -0.3807991743
, -0.3830612004
, -0.3785637021
, -0.7641168237
, -0.3766951561
, -0.3814433813
, -0.7707015276
, -0.3833672106
, -0.7686709166
, -0.6020035148
, -0.4923063517
, -0.3940388262
, -0.7648075819
, -0.7615983486
, -0.3801552951
, -0.7584159374
, -0.7661106586
, -0.7622147799
, -0.3807991743
, -0.7615978718
, -0.7615983486
, -0.7615978718
, -0.3804914653
, -0.7609133124
, -0.7622846365
, -0.5883362293
, -0.5009844303
, -0.3992457688
, -0.7680439353
, -0.3811072707
, -0.7615982294
, -0.3807991147
, -0.3807991147
, -0.3804914057
, -0.3801552355
, -0.3814451098
, -0.3811073899
, -0.3807990551
, -0.3807990551
, 0.0000000000
, -0.3807991743
, 0.0000000000
, 0.0000000000
, -0.4056641757
, 0.0000000000
, 0.0000000000
, 0.0000000000
, 0.0000000000
, 0.3837149739
, 0.0000000000
, 0.0000000000
, 0.3807991743
, 0.0000000000
, 0.3801493943
, 0.0000000000
, 0.3811072707
, 0.3807991743
, 0.2898461819
, 0.0000000000
, 0.4122582078
, 0.3820993006
, 0.0000000000
, 0.3807991147
, 0.3804972172
, 0.3811014593
, 0.3830612004
, 0.3801493943
, 0.3833729625
, 0.3763940632
, 0.0000000000
, 0.3836795688
, 0.3853440881
, 0.3827146292
, 0.2962950170
, 0.0000000000
, 0.4183747768
, 0.3824037910
, 0.0000000000
, 0.3811015487
, 0.0000000000
, 0.0000000000
, 0.0000000000
, 0.3827146292
, 0.0000000000
, 0.0000000000
, 0.0000000000
, 0.0000000000
, -0.3788568079
, 0.0000000000
, 0.0000000000
, -0.5211555362
, 0.0000000000
, -0.3824096620
, 0.0000000000
, -0.3814510703
, -0.3807989359
, -0.3811015487
, 0.0000000000
, -0.3804970384
, -0.3804508746
, -0.7622961402
, -0.3807990551
, -0.3807991743
, -0.3807990551
, -0.7615982294
, -0.5638511181
, -0.4977074564
, -0.4306777716
, -0.7514392138
, -0.3804972768
, -0.7746235728
, -0.7609015107
, -0.3760934174
, -0.7654292583
, -0.7667461634
, -0.7615978718
, -0.7629021406
, -0.3754262626
, -0.7726562619
, -0.7571159005
, -0.7622030973
, -0.6943520904
, 0.0000000000
, -0.7654292583
, -0.3988628983
, -0.9161536098
, -0.3830200434
, -0.7693700194
, -0.7635089755
, -0.3789037466
, -0.7584255934
, -0.3745018542
, -0.3821052015
, -0.7590041161
, -0.3814510703
, -0.3804972768
, -0.3820584118
, -0.2629832029
, -0.5475941300
, 0.0000000000
, -0.3836795688
, 0.0000000000
, -0.3814394176
, 0.0000000000
, 0.0000000000
, 0.0000000000
, 0.0000000000
, 0.0000000000
, 0.0000000000
, 0.0000000000
, 0.0000000000
, 0.3801495135
, 0.0000000000
, 0.2449974716
, 0.0000000000
, 2.3772199154
, 0.3068691790
, 0.0000000000
, 0.7528675795
, 0.3811141253
, 0.3849935830
, 0.3789028227
, 0.3313336968
, 0.4480440617
, 0.3817544878
, 0.3811472058
, 0.0000000000
, 0.3814510703
, 0.3801495135
, 0.0000000000
, 0.3773216605
, 0.0000000000
, 0.3804508746
, 0.0000000000
, 0.0000000000
, 0.3807991743
, 0.0000000000
, 0.0000000000
, 0.0000000000
, -0.3811481297
, 0.0000000000
, 0.0000000000
, -0.3836795688
, 0.0000000000
, -0.3830671012
, 0.0000000000
, -0.3827146292
, -0.3789028227
, 0.0000000000
, -0.3817535639
, -0.3837149739
, -0.3853145838
, -0.3792021871
, -0.7559233904
, -0.3374728262
, -0.4424361587
, -0.7250434160
, -0.4013518095
, -0.3804972768
, -0.7622030973
, -0.3801495135
, -0.7596972585
, -0.7629021406
, -0.3807991743
, -0.7615983486
, -0.7609945536
, -0.7622030973
, -0.3807991743
, -0.7622030973
, -0.7533903122
, -0.7654996514
, -0.7654292583
, -0.3807991743
, -0.7615965009
, -0.7602990270
, -0.7615983486
, -0.3814510703
, -0.7615983486
, -0.3807991743
, -0.7596991062
, -0.3817544878
, -0.7615983486
, -0.3760557473
, -0.3849935830
, -0.7609945536
, -0.3779273629
, -0.3817895353
, -0.3833730817
, 0.0000000000
, -0.3807991743
, -0.3807991743
, 0.0000000000
, -0.3807991743
, 0.0000000000
, 0.0000000000
, -0.3807991743
, 0.0000000000
, 0.0000000000
, 0.0000000000
, 0.3801495135
, 0.0000000000
, 0.0000000000
, 0.3823979497
, 0.0000000000
, 0.3801495135
, 0.0000000000
, 0.3785579503
, 0.3830671012
, 0.0000000000
, 0.3807991743
, 0.3807991743
, 0.3807991743
, 0.0000000000
, 0.3811015487
, 0.3792021871
, 0.3810978234
, 0.3818012178
, 0.3723450601
, 0.3792021871
, 0.3821070790
, 0.3811015487
, 0.0000000000
, 0.3786039054
, 0.3811015487
, 0.3824096620
, 0.3785579503
, 0.0000000000
, 0.3779616952
, 0.0000000000
, 0.3830553293
, 0.0000000000
, 0.3840220273
, 0.0000000000
, 0.0000000000
, 0.0000000000
, 0.0000000000
, 0.0000000000
, 0.0000000000
, 0.0000000000
, 0.0000000000
, 0.0000000000
, -0.3807991743
, 0.0000000000
, -0.3807991743
, 0.0000000000
, -0.3804508746
, -0.3814510703
, -0.3807991743
, -0.3807991743
, -0.3769910634
, -0.3824096620
, -0.3830572069
, -0.3807991743
, -0.3801495135
, -0.3804972768
, -0.7621994019
, -0.3814510703
, -0.7615983486
, -0.3807991743
, -0.7565191984
, -0.3833730817
, -0.7615983486
, -0.7602990270
, -0.7629021406
, -0.3804972768
, -0.7558547258
, -0.7667226195
, -0.7596972585
, -0.7642104030
, -0.3811015487
, -0.7615983486
, -0.7622030973
, -0.7609945536
, -0.7615983486
, -0.7590041161
, -0.3814510703
, -0.7629021406
, -0.7615983486
, -0.3807991743
, -0.7609945536
, -0.7622030973
, -0.3717681766
, -0.3807991743
, -0.7634856105
, -0.3820584118
, -0.3824096620
, -0.3782595992
, -0.3821052015
, -0.3779388070
, -0.3814277351
, -0.3824096620
, 0.0000000000
, -0.3821052015
, 0.0000000000
, -0.3836758137
, 0.0000000000
, 0.0000000000
