torque=[-0.2500000000
, -0.2124197483
, -0.1749272197
, -0.1376971304
, -0.1009102240
, -0.0647117049
, -0.0292444434
, 0.0052936026
, 0.0389134437
, 0.0713878497
, 0.1024393216
, 0.1323062181
, 0.1605880857
, 0.1908084005
, 0.2123271674
, 0.2354478687
, 0.2566634119
, 0.2756459117
, 0.2926535904
, 0.3076560795
, 0.3204577267
, 0.3310080767
, 0.3392654061
, 0.3452010155
, 0.3487819433
, 0.3499997258
, 0.3488515019
, 0.3453398943
, 0.3394787610
, 0.3298875391
, 0.3208002746
, 0.3080516458
, 0.2931383848
, 0.2760435343
, 0.2568854392
, 0.2357445508
, 0.2126705647
, 0.1877706200
, 0.1611430049
, 0.1328928024
, 0.1031314880
, 0.0719765276
, 0.0383582003
, 0.0059553059
, -0.0286836866
, -0.0675107986
, -0.1013374552
, -0.1380378455
, -0.1751740277
, -0.2127659023
, -0.2504410744
, -0.2878963351
, -0.3255141079
, -0.3626139760
, -0.3995789886
, -0.4356503487
, -0.4713163078
, -0.5058665872
, -0.5391909480
, -0.5714960694
, -0.6022105217
, -0.6363158822
, -0.6604039073
, -0.6909796596
, -0.7119857669
, -0.7350931764
, -0.7563259602
, -0.7755241394
, -0.7927613258
, -0.8076561093
, -0.8204577565
, -0.8310080767
, -0.8392711282
, -0.8452010155
, -0.8487800360
, -0.8499997258
, -0.8488515019
, -0.8445412517
, -0.8394259810
, -0.8294878006
, -0.8207897544
, -0.8080641031
, -0.7931110859
, -0.7760271430
, -0.7568511963
, -0.7357445359
, -0.7126513124
, -0.6877706051
, -0.6611430049
, -0.6328927875
, -0.6031314731
, -0.5719510317
, -0.5391083956
, -0.4984641969
, -0.4712883830
, -0.4304411709
, -0.3997359276
, -0.3629878461
, -0.3257646263
, -0.2882423699
, -0.2505691946
, -0.2128937840
, -0.1753348410
, -0.1381007135
, -0.1013081968
, -0.0651312321
, -0.0296545997
, 0.0049524298
, 0.0388011336
, 0.0764745176
, 0.1028998494
, 0.1327942461
, 0.1610497832
, 0.1877063066
, 0.2126297206
, 0.2356516719
, 0.2567481995
, 0.2758440077
, 0.2930309772
, 0.3079698980
, 0.3207503259
, 0.3312678933
, 0.3394076228
, 0.3452489376
, 0.3487879336
, 0.3499475121
, 0.3488416970
, 0.3453244269
, 0.3394316137
, 0.3312603235
, 0.3207711577
, 0.3080294430
, 0.2930853963
, 0.2759980857
, 0.2568167150
, 0.2356893271
, 0.2125912607
, 0.1876417696
, 0.1610275656
, 0.1327969134
, 0.1030554473
, 0.0640134886
, 0.0393561237
, 0.0058391485
, -0.0288904905
, -0.0641669556
, -0.1003554165
, -0.1371045113
, -0.1743589193
, -0.2118819207
, -0.2495553344
, -0.2872000933
, -0.3247285187
, -0.3620253205
, -0.3988779187
, -0.4350195229
, -0.4704612195
, -0.5137635469
, -0.5391348600
, -0.5712828040
, -0.6023113132
, -0.6320881844
, -0.6603817940
, -0.6870999336
, -0.7120867372
, -0.7351307869
, -0.7563419938
, -0.7755405307
, -0.7926937342
, -0.8076907992
, -0.8204869032
, -0.8310315609
, -0.8392952681
, -0.8463100791
, -0.8489226699
, -0.8499997854
, -0.8487941623
, -0.8451933861
, -0.8392775059
, -0.8310635090
, -0.8205265999
, -0.8078201413
, -0.7927484512
, -0.7756767273
, -0.7562571168
, -0.7350752354
, -0.7122287154
, -0.6874690056
, -0.6610745192
, -0.6250719428
, -0.6018776894
, -0.5717379451
, -0.5394417644
, -0.5058698654
, -0.4712287486
, -0.4356219172
, -0.3996445835
, -0.3628954887
, -0.3256713152
, -0.2881485224
, -0.2504751384
, -0.2127999067
, -0.1752412319
, -0.1379746795
, -0.1012168005
, -0.0544836782
, -0.0276258215
, 0.0053514987
, 0.0386624634
, 0.0710947961
, 0.1022866368
, 0.1320881695
, 0.1603817642
, 0.1870766580
, 0.2120651156
, 0.2351486981
, 0.2563419938
, 0.2755549252
, 0.2926937640
, 0.3076907992
, 0.3204869032
, 0.3339414597
, 0.3397482932
, 0.3452328444
, 0.3487901092
, 0.3499998450
, 0.3488456905
, 0.3452886343
, 0.3394555151
, 0.3312678933
, 0.3207805753
, 0.3080406189
, 0.2930983603
, 0.2759817541
, 0.2568348646
, 0.2356893271
, 0.2126106769
, 0.1795304865
, 0.1582564861
, 0.1320651025
, 0.1023662537
, 0.0710947961
, 0.0386357345
, 0.0050104898
, -0.0295671206
, -0.0648299903
, -0.1010930911
, -0.1376339346
, -0.1753011644
, -0.2127660364
, -0.2501581907
, -0.2873884141
, -0.3247285187
, -0.3725064993
, -0.4021844864
, -0.4351087213
, -0.4704328775
, -0.5055800080
, -0.5391348600
, -0.5716009736
, -0.6028758883
, -0.6326724291
, -0.6607969999
, -0.6873583198
, -0.7123489976
, -0.7350928187
, -0.7563074231
, -0.7756170630
, -0.7926937342
, -0.8128052354
, -0.8217566609
, -0.8310785890
, -0.8392887712
, -0.8452209830
, -0.8487879038
, -0.8499998450
, -0.8488456607
, -0.8453282118
, -0.8394556046
, -0.8312519193
, -0.8207713366
, -0.8080296516
, -0.7930856347
, -0.7759983540
, -0.7568351626
, -0.7277910709
, -0.7097988725
, -0.6876858473
, -0.6606813073
, -0.6323816776
, -0.6031075120
, -0.5719224215
, -0.5390814543
, -0.5056684613
, -0.4713164568
, -0.4358620346
, -0.3997364938
, -0.3624287844
, -0.3257352412
, -0.2879900634
, -0.2503463030
, -0.1679042876
, -0.1663363874
, -0.1293800473
, -0.0943611413
, -0.0643206537
, -0.0290653668
, 0.0051812669
, 0.0386922173
, 0.0713085756
, 0.1026190296
, 0.1328930259
, 0.1610493660
, 0.1877708286
, 0.2126297206
, 0.2357244492
, 0.2568167150
, 0.2838985920
, 0.2953473628
, 0.3080862761
, 0.3207316101
, 0.3312284946
, 0.3394197226
, 0.3452646434
, 0.3487920165
, 0.3499997556
, 0.3488515317
, 0.3453319073
, 0.3383162320
, 0.3312838376
, 0.3208096325
, 0.3080516160
, 0.2834643126
, 0.1387073994
, 0.1373788863
, 0.1327477396
, -0.1167382151
, -0.1187761202
, -0.1374457777
, -0.1746425480
, -0.2117573321
, -0.2496191859
, -0.2929098010
, -0.3247924447
, -0.3619326353
, -0.3986912370
, -0.4349297881
, -0.4703451395
, -0.5050104856
, -0.5385529995
, -0.5713085532
, -0.6022344828
, -0.6320651174
, -0.6603347659
, -0.6870116591
, -0.7119638324
, -0.7350928187
, -0.7567323446
, -0.7760127783
, -0.7930837274
, -0.8080516458
, -0.8208188415
, -0.8312284946
, -0.8394787908
, -0.8453121185
, -0.8488416672
, -0.8499999642
, -0.8487901092
, -0.8452370167
, -0.8393425941
, -0.8311816454
, -0.8208096623
, -0.8080169559
, -0.7929505706
, -0.7734975815
, -0.7568856478
, -0.7346089482
, -0.7126707435
, -0.6877503395
, -0.6611432433
, -0.6328434348
, -0.6030033231
, -0.5718971491
, -0.5394684672
, -0.5058974028
, -0.4712886512
, -0.4358620346
, -0.3996741176
, -0.3629248738
, -0.3252935410
, -0.2879602015
, -0.2504751384
, -0.2127999067
, -0.1752714813
, -0.1379746795
, -0.1011839211
, -0.0650417581
, -0.0295671206
, 0.0050375657
, 0.0387184396
, 0.0710947961
, 0.1022866368
, 0.1324543953
, 0.1604287624
, 0.1871204078
, 0.2122478038
, 0.2352972329
, 0.2563580573
, 0.2755549252
, 0.2926937640
, 0.3076907992
, 0.3204869032
, 0.3310315609
, 0.3392831385
, 0.3452171981
, 0.3487901092
, 0.3499998450
, 0.3488456905
, 0.3453244567
, 0.3394435942
, 0.3312604725
, 0.3206538260
, 0.3079476058
, 0.2930983603
, 0.2759817541
, 0.2568351924
, 0.2355406731
, 0.2125916183
, 0.1876858473
, 0.1610527188
, 0.1327973455
, 0.1030312628
, 0.0718719140
, 0.0394684896
, 0.0057538119
, -0.0288033281
, -0.0641664118
, -0.1011839211
, -0.1381306648
, -0.1752372384
, -0.2127356082
, -0.2503163815
, -0.2882082164
, -0.3257009983
, -0.3627689183
, -0.3997654617
, -0.4356213510
, -0.4713442624
, -0.5058974028
, -0.5392739773
, -0.5714164376
, -0.6023387909
, -0.6321874857
, -0.6606813073
, -0.6872724891
, -0.7120651007
, -0.7351307869
, -0.7563419938
, -0.7755549550
, -0.7927742004
, -0.8077018261
, -0.8204961419
, -0.8310315609
, -0.8392831087
, -0.8452128768
, -0.8487901092
, -0.8499997854
, -0.8488456607
, -0.8453282118
, -0.8393900394
, -0.8312128186
, -0.8207805753
, -0.8080406189
, -0.7930709720
, -0.7759673595
, -0.7568166852
, -0.7356893420
, -0.7126106620
, -0.6877062917
, -0.6608901024
, -0.6328203678
, -0.6030554175
, -0.5718427896
, -0.5394684672
, -0.5058703423
, -0.4710223377
, -0.4358007610
, -0.3995203674
, -0.3628661036
, -0.3256713152
, -0.2881485224
, -0.2505050600
, -0.2127999067
, -0.1752714813
, -0.1379113942
, -0.1011839211
, -0.0650417581
, -0.0295671206
, 0.0050375657
, 0.0386619605
, 0.0710947961
, 0.1030275375
, 0.1327938139
, 0.1609814763
, 0.1875339299
, 0.2123490125
, 0.2355967760
, 0.2566978335
, 0.2760121822
, 0.2930714786
, 0.3079590201
