StateVariable_5=[0.0000000000
, 0.0375802480
, 0.0750727728
, 0.1123028770
, 0.1490897685
, 0.1852882951
, 0.2207555622
, 0.2552936077
, 0.2889134586
, 0.3213878572
, 0.3524393141
, 0.3823062181
, 0.4105880857
, 0.4408084154
, 0.4623271823
, 0.4854478836
, 0.5066633821
, 0.5256459117
, 0.5426536202
, 0.5576560497
, 0.5704577565
, 0.5810080767
, 0.5892654061
, 0.5952010155
, 0.5987819433
, 0.5999997258
, 0.5988515019
, 0.5953398943
, 0.5894787312
, 0.5798875093
, 0.5708002448
, 0.5580516458
, 0.5431383848
, 0.5260435343
, 0.5068854690
, 0.4857445359
, 0.4626705647
, 0.4377706349
, 0.4111430049
, 0.3828927875
, 0.3531314731
, 0.3219765127
, 0.2883582115
, 0.2559553087
, 0.2213163078
, 0.1824892014
, 0.1486625522
, 0.1119621620
, 0.0748259723
, 0.0372341052
, -0.0004410674
, -0.0378963463
, -0.0755141005
, -0.1126139760
, -0.1495789886
, -0.1856503487
, -0.2213163078
, -0.2558665872
, -0.2891909480
, -0.3214960694
, -0.3522104919
, -0.3863158822
, -0.4104039073
, -0.4409796894
, -0.4619857371
, -0.4850931764
, -0.5063259602
, -0.5255241394
, -0.5427613258
, -0.5576561093
, -0.5704577565
, -0.5810080767
, -0.5892711282
, -0.5952010155
, -0.5987800360
, -0.5999997258
, -0.5988515019
, -0.5945412517
, -0.5894259810
, -0.5794878006
, -0.5707897544
, -0.5580641031
, -0.5431110859
, -0.5260271430
, -0.5068511963
, -0.4857445359
, -0.4626513422
, -0.4377706349
, -0.4111430049
, -0.3828927875
, -0.3531314731
, -0.3219510317
, -0.2891083956
, -0.2484641969
, -0.2212883681
, -0.1804411560
, -0.1497359425
, -0.1129878610
, -0.0757646188
, -0.0382423736
, -0.0005692026
, 0.0371062160
, 0.0746651590
, 0.1118992865
, 0.1486918032
, 0.1848687679
, 0.2203454077
, 0.2549524307
, 0.2888011336
, 0.3264745176
, 0.3528998494
, 0.3827942610
, 0.4110497832
, 0.4377062917
, 0.4626297355
, 0.4856516719
, 0.5067481995
, 0.5258439779
, 0.5430309772
, 0.5579699278
, 0.5707502961
, 0.5812678933
, 0.5894076228
, 0.5952489376
, 0.5987879634
, 0.5999475121
, 0.5988417268
, 0.5953243971
, 0.5894315839
, 0.5812603235
, 0.5707711577
, 0.5580294132
, 0.5430853963
, 0.5259980559
, 0.5068166852
, 0.4856893420
, 0.4625912607
, 0.4376417696
, 0.4110275805
, 0.3827969134
, 0.3530554473
, 0.3140134811
, 0.2893561125
, 0.2558391392
, 0.2211095095
, 0.1858330518
, 0.1496445835
, 0.1128954887
, 0.0756410733
, 0.0381180868
, 0.0004446626
, -0.0372000858
, -0.0747285113
, -0.1120253131
, -0.1488779336
, -0.1850195378
, -0.2204612345
, -0.2637635767
, -0.2891348600
, -0.3212828338
, -0.3523113132
, -0.3820881546
, -0.4103817642
, -0.4370999038
, -0.4620867670
, -0.4851307571
, -0.5063419938
, -0.5255405307
, -0.5426937342
, -0.5576907992
, -0.5704869032
, -0.5810315609
, -0.5892952681
, -0.5963100791
, -0.5989226699
, -0.5999997854
, -0.5987941623
, -0.5951933861
, -0.5892775059
, -0.5810635090
, -0.5705265999
, -0.5578201413
, -0.5427484512
, -0.5256767273
, -0.5062571168
, -0.4850752354
, -0.4622287452
, -0.4374689758
, -0.4110745192
, -0.3750719726
, -0.3518776596
, -0.3217379153
, -0.2894417942
, -0.2558698356
, -0.2212287486
, -0.1856219023
, -0.1496445835
, -0.1128954887
, -0.0756713226
, -0.0381485112
, -0.0004751505
, 0.0372000858
, 0.0747587606
, 0.1120253131
, 0.1487831920
, 0.1955163181
, 0.2223741710
, 0.2553514838
, 0.2886624634
, 0.3210947812
, 0.3522866368
, 0.3820881546
, 0.4103817642
, 0.4370766580
, 0.4620651007
, 0.4851486981
, 0.5063419938
, 0.5255549550
, 0.5426937342
, 0.5576907992
, 0.5704869032
, 0.5839414597
, 0.5897483230
, 0.5952328444
, 0.5987901092
, 0.5999998450
, 0.5988456607
, 0.5952886343
, 0.5894554853
, 0.5812678933
, 0.5707805753
, 0.5580406189
, 0.5430983901
, 0.5259817243
, 0.5068348646
, 0.4856893420
, 0.4626106620
, 0.4295304716
, 0.4082565010
, 0.3820650876
, 0.3523662686
, 0.3210947812
, 0.2886357307
, 0.2550104856
, 0.2204328775
, 0.1851700097
, 0.1489069164
, 0.1123660654
, 0.0746988356
, 0.0372339599
, -0.0001581918
, -0.0373884030
, -0.0747285113
, -0.1225064844
, -0.1521844715
, -0.1851087213
, -0.2204328775
, -0.2555800080
, -0.2891348600
, -0.3216009736
, -0.3528758883
, -0.3826724291
, -0.4107970297
, -0.4373583496
, -0.4623489976
, -0.4850928485
, -0.5063074231
, -0.5256170630
, -0.5426937342
, -0.5628052354
, -0.5717566609
, -0.5810785890
, -0.5892887712
, -0.5952209830
, -0.5987879038
, -0.5999998450
, -0.5988456607
, -0.5953282118
, -0.5894556046
, -0.5812519193
, -0.5707713366
, -0.5580296516
, -0.5430856347
, -0.5259983540
, -0.5068351626
, -0.4777911007
, -0.4597988427
, -0.4376858473
, -0.4106813073
, -0.3823817074
, -0.3531075418
, -0.3219223917
, -0.2890814543
, -0.2556684613
, -0.2213164419
, -0.1858620346
, -0.1497364938
, -0.1124287918
, -0.0757352337
, -0.0379900672
, -0.0003462961
, 0.0820957199
, 0.0836636126
, 0.1206199527
, 0.1556388587
, 0.1856793463
, 0.2209346294
, 0.2551812530
, 0.2886922061
, 0.3213085830
, 0.3526190221
, 0.3828930259
, 0.4110493660
, 0.4377708137
, 0.4626297355
, 0.4857244492
, 0.5068166852
, 0.5338985920
, 0.5453473926
, 0.5580862761
, 0.5707315803
, 0.5812284946
, 0.5894197226
, 0.5952646136
, 0.5987920165
, 0.5999997854
, 0.5988515019
, 0.5953319073
, 0.5883162618
, 0.5812838674
, 0.5708096623
, 0.5580516458
, 0.5334643126
, 0.3887073994
, 0.3873788714
, 0.3827477396
, 0.1332617849
, 0.1312238723
, 0.1125542298
, 0.0753574520
, 0.0382426605
, 0.0003808107
, -0.0429098159
, -0.0747924373
, -0.1119326353
, -0.1486912519
, -0.1849297881
, -0.2203451395
, -0.2550104856
, -0.2885530293
, -0.3213085830
, -0.3522344828
, -0.3820650876
, -0.4103347659
, -0.4370116293
, -0.4619638324
, -0.4850928485
, -0.5067323446
, -0.5260127783
, -0.5430837274
, -0.5580516458
, -0.5708188415
, -0.5812284946
, -0.5894787908
, -0.5953121185
, -0.5988416672
, -0.5999999642
, -0.5987901092
, -0.5952370167
, -0.5893425941
, -0.5811816454
, -0.5708096623
, -0.5580169559
, -0.5429505706
, -0.5234975815
, -0.5068856478
, -0.4846089482
, -0.4626707435
, -0.4377503693
, -0.4111432135
, -0.3828434050
, -0.3530033529
, -0.3218971491
, -0.2894684970
, -0.2558974326
, -0.2212886363
, -0.1858620346
, -0.1496741027
, -0.1129248664
, -0.0752935335
, -0.0379602127
, -0.0004751505
, 0.0372000858
, 0.0747285113
, 0.1120253131
, 0.1488160789
, 0.1849582493
, 0.2204328775
, 0.2550375760
, 0.2887184322
, 0.3210947812
, 0.3522866368
, 0.3824543953
, 0.4104287624
, 0.4371204078
, 0.4622478187
, 0.4852972329
, 0.5063580275
, 0.5255549550
, 0.5426937342
, 0.5576907992
, 0.5704869032
, 0.5810315609
, 0.5892831087
, 0.5952172279
, 0.5987901092
, 0.5999998450
, 0.5988456607
, 0.5953244567
, 0.5894435644
, 0.5812604427
, 0.5706537962
, 0.5579475760
, 0.5430983901
, 0.5259817243
, 0.5068351626
, 0.4855406880
, 0.4625916183
, 0.4376858473
, 0.4110527039
, 0.3827973604
, 0.3530312479
, 0.3218719065
, 0.2894684970
, 0.2557538152
, 0.2211966664
, 0.1858335882
, 0.1488160789
, 0.1118693352
, 0.0747627616
, 0.0372643918
, -0.0003163835
, -0.0382082164
, -0.0757009909
, -0.1127689332
, -0.1497654617
, -0.1856213659
, -0.2213442475
, -0.2558974326
, -0.2892739773
, -0.3214164078
, -0.3523387909
, -0.3821875155
, -0.4106813073
, -0.4372724891
, -0.4620651007
, -0.4851307571
, -0.5063419938
, -0.5255549550
, -0.5427742004
, -0.5577018261
, -0.5704961419
, -0.5810315609
, -0.5892831087
, -0.5952128768
, -0.5987901092
, -0.5999997854
, -0.5988456607
, -0.5953282118
, -0.5893900394
, -0.5812128186
, -0.5707805753
, -0.5580406189
, -0.5430709720
, -0.5259673595
, -0.5068166852
, -0.4856893420
, -0.4626106620
, -0.4377062917
, -0.4108901024
, -0.3828203976
, -0.3530554473
, -0.3218427896
, -0.2894684970
, -0.2558703721
, -0.2210223377
, -0.1858007759
, -0.1495203525
, -0.1128661111
, -0.0756713226
, -0.0381485112
, -0.0005050631
, 0.0372000858
, 0.0747285113
, 0.1120886058
, 0.1488160789
, 0.1849582493
, 0.2204328775
, 0.2550375760
, 0.2886619568
, 0.3210947812
, 0.3530275524
, 0.3827938139
, 0.4109814763
, 0.4375339448
, 0.4623489976
, 0.4855967760
, 0.5066978335
, 0.5260121822
, 0.5430714488
, 0.5579590201
, 0.5707319379
, 0.5811967850
, 0.5893956423
, 0.5952488780
