time=[0.0000000000
, 0.9983000159
, 1.9974999428
, 3.0067000389
, 4.1493000984
, 4.9966001511
, 5.9958000183
, 6.9974999428
, 7.9983000755
, 8.9966001511
, 9.9966001511
, 10.9958000183
, 11.9958000183
, 12.9958000183
, 13.9958000183
, 14.9958000183
, 15.9958000183
, 16.9958000183
, 17.9965991974
, 19.0083999634
, 20.1467990875
, 20.9965991974
, 21.9958000183
, 22.9965991974
, 23.9958000183
, 24.9958000183
, 26.0611991882
, 26.9958000183
, 27.9974994659
, 28.9965991974
, 29.9965991974
, 30.9958000183
, 31.9958000183
, 32.9958000183
, 33.9958000183
, 35.0066986084
, 36.1408996582
, 36.9958000183
, 37.9975013733
, 38.9966011047
, 39.9966011047
, 40.9958000183
, 41.9958000183
, 42.9958000183
, 43.9958000183
, 44.9958000183
, 45.9958000183
, 46.9958000183
, 47.9958000183
, 48.9966011047
, 49.9966011047
, 51.0209007263
, 52.0260009766
, 53.0209007263
, 54.0176010132
, 55.0125999451
, 56.0251007080
, 57.0200996399
, 58.0200996399
, 59.0218009949
, 60.0134010315
, 61.0218009949
, 62.0200996399
, 63.0141983032
, 64.0049972534
, 64.9957962036
, 65.9982986450
, 67.0066986084
, 67.9965972900
, 68.9974975586
, 69.9965972900
, 70.9957962036
, 71.9957962036
, 72.9965972900
, 73.9957962036
, 74.9957962036
, 75.9957962036
, 76.9957962036
, 77.9957962036
, 78.9957962036
, 79.9965972900
, 80.9957962036
, 81.9957962036
, 83.0066986084
, 84.0042037964
, 85.0000000000
, 86.0017013550
, 87.0167999268
, 87.9957962036
, 88.9957962036
, 89.9965972900
, 90.9957962036
, 91.9957962036
, 92.9974975586
, 93.9957962036
, 94.9957962036
, 95.9957962036
, 96.9957962036
, 97.9957962036
, 99.0066986084
, 99.9974975586
, 100.9982986450
, 101.9957962036
, 102.9957962036
, 103.9957962036
, 104.9957962036
, 105.9965972900
, 106.9957962036
, 107.9957962036
, 108.9965972900
, 109.9965972900
, 110.9965972900
, 111.9965972900
, 112.9957962036
, 113.9957962036
, 115.0184020996
, 116.0242996216
, 117.0217971802
, 118.0176010132
, 119.0133972168
, 120.0225982666
, 121.0184020996
, 122.0234985352
, 123.0225982666
, 124.0193023682
, 125.0201034546
, 126.0141983032
, 127.0150985718
, 128.0066986084
, 128.9974975586
, 129.9983062744
, 131.0066986084
, 131.9965972900
, 132.9974975586
, 133.9965972900
, 134.9965972900
, 135.9958038330
, 136.9965972900
, 137.9965972900
, 138.9965972900
, 139.9974975586
, 140.9965972900
, 141.9958038330
, 142.9965972900
, 143.9965972900
, 144.9965972900
, 145.9965972900
, 147.0075073242
, 147.9974975586
, 148.9983062744
, 149.9965972900
, 150.9965972900
, 151.9958038330
, 152.9965972900
, 153.9958038330
, 154.9958038330
, 155.9958038330
, 156.9958038330
, 157.9965972900
, 158.9965972900
, 159.9958038330
, 160.9958038330
, 161.9958038330
, 163.0066986084
, 163.9965972900
, 164.9974975586
, 165.9958038330
, 166.9958038330
, 167.9974975586
, 168.9974975586
, 169.9965972900
, 170.9958038330
, 171.9958038330
, 172.9958038330
, 173.9974975586
, 174.9958038330
, 176.0007934570
, 176.9974975586
, 177.9974975586
, 179.0099945068
, 180.1468048096
, 180.9958038330
, 181.9958038330
, 182.9958038330
, 183.9958038330
, 185.0025024414
, 185.9990997314
, 186.9958038330
, 187.9974975586
, 188.9965972900
, 189.9965972900
, 190.9958038330
, 191.9974975586
, 192.9958038330
, 193.9958038330
, 195.0193023682
, 196.0285034180
, 197.0225982666
, 198.0175933838
, 199.0167999268
, 200.0200958252
, 201.0167999268
, 202.0218048096
, 203.0243072510
, 204.0184020996
, 205.0209045410
, 206.0151062012
, 207.0133972168
, 208.0099945068
, 208.9965972900
, 209.9965972900
, 211.0075073242
, 212.1443023682
, 212.9958038330
, 214.0016937256
, 215.0016937256
, 215.9965972900
, 216.9958038330
, 217.9974975586
, 218.9965972900
, 219.9965972900
, 220.9958038330
, 221.9958038330
, 222.9958038330
, 223.9958038330
, 224.9958038330
, 225.9958038330
, 227.0084075928
, 228.1510009766
, 228.9965972900
, 229.9983062744
, 231.0007934570
, 231.9958038330
, 232.9958038330
, 233.9965972900
, 234.9958038330
, 235.9965972900
, 236.9958038330
, 237.9974975586
, 238.9974975586
, 239.9965972900
, 240.9983062744
, 241.9958038330
, 243.0092010498
, 244.1484985352
, 244.9958038330
, 245.9958038330
, 246.9958038330
, 247.9983062744
, 248.9965972900
, 250.0007934570
, 250.9965972900
, 251.9958038330
, 252.9958038330
, 253.9958038330
, 255.0016937256
, 256.0017089844
, 256.9974975586
, 257.9974975586
, 259.0184020996
, 260.0277099609
, 261.0250854492
, 262.0176086426
, 263.0141906738
, 264.0192871094
, 265.0141906738
, 266.0217895508
, 267.0242919922
, 268.0217895508
, 269.0226135254
, 270.0158996582
, 271.0158996582
, 272.0116882324
, 273.0151062012
, 274.0217895508
, 275.0158996582
, 276.0201110840
, 277.0184020996
, 278.0116882324
, 279.0192871094
, 279.9974975586
, 280.9974975586
, 281.9966125488
, 283.0083923340
, 283.9966125488
, 284.9991149902
, 286.0133972168
, 287.0025024414
, 287.9974975586
, 288.9974975586
, 290.0168151855
, 291.0133972168
, 291.9982910156
, 292.9991149902
, 293.9966125488
, 295.0007934570
, 296.0000000000
, 296.9974975586
, 298.0108947754
, 298.9991149902
, 299.9982910156
, 300.9974975586
, 301.9957885742
, 302.9957885742
, 303.9957885742
, 304.9957885742
, 305.9957885742
, 307.0091857910
, 307.9974975586
, 308.9974975586
, 309.9966125488
, 310.9957885742
, 311.9957885742
, 312.9957885742
, 313.9957885742
, 314.9957885742
, 315.9957885742
, 316.9957885742
, 317.9957885742
, 318.9957885742
, 319.9957885742
, 320.9957885742
, 321.9957885742
, 323.0158996582
, 324.0277099609
, 325.0250854492
, 326.0192871094
, 327.0151062012
, 328.0192871094
, 329.0151062012
, 330.0250854492
, 331.0242919922
, 332.0184020996
, 333.0209045410
, 334.0126037598
, 335.0176086426
, 336.0075073242
, 336.9957885742
, 337.9957885742
, 339.0083923340
, 339.9974975586
, 340.9974975586
, 341.9957885742
, 342.9957885742
, 343.9957885742
, 344.9957885742
, 345.9957885742
, 346.9957885742
, 347.9957885742
, 348.9957885742
, 349.9966125488
, 350.9966125488
, 351.9957885742
, 352.9957885742
, 353.9957885742
, 355.0075073242
, 355.9974975586
, 356.9974975586
, 357.9966125488
, 358.9966125488
, 359.9966125488
, 360.9957885742
, 361.9957885742
, 362.9957885742
, 363.9957885742
, 364.9957885742
, 365.9957885742
, 366.9957885742
, 367.9957885742
, 368.9957885742
, 369.9966125488
, 371.0091857910
, 371.9966125488
, 372.9974975586
, 373.9957885742
, 374.9957885742
, 375.9957885742
, 376.9957885742
, 377.9974975586
, 378.9966125488
, 379.9966125488
, 380.9957885742
, 381.9957885742
, 382.9957885742
, 383.9957885742
, 384.9957885742
, 385.9957885742
, 387.0133972168
, 388.0277099609
, 389.0209045410
, 390.0226135254
, 391.0176086426
, 392.0126037598
, 393.0184020996
, 394.0184020996
, 395.0168151855
, 396.0226135254
, 397.0217895508
, 398.0184020996
, 399.0141906738
, 400.0292968750
, 401.0133972168
, 402.0141906738
, 403.0250854492
, 404.0025024414
, 404.9982910156
, 405.9957885742
, 406.9982910156
, 407.9974975586
, 408.9982910156
, 409.9974975586
, 410.9966125488
, 411.9966125488
, 412.9966125488
, 413.9957885742
, 414.9957885742
, 416.0050048828
, 417.0108947754
, 418.0100097656
, 419.0151062012
, 420.1459045410
, 420.9974975586
, 421.9966125488
, 422.9966125488
, 423.9982910156
, 424.9982910156
, 425.9966125488
, 426.9966125488
, 427.9966125488
, 428.9974975586
, 429.9974975586
, 430.9974975586
, 431.9966125488
, 432.9966125488
, 433.9974975586
, 435.0141906738
, 436.1585083008
, 436.9991149902
, 437.9966125488
, 438.9982910156
, 439.9974975586
, 440.9974975586
, 441.9966125488
, 442.9966125488
, 443.9966125488
, 444.9966125488
, 445.9966125488
, 446.9966125488
, 447.9966125488
, 448.9974975586
, 449.9974975586
, 451.0116882324
, 452.0302124023
, 453.0242919922
, 454.0201110840
, 455.0158996582
, 456.0201110840
, 457.0133972168
, 458.0260009766
, 459.0242919922
, 460.0226135254
, 461.0226135254
, 462.0217895508
, 463.0209045410
, 464.0116882324
, 464.9982910156
, 465.9966125488
, 467.0401916504
, 467.9982910156
, 469.1426086426
, 470.0871887207
, 470.9966125488
, 471.9957885742
, 472.9957885742
, 473.9957885742
, 474.9957885742
