position=[0.0049503883
, 0.0053311875
, 0.0057119867
, 0.0064735850
, 0.0079967817
, 0.0091391783
, 0.0110431742
, 0.0129471701
, 0.0152319642
, 0.0178975575
, 0.0205631517
, 0.0236095451
, 0.0274175350
, 0.0308447275
, 0.0350335166
, 0.0392223075
, 0.0441726968
, 0.0487422869
, 0.0540734753
, 0.0597854592
, 0.0662590414
, 0.0715902299
, 0.0776830167
, 0.0845374018
, 0.0913917869
, 0.0986269712
, 0.1066237539
, 0.1138589308
, 0.1218557134
, 0.1302333027
, 0.1389916688
, 0.1481308490
, 0.1572700292
, 0.1667900085
, 0.1763099879
, 0.1862107664
, 0.1976347417
, 0.2063931227
, 0.2166747004
, 0.2273370624
, 0.2376186401
, 0.2482810169
, 0.2585625947
, 0.2688441575
, 0.2791257501
, 0.2890265286
, 0.2985464931
, 0.3080664873
, 0.3175864518
, 0.3263448477
, 0.3351032138
, 0.3438616097
, 0.3518583775
, 0.3594743609
, 0.3670903444
, 0.3743255138
, 0.3811798990
, 0.3876534998
, 0.3941270709
, 0.4002198577
, 0.4059318602
, 0.4116438329
, 0.4165942371
, 0.4215446115
, 0.4261142015
, 0.4306837916
, 0.4348725975
, 0.4394421577
, 0.4432501495
, 0.4474389553
, 0.4512469471
, 0.4550549388
, 0.4592437148
, 0.4630517066
, 0.4672405124
, 0.4718101025
, 0.4759988785
, 0.4809492826
, 0.4858996570
, 0.4908500612
, 0.4961812496
, 0.5022740364
, 0.5079860091
, 0.5144596100
, 0.5209332108
, 0.5277875662
, 0.5350227356
, 0.5426387191
, 0.5502547026
, 0.5582515001
, 0.5666290522
, 0.5753874779
, 0.5841458440
, 0.5932850242
, 0.6024242043
, 0.6119441986
, 0.6218449473
, 0.6317456961
, 0.6412656903
, 0.6515472531
, 0.6614480615
, 0.6713488102
, 0.6812496185
, 0.6907696128
, 0.7006703615
, 0.7101903558
, 0.7197102904
, 0.7284687161
, 0.7376078963
, 0.7463662624
, 0.7547438145
, 0.7627406120
, 0.7707374096
, 0.7779725790
, 0.7852077484
, 0.7924429178
, 0.7992973328
, 0.8057709336
, 0.8118637204
, 0.8175756931
, 0.8229068518
, 0.8282380700
, 0.8331884742
, 0.8381388187
, 0.8427084088
, 0.8472779989
, 0.8514668345
, 0.8560364246
, 0.8598443866
, 0.8640331626
, 0.8682219982
, 0.8724107742
, 0.8765995502
, 0.8811691403
, 0.8857387304
, 0.8903083205
, 0.8948779106
, 0.9002090693
, 0.9055402875
, 0.9108714461
, 0.9169642329
, 0.9230570197
, 0.9295306206
, 0.9360042214
, 0.9432393909
, 0.9504745603
, 0.9580905437
, 0.9660873413
, 0.9740841389
, 0.9824616909
, 0.9912200570
, 0.9999784827
, 1.0091176033
, 1.0186376572
, 1.0281575918
, 1.0376775265
, 1.0475783348
, 1.0570982695
, 1.0669990778
, 1.0768998861
, 1.0868006945
, 1.0967013836
, 1.1062214375
, 1.1157413721
, 1.1252614260
, 1.1344006062
, 1.1431589127
, 1.1519173384
, 1.1606756449
, 1.1686724424
, 1.1766692400
, 1.1842852831
, 1.1919012070
, 1.1987556219
, 1.2056100368
, 1.2120835781
, 1.2181763649
, 1.2242691517
, 1.2299810648
, 1.2353123426
, 1.2414051294
, 1.2455939054
, 1.2501634359
, 1.2547330856
, 1.2593026161
, 1.2634913921
, 1.2676802874
, 1.2718690634
, 1.2760578394
, 1.2806273699
, 1.2848161459
, 1.2890050411
, 1.2935745716
, 1.2981442213
, 1.3030945063
, 1.3080449104
, 1.3133761883
, 1.3190881014
, 1.3248001337
, 1.3308929205
, 1.3373664618
, 1.3438400030
, 1.3506944180
, 1.3579295874
, 1.3655456305
, 1.3731615543
, 1.3811583519
, 1.3895359039
, 1.3982943296
, 1.4070527554
, 1.4158110619
, 1.4253311157
, 1.4359934330
, 1.4439902306
, 1.4538910389
, 1.4637917280
, 1.4733117819
, 1.4832125902
, 1.4931132793
, 1.5026333332
, 1.5125340223
, 1.5220540762
, 1.5311932564
, 1.5403324366
, 1.5494716167
, 1.5582299232
, 1.5669883490
, 1.5753659010
, 1.5841243267
, 1.5905978680
, 1.5982139111
, 1.6054490805
, 1.6119226217
, 1.6187770367
, 1.6248698235
, 1.6309626102
, 1.6366745234
, 1.6420058012
, 1.6473369598
, 1.6522873640
, 1.6568568945
, 1.6618072987
, 1.6659960747
, 1.6705657244
, 1.6755161285
, 1.6789432764
, 1.6831320524
, 1.6877017021
, 1.6918904781
, 1.6960792542
, 1.7006487846
, 1.7052184343
, 1.7101688385
, 1.7151192427
, 1.7204504013
, 1.7257815599
, 1.7314935923
, 1.7375863791
, 1.7440599203
, 1.7509143353
, 1.7577686310
, 1.7650039196
, 1.7722390890
, 1.7802358866
, 1.7882325649
, 1.7966102362
, 1.8049877882
, 1.8141269684
, 1.8228853941
, 1.8324053288
, 1.8415445089
, 1.8510644436
, 1.8605844975
, 1.8704851866
, 1.8803859949
, 1.8899059296
, 1.8998067379
, 1.9093267918
, 1.9192274809
, 1.9287475348
, 1.9378867149
, 1.9470258951
, 1.9561650753
, 1.9649233818
, 1.9733009338
, 1.9816786051
, 1.9896754026
, 1.9972913265
, 2.0049073696
, 2.0121424198
, 2.0189969540
, 2.0254704952
, 2.0315632820
, 2.0376560688
, 2.0433681011
, 2.0490798950
, 2.0540304184
, 2.0589807034
, 2.0639312267
, 2.0685007572
, 2.0730702877
, 2.0776400566
, 2.0818288326
, 2.0860176086
, 2.0905871391
, 2.0947759151
, 2.0989646912
, 2.1035342216
, 2.1077229977
, 2.1126735210
, 2.1172430515
, 2.1221933365
, 2.1275246143
, 2.1332366467
, 2.1385676861
, 2.1446604729
, 2.1511342525
, 2.1576077938
, 2.1644620895
, 2.1716973782
, 2.1789324284
, 2.1869292259
, 2.1949260235
, 2.2033035755
, 2.2120621204
, 2.2208204269
, 2.2295787334
, 2.2390987873
, 2.2482378483
, 2.2577579021
, 2.2676587105
, 2.2771787643
, 2.2870793343
, 2.2969801426
, 2.3065001965
, 2.3164010048
, 2.3259210587
, 2.3350601196
, 2.3445801735
, 2.3540999889
, 2.3628585339
, 2.3716168404
, 2.3803751469
, 2.3883719444
, 2.3963687420
, 2.4043655396
, 2.4116008282
, 2.4188358784
, 2.4256904125
, 2.4321639538
, 2.4386374950
, 2.4447302818
, 2.4504423141
, 2.4561543465
, 2.4611046314
, 2.4664359093
, 2.4710054398
, 2.4759557247
, 2.4801445007
, 2.4847142696
, 2.4889030457
, 2.4930918217
, 2.4976613522
, 2.5018501282
, 2.5060389042
, 2.5102276802
, 2.5147972107
, 2.5193669796
, 2.5243172646
, 2.5292677879
, 2.5345988274
, 2.5399301052
, 2.5456421375
, 2.5517349243
, 2.5578277111
, 2.5646820068
, 2.5715363026
, 2.5783908367
, 2.5860066414
, 2.5936226845
, 2.6016194820
, 2.6099970341
, 2.6187555790
, 2.6275138855
, 2.6362721920
, 2.6454114914
, 2.6549313068
, 2.6648321152
, 2.6743521690
, 2.6842529774
, 2.6937727928
, 2.7036736012
, 2.7131936550
, 2.7230944633
, 2.7326145172
, 2.7425150871
, 2.7516543865
, 2.7611744404
, 2.7699327469
, 2.7786910534
, 2.7874495983
, 2.7958271503
, 2.8038239479
, 2.8114397526
, 2.8186750412
, 2.8259100914
, 2.8327646255
, 2.8392381668
, 2.8457117081
, 2.8518044949
, 2.8575165272
, 2.8632285595
, 2.8681788445
, 2.8735101223
, 2.8780796528
, 2.8830301762
, 2.8875997066
, 2.8917884827
, 2.8963580132
, 2.9005467892
, 2.9054973125
, 2.9089243412
, 2.9131131172
, 2.9176828861
, 2.9222524166
, 2.9268219471
, 2.9313914776
, 2.9363420010
, 2.9416730404
, 2.9470043182
, 2.9527163506
, 2.9588091373
, 2.9649019241
, 2.9713754654
, 2.9782297611
, 2.9854650497
, 2.9938426018
, 3.0003161430
, 3.0083129406
, 3.0166904926
, 3.0250680447
, 3.0338265896
, 3.0429656506
, 3.0521049500
, 3.0616247654
, 3.0711448193
, 3.0806648731
, 3.0901846886
, 3.1000854969
, 3.1099863052
, 3.1195063591
, 3.1294071674
, 3.1393079758
, 3.1488277912
, 3.1583478451
, 3.1674869061
, 3.1766262054
, 3.1853845119
, 3.1941428185
, 3.2025206089
, 3.2105174065
, 3.2181332111
, 3.2257492542
, 3.2329845428
, 3.2398388386
, 3.2463123798
, 3.2527859211
, 3.2588787079
, 3.2645907402
, 3.2706835270
, 3.2756340504
, 3.2802035809
, 3.2851538658
, 3.2901043892
, 3.2942931652
, 3.2988626957
, 3.3030514717
, 3.3076210022
, 3.3118097782
, 3.3159985542
, 3.3201873302
, 3.3247570992
, 3.3289458752
, 3.3338961601
, 3.3392274380
, 3.3434162140
, 3.3487472534
, 3.3540785313
, 3.3597905636
, 3.3658833504
, 3.3719761372
, 3.3784496784
, 3.3853039742
, 3.3921585083
, 3.3997745514
, 3.4073903561
, 3.4153871536
, 3.4233839512
, 3.4317615032
, 3.4409008026
, 3.4508016109
, 3.4587984085
, 3.4679374695
, 3.4774575233
, 3.4869773388
, 3.4968781471
, 3.5063982010
, 3.5162990093
, 3.5261998177
, 3.5357196331
, 3.5456204414
, 3.5551404953
, 3.5646605492
, 3.5737996101
, 3.5829389095
, 3.5924587250
, 3.6004555225
, 3.6099755764
, 3.6168298721
, 3.6244459152
, 3.6324427128
, 3.6396780014
, 3.6465322971
, 3.6530058384
, 3.6594793797
, 3.6655721664
, 3.6720457077
, 3.6769962311
, 3.6823272705
, 3.6872777939
, 3.6922280788
, 3.6975593567
