StateVariable_6=[7.0000000000
, 6.9995803833
, 6.9970140457
, 6.9908294678
, 6.9784307480
, 6.9563488960
, 6.9225020409
, 6.8747148514
, 6.8124270439
, 6.7349963188
, 6.6419739723
, 6.5342960358
, 6.4120130539
, 6.2741904259
, 6.1225533485
, 5.9573945999
, 5.7795634270
, 5.5890350342
, 5.3881025314
, 5.1770348549
, 4.9561624527
, 4.7267575264
, 4.4894175529
, 4.2459697723
, 3.9965012074
, 3.7419910431
, 3.4831092358
, 3.2204847336
, 2.9549121857
, 2.6870536804
, 2.4168367386
, 2.1437726021
, 1.8676018715
, 1.5893864632
, 1.3100142479
, 1.0311198235
, 0.7538094521
, 0.4786672592
, 0.2065172195
, -0.0614957809
, -0.3247361183
, -0.5808939934
, -0.8286085129
, -1.0651435852
, -1.2882366180
, -1.4960651398
, -1.6857614517
, -1.8543462753
, -2.0006971359
, -2.1244087219
, -2.2233953476
, -2.2972326279
, -2.3459424973
, -2.3685274124
, -2.3648519516
, -2.3364286423
, -2.2843494415
, -2.2089576721
, -2.1113996506
, -1.9940271378
, -1.8585901260
, -1.7066955566
, -1.5401277542
, -1.3592309952
, -1.1656103134
, -0.9609379768
, -0.7475280762
, -0.5273189545
, -0.3035869598
, -0.0776720047
, 0.1477699280
, 0.3712062836
, 0.5905346870
, 0.8025522232
, 1.0056819916
, 1.1969609261
, 1.3732314110
, 1.5333962440
, 1.6745429039
, 1.7952523232
, 1.8953847885
, 1.9736862183
, 2.0279040337
, 2.0587229729
, 2.0658006668
, 2.0496149063
, 2.0105104446
, 1.9488959312
, 1.8656020164
, 1.7618741989
, 1.6392693520
, 1.4988880157
, 1.3418197632
, 1.1703453064
, 0.9864859581
, 0.7926902771
, 0.5904006958
, 0.3805150986
, 0.1655378342
, -0.0506172180
, -0.2665252686
, -0.4798498154
, -0.6877503395
, -0.8875041008
, -1.0759458542
, -1.2519779205
, -1.4137964249
, -1.5595140457
, -1.6860208511
, -1.7929830551
, -1.8796110153
, -1.9444723129
, -1.9864406586
, -2.0054864883
, -2.0004158020
, -1.9718713760
, -1.9214744568
, -1.8507671356
, -1.7608480453
, -1.6523361206
, -1.5254821777
, -1.3807058334
, -1.2200927734
, -1.0454826355
, -0.8594956398
, -0.6641750336
, -0.4618463516
, -0.2545499802
, -0.0453982353
, 0.1646995544
, 0.3729953766
, 0.5767836571
, 0.7738332748
, 0.9616765976
, 1.1372218132
, 1.2984886169
, 1.4446735382
, 1.5749320984
, 1.6863627434
, 1.7777028084
, 1.8486218452
, 1.8972282410
, 1.9230422974
, 1.9260921478
, 1.9072322845
, 1.8658628464
, 1.8028011322
, 1.7188925743
, 1.6152234077
, 1.4934811592
, 1.3551211357
, 1.2013587952
, 1.0344133377
, 0.8556852341
, 0.6662173271
, 0.4682865143
, 0.2646527290
, 0.0574283600
, -0.1498727798
, -0.3552794456
, -0.5569992065
, -0.7531957626
, -0.9417285919
, -1.1193122864
, -1.2835273743
, -1.4334135056
, -1.5666055679
, -1.6806011200
, -1.7746419907
, -1.8485870361
, -1.9006490707
, -1.9304265976
, -1.9379148483
, -1.9238204956
, -1.8874006271
, -1.8293304443
, -1.7502861023
, -1.6509866714
, -1.5335874557
, -1.3994731903
, -1.2496261597
, -1.0863828659
, -0.9111208916
, -0.7248620987
, -0.5299296379
, -0.3290600777
, -0.1238665581
, 0.0833373070
, 0.2898645401
, 0.4927234650
, 0.6882448196
, 0.8751101494
, 1.0521306992
, 1.2169446945
, 1.3675556183
, 1.5018124580
, 1.6188116074
, 1.7166452408
, 1.7931165695
, 1.8476629257
, 1.8797273636
, 1.8889918327
, 1.8763809204
, 1.8425908089
, 1.7876844406
, 1.7118086815
, 1.6167140007
, 1.5034646988
, 1.3726840019
, 1.2250299454
, 1.0626506805
, 0.8886485100
, 0.7042546272
, 0.5117397308
, 0.3136849403
, 0.1112747192
, -0.0934996605
, -0.2972059250
, -0.4979085922
, -0.6934013367
, -0.8807187080
, -1.0586223602
, -1.2245655060
, -1.3753280640
, -1.5092411041
, -1.6256322861
, -1.7234239578
, -1.8022089005
, -1.8603172302
, -1.8954210281
, -1.9074287415
, -1.8975753784
, -1.8661127090
, -1.8124389648
, -1.7384433746
, -1.6445732117
, -1.5323343277
, -1.4028396606
, -1.2571325302
, -1.0972871780
, -0.9246973991
, -0.7408399582
, -0.5489525795
, -0.3503036499
, -0.1478123665
, 0.0561161041
, 0.2600102425
, 0.4611005783
, 0.6556906700
, 0.8424000740
, 1.0199046135
, 1.1857342720
, 1.3377084732
, 1.4734277725
, 1.5914721489
, 1.6903953552
, 1.7698302269
, 1.8287110329
, 1.8655152321
, 1.8790721893
, 1.8693270683
, 1.8373093605
, 1.7837367058
, 1.7098569870
, 1.6156425476
, 1.5025587082
, 1.3720197678
, 1.2262554169
, 1.0659022331
, 0.8934159279
, 0.7098946571
, 0.5182886124
, 0.3209853172
, 0.1202001572
, -0.0825877190
, -0.2850251198
, -0.4838891029
, -0.6771082878
, -0.8622918129
, -1.0386209488
, -1.2035131454
, -1.3544816971
, -1.4895734787
, -1.6076126099
, -1.7065620422
, -1.7851104736
, -1.8426856995
, -1.8782424927
, -1.8917226791
, -1.8841295242
, -1.8555984497
, -1.8055343628
, -1.7340917587
, -1.6420898438
, -1.5312576294
, -1.4032573700
, -1.2599906921
, -1.1017007828
, -0.9301080704
, -0.7477378845
, -0.5568242073
, -0.3600502014
, -0.1601114273
, 0.0415768623
, 0.2428073883
, 0.4401011467
, 0.6319360733
, 0.8167691231
, 0.9922680855
, 1.1569604874
, 1.3077635765
, 1.4438042641
, 1.5634350777
, 1.6642112732
, 1.7444005013
, 1.8047409058
, 1.8438258171
, 1.8603301048
, 1.8546538353
, 1.8270192146
, 1.7777681351
, 1.7081036568
, 1.6178016663
, 1.5081996918
, 1.3810005188
, 1.2373175621
, 1.0791444778
, 0.9087319374
, 0.7268476486
, 0.5367150307
, 0.3402123451
, 0.1390371323
, -0.0638418198
, -0.2668600082
, -0.4676561356
, -0.6630263329
, -0.8510479927
, -1.0290412903
, -1.1939630508
, -1.3449554443
, -1.4810028076
, -1.5996284485
, -1.6994533539
, -1.7798824310
, -1.8386764526
, -1.8754901886
, -1.8909835815
, -1.8842058182
, -1.8555593491
, -1.8053779602
, -1.7341556549
, -1.6436624527
, -1.5351486206
, -1.4096784592
, -1.2688856125
, -1.1131114960
, -0.9447073936
, -0.7650589943
, -0.5769448280
, -0.3813824654
, -0.1812148094
, 0.0216264725
, 0.2245278358
, 0.4237380028
, 0.6175551414
, 0.8046731949
, 0.9834227562
, 1.1510157585
, 1.3051576614
, 1.4433045387
, 1.5638957024
, 1.6654305458
, 1.7474994659
, 1.8087005615
, 1.8480439186
, 1.8655071259
, 1.8598318100
, 1.8317470551
, 1.7829380035
, 1.7133798599
, 1.6241626740
, 1.5161700249
, 1.3898754120
, 1.2460503578
, 1.0871863365
, 0.9164810181
, 0.7357773781
, 0.5459527969
, 0.3486280441
, 0.1470880508
, -0.0568523407
, -0.2598743439
, -0.4600243568
, -0.6544179916
, -0.8412537575
, -1.0184450150
, -1.1850452423
, -1.3379297256
, -1.4759435654
, -1.5963115692
, -1.6975593567
, -1.7791376114
, -1.8407869339
, -1.8810234070
, -1.8982343674
, -1.8923721313
, -1.8643531799
, -1.8146104813
, -1.7435913086
, -1.6531219482
, -1.5444641113
, -1.4187154770
, -1.2775611877
, -1.1214313507
, -0.9528584480
, -0.7729902267
, -0.5849351883
, -0.3904366493
, -0.1908049583
, 0.0107054710
, 0.2120132446
, 0.4106712341
, 0.6054501534
, 0.7940506935
, 0.9729743004
, 1.1397876740
, 1.2931780815
, 1.4322285652
, 1.5549216270
, 1.6590023041
, 1.7435069084
, 1.8071322441
, 1.8487367630
, 1.8686060905
, 1.8667340279
, 1.8428983688
, 1.7974085808
, 1.7311186790
, 1.6446480751
, 1.5386333466
, 1.4140691757
, 1.2730698586
, 1.1171069145
, 0.9473476410
, 0.7659316063
, 0.5745964050
, 0.3759794235
, 0.1733417511
, -0.0303907394
, -0.2338294983
, -0.4348969460
, -0.6302218437
, -0.8179130554
, -0.9963507652
, -1.1637525558
, -1.3184938431
, -1.4582214355
, -1.5811786652
, -1.6857309341
, -1.7707614899
, -1.8352470398
, -1.8778400421
, -1.8975477219
, -1.8949737549
, -1.8705120087
, -1.8244113922
, -1.7571697235
, -1.6699790955
, -1.5632104874
, -1.4386634827
, -1.2970504761
, -1.1399850845
, -0.9696087837
, -0.7887997627
, -0.6002058983
, -0.4044251442
, -0.2040491104
, -0.0012598038
, 0.2004876137
, 0.3993763924
, 0.5938100815
, 0.7817277908
, 0.9603257179
, 1.1282987595
, 1.2826628685
, 1.4217562675
, 1.5440273285
, 1.6475811005
, 1.7316794395
, 1.7951898575
, 1.8369450569
, 1.8569684029
, 1.8552379608
, 1.8318529129
, 1.7877354622
, 1.7223834991
, 1.6367125511
, 1.5320391655
, 1.4106945992
, 1.2735466957
, 1.1208386421
, 0.9549736977
, 0.7771673203
, 0.5901613235
, 0.3960704803
, 0.1971302032
, -0.0049371719
, -0.2069120407
, -0.4070439339
, -0.6032118797
, -0.7923383713
, -0.9730272293
, -1.1429491043
, -1.3000040054
, -1.4416809082
