StateVariable_10=[0.0000000000
, 0.0000000000
, 0.0007615983
, 0.0015231967
, 0.0026655942
, 0.0038079917
, 0.0057119867
, 0.0076159835
, 0.0102815758
, 0.0125663709
, 0.0152319651
, 0.0182783585
, 0.0217055492
, 0.0255135391
, 0.0297023300
, 0.0338911191
, 0.0384607092
, 0.0434110984
, 0.0487422869
, 0.0540734753
, 0.0601662546
, 0.0658782423
, 0.0723518282
, 0.0792062134
, 0.0864413977
, 0.0936765820
, 0.1009117588
, 0.1089085415
, 0.1169053316
, 0.1252828985
, 0.1340412796
, 0.1427996606
, 0.1523196399
, 0.1614588201
, 0.1713595986
, 0.1808795780
, 0.1907803565
, 0.2010619342
, 0.2113434970
, 0.2220058739
, 0.2341914475
, 0.2433306426
, 0.2543738186
, 0.2654169798
, 0.2768409550
, 0.2878841460
, 0.2996889055
, 0.3111128807
, 0.3225368559
, 0.3343416452
, 0.3461464047
, 0.3583319783
, 0.3701367378
, 0.3823223114
, 0.3945078850
, 0.4066934586
, 0.4207830429
, 0.4310646057
, 0.4432501793
, 0.4558165371
, 0.4683829248
, 0.4809492826
, 0.4935156703
, 0.5060820580
, 0.5186483860
, 0.5315955877
, 0.5441619158
, 0.5571091175
, 0.5696755052
, 0.5826226473
, 0.5955698490
, 0.6085169911
, 0.6233681440
, 0.6344113350
, 0.6473584771
, 0.6603056788
, 0.6732528210
, 0.6865808368
, 0.6995279789
, 0.7124751210
, 0.7258031368
, 0.7387502789
, 0.7520782351
, 0.7654062510
, 0.7783533931
, 0.7916813493
, 0.8050093055
, 0.8187180758
, 0.8320460916
, 0.8453740478
, 0.8587020040
, 0.8720299602
, 0.8853579164
, 0.8986859322
, 0.9120138884
, 0.9253418446
, 0.9386698008
, 0.9523785710
, 0.9657065272
, 0.9790345430
, 0.9923624396
, 1.0056904554
, 1.0190184116
, 1.0327271223
, 1.0460550785
, 1.0593830347
, 1.0730918646
, 1.0864198208
, 1.1001285315
, 1.1134566069
, 1.1271653175
, 1.1408740282
, 1.1542021036
, 1.1679108143
, 1.1812387705
, 1.1949476004
, 1.2086563110
, 1.2219842672
, 1.2356930971
, 1.2497826815
, 1.2631106377
, 1.2768193483
, 1.2901473045
, 1.3038561344
, 1.3175648451
, 1.3312736750
, 1.3449823856
, 1.3583103418
, 1.3720191717
, 1.3857278824
, 1.3994367123
, 1.4131454229
, 1.4268542528
, 1.4405629635
, 1.4542717934
, 1.4679805040
, 1.4816893339
, 1.4953980446
, 1.5091068745
, 1.5228155851
, 1.5365244150
, 1.5502331257
, 1.5639419556
, 1.5776506662
, 1.5913593769
, 1.6050682068
, 1.6187769175
, 1.6324857473
, 1.6461944580
, 1.6599032879
, 1.6736119986
, 1.6880824566
, 1.7017911673
, 1.7154999971
, 1.7292087078
, 1.7429175377
, 1.7566262484
, 1.7707158327
, 1.7840437889
, 1.7981333733
, 1.8118420839
, 1.8255509138
, 1.8392596245
, 1.8529684544
, 1.8666771650
, 1.8803859949
, 1.8940947056
, 1.9081842899
, 1.9215122461
, 1.9352210760
, 1.9493105412
, 1.9630193710
, 1.9767280817
, 1.9904369116
, 2.0041458607
, 2.0182354450
, 2.0319440365
, 2.0456528664
, 2.0593616962
, 2.0730705261
, 2.0871601105
, 2.1008687019
, 2.1145775318
, 2.1286671162
, 2.1423759460
, 2.1560845375
, 2.1697933674
, 2.1838829517
, 2.1975917816
, 2.2113006115
, 2.2250092030
, 2.2390987873
, 2.2528076172
, 2.2665164471
, 2.2802250385
, 2.2943146229
, 2.3080234528
, 2.3217322826
, 2.3358218670
, 2.3499114513
, 2.3632392883
, 2.3773288727
, 2.3910377026
, 2.4047465324
, 2.4188361168
, 2.4325447083
, 2.4462535381
, 2.4603431225
, 2.4740519524
, 2.4877605438
, 2.5018501282
, 2.5155589581
, 2.5292677879
, 2.5433573723
, 2.5570662022
, 2.5711555481
, 2.5989539623
, 2.5993347168
, 2.6130435467
, 2.6267523766
, 2.6404612064
, 2.6541697979
, 2.6682593822
, 2.6819682121
, 2.6956770420
, 2.7097666264
, 2.7234752178
, 2.7375648022
, 2.7512736320
, 2.7649824619
, 2.7786912918
, 2.7923998833
, 2.8064894676
, 2.8201982975
, 2.8339071274
, 2.8479967117
, 2.8620862961
, 2.8757948875
, 2.8895037174
, 2.9032125473
, 2.9173021317
, 2.9310107231
, 2.9447195530
, 2.9588091373
, 2.9728987217
, 2.9866075516
, 3.0003161430
, 3.0140249729
, 3.0300185680
, 3.0418233871
, 3.0555322170
, 3.0692408085
, 3.0833303928
, 3.0970392227
, 3.1107480526
, 3.1248376369
, 3.1385462284
, 3.1526358128
, 3.1663446426
, 3.1800534725
, 3.1941430569
, 3.2078518867
, 3.2219412327
, 3.2360308170
, 3.2516436577
, 3.2634484768
, 3.2771573067
, 3.2912468910
, 3.3049554825
, 3.3186643124
, 3.3327538967
, 3.3464627266
, 3.3605523109
, 3.3742609024
, 3.3879697323
, 3.4020593166
, 3.4157681465
, 3.4298577309
, 3.4435663223
, 3.4576559067
, 3.4732687473
, 3.4850735664
, 3.4991631508
, 3.5128717422
, 3.5269613266
, 3.5406701565
, 3.5543789864
, 3.5684685707
, 3.5821774006
, 3.5962667465
, 3.6099755764
, 3.6236844063
, 3.6377739906
, 3.6514828205
, 3.6655724049
, 3.6796617508
, 3.6937513351
, 3.7074601650
, 3.7211689949
, 3.7352585793
, 3.7489674091
, 3.7630567551
, 3.7767655849
, 3.7908551693
, 3.8045639992
, 3.8182728291
, 3.8323624134
, 3.8460710049
, 3.8597798347
, 3.8746309280
, 3.8871974945
, 3.9012868404
, 3.9172804356
, 3.9287045002
, 3.9427940845
, 3.9565029144
, 3.9705924988
, 3.9843010902
, 3.9983909130
, 4.0120992661
, 4.0258078575
, 4.0398974419
, 4.0536065102
, 4.0676960945
, 4.0814046860
, 4.0951132774
, 4.1092028618
, 4.1232924461
, 4.1370015144
, 4.1507101059
, 4.1644186974
, 4.1785082817
, 4.1922173500
, 4.2063069344
, 4.2200155258
, 4.2341051102
, 4.2478137016
, 4.2615227699
, 4.2756123543
, 4.2893209457
, 4.3034105301
, 4.3171191216
, 4.3308281898
, 4.3449177742
, 4.3586263657
, 4.3727159500
, 4.3864245415
, 4.4001336098
, 4.4142231941
, 4.4279317856
, 4.4420213699
, 4.4557304382
, 4.4698195457
, 4.4835286140
, 4.4972372055
, 4.5113267899
, 4.5250358582
, 4.5391254425
, 4.5528340340
, 4.5673041344
, 4.5810132027
, 4.5951027870
, 4.6088113785
, 4.6225204468
, 4.6366095543
, 4.6503186226
, 4.6644082069
, 4.6781167984
, 4.6918258667
, 4.7059154510
, 4.7196240425
, 4.7337136269
, 4.7474222183
, 4.7611312866
, 4.7748398781
, 4.7889294624
, 4.8026380539
, 4.8163471222
, 4.8300557137
, 4.8441452980
, 4.8578538895
, 4.8719434738
, 4.8856525421
, 4.8993611336
, 4.9134507179
, 4.9271593094
, 4.9412488937
, 4.9549579620
, 4.9690475464
, 4.9827561378
, 4.9964647293
, 5.0105543137
, 5.0242633820
, 5.0383529663
, 5.0520615578
, 5.0657706261
, 5.0798597336
, 5.0935688019
, 5.1076583862
, 5.1213669777
, 5.1350760460
, 5.1491656303
, 5.1628742218
, 5.1769638062
, 5.1906723976
, 5.2043814659
, 5.2184710503
, 5.2325606346
, 5.2462692261
, 5.2599778175
, 5.2736868858
, 5.2877764702
, 5.3014850616
, 5.3155746460
, 5.3292832375
, 5.3429923058
, 5.3570818901
, 5.3707904816
, 5.3848800659
, 5.3985886574
, 5.4122977257
, 5.4263873100
, 5.4400959015
, 5.4545664787
, 5.4682750702
, 5.4823646545
, 5.4960732460
, 5.5097823143
, 5.5238718987
, 5.5375804901
, 5.5516700745
, 5.5653786659
, 5.5790877342
, 5.5931773186
, 5.6068859100
, 5.6205945015
, 5.6343035698
, 5.6480121613
, 5.6621017456
, 5.6761913300
, 5.6895194054
, 5.7036089897
, 5.7173175812
, 5.7314071655
, 5.7451162338
, 5.7588248253
, 5.7729144096
, 5.7866230011
, 5.8007125854
, 5.8144216537
, 5.8281302452
, 5.8422198296
, 5.8559284210
, 5.8700180054
, 5.8837270737
, 5.8978166580
, 5.9134292603
, 5.9252338409
, 5.9393234253
, 5.9530324936
, 5.9671220779
, 5.9808306694
, 5.9945392609
, 6.0086288452
, 6.0223379135
, 6.0364274979
, 6.0501360893
, 6.0638446808
, 6.0779342651
, 6.0916433334
, 6.1057329178
, 6.1198225021
, 6.1354351044
, 6.1472396851
, 6.1609487534
, 6.1750383377
, 6.1887469292
, 6.2024555206
, 6.2165451050
, 6.2302541733
, 6.2443437576
, 6.2580523491
, 6.2717609406
, 6.2858505249
, 6.2995595932
, 6.3136491776
, 6.3273577690
, 6.3418283463
, 6.3555369377
, 6.3696265221
, 6.3833351135
, 6.3970441818
, 6.4111337662
, 6.4248423576
, 6.4389319420
, 6.4526405334
, 6.4663496017
, 6.4804391861
, 6.4941477776
, 6.5078568459
, 6.5219459534
, 6.5352740288
, 6.5512676239
, 6.5634531975
, 6.5790662766
, 6.5908708572
, 6.6045794487
, 6.6186690331
, 6.6323781013
, 6.6464676857
, 6.6601762772
, 6.6738848686
, 6.6879744530
, 6.7016835213
, 6.7153921127
, 6.7294816971
, 6.7431902885
, 6.7572798729
, 6.7709889412
, 6.7850785255
, 6.8006911278
, 6.8124957085
, 6.8265852928
, 6.8402943611
, 6.8540029526
, 6.8680925369
, 6.8818011284
, 6.8958907127
, 6.9095997810
, 6.9233083725
, 6.9373979568
, 6.9511065483
