time=[0.0000000000
, 0.9983999729
, 1.9967000484
, 2.9967000484
, 3.9967000484
, 4.9966998100
, 5.9984002113
, 7.0109000206
, 8.1585998535
, 8.9975004196
, 9.9975004196
, 10.9975004196
, 11.9967002869
, 12.9967002869
, 13.9967002869
, 14.9967002869
, 15.9967002869
, 16.9974994659
, 17.9974994659
, 18.9967002869
, 19.9967002869
, 20.9967002869
, 21.9967002869
, 23.0193004608
, 24.0209999084
, 25.0209999084
, 26.0251998901
, 27.0251998901
, 28.0202007294
, 29.0209999084
, 30.0160007477
, 31.0193004608
, 32.0201988220
, 33.0234985352
, 34.0234985352
, 35.0150985718
, 36.0041999817
, 36.9984016418
, 37.9975013733
, 39.0083999634
, 40.1484985352
, 40.9967002869
, 41.9967002869
, 42.9967002869
, 43.9967002869
, 44.9967002869
, 45.9984016418
, 46.9984016418
, 47.9975013733
, 48.9975013733
, 49.9967002869
, 50.9967002869
, 51.9967002869
, 52.9967002869
, 53.9967002869
, 55.0075988770
, 56.1468009949
, 56.9991989136
, 57.9975013733
, 58.9967002869
, 59.9975013733
, 60.9967002869
, 61.9967002869
, 62.9967002869
, 63.9967002869
, 64.9983978271
, 65.9966964722
, 66.9974975586
, 67.9974975586
, 68.9974975586
, 69.9974975586
, 71.0083999634
, 72.1443023682
, 72.9966964722
, 73.9974975586
, 74.9966964722
, 75.9974975586
, 76.9991989136
, 78.0000000000
, 78.9974975586
, 79.9974975586
, 80.9966964722
, 81.9966964722
, 82.9966964722
, 83.9966964722
, 84.9966964722
, 85.9983978271
, 87.0226974487
, 88.0210037231
, 89.0234985352
, 90.0251998901
, 91.0217971802
, 92.0269012451
, 93.0243988037
, 94.0210037231
, 95.0217971802
, 96.0150985718
, 97.0269012451
, 98.0251998901
, 99.0193023682
, 100.0058975220
, 100.9974975586
, 102.0000000000
, 103.0066986084
, 104.0000000000
, 104.9974975586
, 105.9974975586
, 106.9991989136
, 107.9983978271
, 108.9983978271
, 109.9974975586
, 110.9974975586
, 111.9983978271
, 112.9974975586
, 113.9983978271
, 114.9974975586
, 115.9974975586
, 116.9974975586
, 117.9966964722
, 119.0066986084
, 120.0000000000
, 120.9983978271
, 121.9966964722
, 122.9966964722
, 123.9966964722
, 124.9966964722
, 125.9966964722
, 126.9966964722
, 127.9974975586
, 128.9967041016
, 129.9967041016
, 130.9967041016
, 131.9967041016
, 132.9967041016
, 133.9967041016
, 135.0084075928
, 135.9992065430
, 136.9974975586
, 137.9974975586
, 138.9967041016
, 139.9967041016
, 140.9967041016
, 141.9967041016
, 142.9967041016
, 143.9967041016
, 144.9967041016
, 145.9967041016
, 146.9974975586
, 147.9974975586
, 148.9967041016
, 149.9967041016
, 151.0243988037
, 152.0218048096
, 153.0218048096
, 154.0269012451
, 155.0209960938
, 156.0218048096
, 157.0243988037
, 158.0160064697
, 159.0202026367
, 160.0160064697
, 161.0227050781
, 162.0193023682
, 163.0151062012
, 164.0059051514
, 164.9967041016
, 165.9967041016
, 167.0059051514
, 167.9983978271
, 168.9983978271
, 169.9974975586
, 170.9967041016
, 171.9967041016
, 172.9967041016
, 173.9967041016
, 174.9974975586
, 175.9967041016
, 176.9974975586
, 177.9974975586
, 178.9967041016
, 179.9967041016
, 180.9967041016
, 181.9967041016
, 183.0066986084
, 183.9967041016
, 184.9992065430
, 185.9967041016
, 186.9967041016
, 187.9974975586
, 188.9967041016
, 189.9967041016
, 190.9967041016
, 191.9967041016
, 192.9967041016
, 193.9974975586
, 194.9967041016
, 195.9967041016
, 196.9967041016
, 197.9974975586
, 199.0066986084
, 199.9967041016
, 201.0009002686
, 201.9967041016
, 202.9967041016
, 203.9967041016
, 204.9967041016
, 205.9967041016
, 207.0016937256
, 207.9983978271
, 208.9974975586
, 209.9967041016
, 210.9967041016
, 211.9967041016
, 212.9967041016
, 213.9967041016
, 215.0202026367
, 217.0151062012
, 217.0603942871
, 218.0328063965
, 219.0218048096
, 220.0167999268
, 221.0142974854
, 222.0234985352
, 223.0243988037
, 224.0209960938
, 225.0209960938
, 226.0184936523
, 227.0234985352
, 228.0142974854
, 229.0167999268
, 230.0151062012
, 231.0066986084
, 232.0084075928
, 233.0151062012
, 234.0034027100
, 235.0034027100
, 236.0151062012
, 237.0108947754
, 238.0151062012
, 239.0126037598
, 240.0101013184
, 241.0117950439
, 242.0075988770
, 243.0034027100
, 244.0160064697
, 245.0151062012
, 246.0059051514
, 247.0117950439
, 248.1618957520
, 249.0059051514
, 249.9992065430
, 250.9992065430
, 251.9983978271
, 252.9974975586
, 253.9974975586
, 254.9992065430
, 255.9974975586
, 256.9984130859
, 257.9984130859
, 258.9984130859
, 259.9974975586
, 260.9974975586
, 261.9974975586
, 263.0101013184
, 264.1484985352
, 264.9974975586
, 265.9984130859
, 266.9992065430
, 267.9984130859
, 268.9984130859
, 269.9974975586
, 270.9974975586
, 271.9974975586
, 272.9974975586
, 273.9967041016
, 274.9967041016
, 275.9967041016
, 276.9974975586
, 277.9974975586
, 279.0093078613
, 280.1427001953
, 280.9967041016
, 281.9967041016
, 282.9984130859
, 284.0058898926
, 284.9974975586
, 285.9992065430
, 286.9992065430
, 287.9974975586
, 288.9974975586
, 289.9967041016
, 290.9967041016
, 291.9984130859
, 293.0017089844
, 293.9967041016
, 295.0234985352
, 296.0285949707
, 297.0244140625
, 298.0202026367
, 299.0143127441
, 300.0227050781
, 301.0244140625
, 302.0234985352
, 303.0252075195
, 304.0177001953
, 305.0227050781
, 306.0184936523
, 307.0151062012
, 308.0093078613
, 309.0697021484
, 309.9967041016
, 311.0108947754
, 312.1502075195
, 312.9967041016
, 313.9967041016
, 314.9984130859
, 315.9974975586
, 317.0000000000
, 318.0000000000
, 318.9984130859
, 319.9967041016
, 320.9967041016
, 321.9967041016
, 322.9967041016
, 323.9967041016
, 324.9967041016
, 325.9967041016
, 327.0083923340
, 327.9974975586
, 328.9992065430
, 329.9967041016
, 330.9967041016
, 331.9967041016
, 332.9967041016
, 333.9967041016
, 334.9967041016
, 335.9967041016
, 336.9974975586
, 337.9974975586
, 338.9974975586
, 339.9967041016
, 340.9974975586
, 341.9967041016
, 343.0075988770
, 343.9974975586
, 344.9984130859
, 345.9984130859
, 346.9967041016
, 347.9974975586
, 348.9974975586
, 349.9992065430
, 350.9967041016
, 351.9967041016
, 352.9967041016
, 353.9967041016
, 354.9967041016
, 355.9984130859
, 356.9967041016
, 357.9974975586
, 359.0244140625
, 360.0277099609
, 361.0252075195
, 362.0184936523
, 363.0159912109
, 364.0244140625
, 365.0227050781
, 366.0217895508
, 367.0227050781
, 368.0159912109
, 369.0168151855
, 370.0177001953
, 371.0244140625
, 372.0177001953
, 373.0008850098
, 373.9967041016
, 375.0083923340
, 375.9974975586
, 377.0008850098
, 377.9974975586
, 379.0134887695
, 379.9974975586
, 380.9974975586
, 381.9974975586
, 382.9974975586
, 383.9974975586
, 384.9984130859
, 385.9967041016
, 386.9974975586
, 387.9984130859
, 388.9984130859
, 389.9974975586
, 391.0083923340
, 391.9984130859
, 392.9984130859
, 393.9974975586
, 394.9974975586
, 395.9974975586
, 396.9974975586
, 397.9974975586
, 398.9984130859
, 399.9974975586
, 400.9974975586
, 401.9974975586
, 402.9974975586
, 403.9974975586
, 404.9974975586
, 405.9984130859
, 407.0075988770
, 407.9992065430
, 409.0000000000
, 409.9974975586
, 410.9974975586
, 411.9974975586
, 412.9974975586
, 413.9974975586
, 414.9974975586
, 415.9974975586
, 416.9974975586
, 417.9984130859
, 418.9974975586
, 419.9967041016
, 420.9974975586
, 421.9967041016
, 423.0227050781
, 424.0285949707
, 425.0260009766
, 426.0184936523
, 427.0134887695
, 428.0277099609
, 429.0234985352
, 430.0268859863
, 431.0244140625
, 432.0151062012
, 433.0234985352
, 434.0168151855
, 435.0168151855
, 436.0083923340
, 436.9974975586
, 437.9974975586
, 439.0083923340
, 439.9974975586
, 440.9984130859
, 441.9967041016
, 442.9967041016
, 443.9967041016
, 444.9967041016
, 445.9992065430
, 446.9984130859
, 447.9984130859
, 448.9974975586
, 449.9967041016
, 450.9974975586
, 451.9967041016
, 452.9967041016
, 453.9967041016
, 455.0083923340
, 456.1477050781
, 456.9992065430
, 457.9974975586
, 458.9967041016
, 459.9967041016
, 460.9974975586
, 461.9967041016
, 462.9974975586
, 463.9967041016
, 465.0000000000
, 465.9967041016
, 466.9974975586
, 467.9974975586
, 468.9974975586
, 470.0008850098
, 471.0093078613
, 472.1418151855
, 472.9967041016
, 473.9967041016
, 474.9967041016
