position=[0.0087583791
, 0.0087583791
, 0.0095199775
, 0.0102815758
, 0.0114239734
, 0.0125663709
, 0.0144703658
, 0.0163743626
, 0.0190399550
, 0.0213247500
, 0.0239903443
, 0.0270367377
, 0.0304639284
, 0.0342719182
, 0.0384607092
, 0.0426495001
, 0.0472190902
, 0.0521694794
, 0.0575006641
, 0.0628318563
, 0.0689246356
, 0.0746366233
, 0.0811102092
, 0.0879645944
, 0.0951997787
, 0.1024349630
, 0.1096701398
, 0.1176669225
, 0.1256637126
, 0.1340412796
, 0.1427996606
, 0.1515580416
, 0.1610780209
, 0.1702172011
, 0.1801179796
, 0.1896379590
, 0.1995387375
, 0.2098203152
, 0.2201018780
, 0.2307642549
, 0.2429498285
, 0.2520890236
, 0.2631321847
, 0.2741753459
, 0.2855993211
, 0.2966425121
, 0.3084472716
, 0.3198712468
, 0.3312952220
, 0.3431000113
, 0.3549047709
, 0.3670903444
, 0.3788951039
, 0.3910806775
, 0.4032662511
, 0.4154518247
, 0.4295414090
, 0.4398229718
, 0.4520085454
, 0.4645749032
, 0.4771412909
, 0.4897076488
, 0.5022740364
, 0.5148404241
, 0.5274067521
, 0.5403539538
, 0.5529202819
, 0.5658674836
, 0.5784338713
, 0.5913810134
, 0.6043282151
, 0.6172753572
, 0.6321265101
, 0.6431697011
, 0.6561168432
, 0.6690640450
, 0.6820111871
, 0.6953392029
, 0.7082863450
, 0.7212334871
, 0.7345615029
, 0.7475086451
, 0.7608366013
, 0.7741646171
, 0.7871117592
, 0.8004397154
, 0.8137676716
, 0.8274764419
, 0.8408044577
, 0.8541324139
, 0.8674603701
, 0.8807883263
, 0.8941162825
, 0.9074442983
, 0.9207722545
, 0.9341002107
, 0.9474281669
, 0.9611369371
, 0.9744648933
, 0.9877929091
, 1.0011208057
, 1.0144488811
, 1.0277768373
, 1.0414855480
, 1.0548135042
, 1.0681414604
, 1.0818502903
, 1.0951782465
, 1.1088869572
, 1.1222150326
, 1.1359237432
, 1.1496324539
, 1.1629605293
, 1.1766692400
, 1.1899971962
, 1.2037060261
, 1.2174147367
, 1.2307426929
, 1.2444515228
, 1.2585411072
, 1.2718690634
, 1.2855777740
, 1.2989057302
, 1.3126145601
, 1.3263232708
, 1.3400321007
, 1.3537408113
, 1.3670687675
, 1.3807775974
, 1.3944863081
, 1.4081951380
, 1.4219038486
, 1.4356126785
, 1.4493213892
, 1.4630302191
, 1.4767389297
, 1.4904477596
, 1.5041564703
, 1.5178653002
, 1.5315740108
, 1.5452828407
, 1.5589915514
, 1.5727003813
, 1.5864090919
, 1.6001178026
, 1.6138266325
, 1.6275353432
, 1.6412441730
, 1.6549528837
, 1.6686617136
, 1.6823704243
, 1.6968408823
, 1.7105495930
, 1.7242584229
, 1.7379671335
, 1.7516759634
, 1.7653846741
, 1.7794742584
, 1.7928022146
, 1.8068917990
, 1.8206005096
, 1.8343093395
, 1.8480180502
, 1.8617268801
, 1.8754355907
, 1.8891444206
, 1.9028531313
, 1.9169427156
, 1.9302706718
, 1.9439795017
, 1.9580689669
, 1.9717777967
, 1.9854865074
, 1.9991953373
, 2.0129041672
, 2.0269937515
, 2.0407023430
, 2.0544111729
, 2.0681200027
, 2.0818288326
, 2.0959184170
, 2.1096270084
, 2.1233358383
, 2.1374254227
, 2.1511342525
, 2.1648428440
, 2.1785516739
, 2.1926412582
, 2.2063500881
, 2.2200589180
, 2.2337675095
, 2.2478570938
, 2.2615659237
, 2.2752747536
, 2.2889833450
, 2.3030729294
, 2.3167817593
, 2.3304905891
, 2.3445801735
, 2.3586697578
, 2.3719975948
, 2.3860871792
, 2.3997960091
, 2.4135048389
, 2.4275944233
, 2.4413030148
, 2.4550118446
, 2.4691014290
, 2.4828102589
, 2.4965188503
, 2.5106084347
, 2.5243172646
, 2.5380260944
, 2.5521156788
, 2.5658245087
, 2.5799138546
, 2.6077122688
, 2.6080930233
, 2.6218018532
, 2.6355106831
, 2.6492195129
, 2.6629281044
, 2.6770176888
, 2.6907265186
, 2.7044353485
, 2.7185249329
, 2.7322335243
, 2.7463231087
, 2.7600319386
, 2.7737407684
, 2.7874495983
, 2.8011581898
, 2.8152477741
, 2.8289566040
, 2.8426654339
, 2.8567550182
, 2.8708446026
, 2.8845531940
, 2.8982620239
, 2.9119708538
, 2.9260604382
, 2.9397690296
, 2.9534778595
, 2.9675674438
, 2.9816570282
, 2.9953658581
, 3.0090744495
, 3.0227832794
, 3.0387768745
, 3.0505816936
, 3.0642905235
, 3.0779991150
, 3.0920886993
, 3.1057975292
, 3.1195063591
, 3.1335959435
, 3.1473045349
, 3.1613941193
, 3.1751029491
, 3.1888117790
, 3.2029013634
, 3.2166101933
, 3.2306995392
, 3.2447891235
, 3.2604019642
, 3.2722067833
, 3.2859156132
, 3.3000051975
, 3.3137137890
, 3.3274226189
, 3.3415122032
, 3.3552210331
, 3.3693106174
, 3.3830192089
, 3.3967280388
, 3.4108176231
, 3.4245264530
, 3.4386160374
, 3.4523246288
, 3.4664142132
, 3.4820270538
, 3.4938318729
, 3.5079214573
, 3.5216300488
, 3.5357196331
, 3.5494284630
, 3.5631372929
, 3.5772268772
, 3.5909357071
, 3.6050250530
, 3.6187338829
, 3.6324427128
, 3.6465322971
, 3.6602411270
, 3.6743307114
, 3.6884200573
, 3.7025096416
, 3.7162184715
, 3.7299273014
, 3.7440168858
, 3.7577257156
, 3.7718150616
, 3.7855238914
, 3.7996134758
, 3.8133223057
, 3.8270311356
, 3.8411207199
, 3.8548293114
, 3.8685381413
, 3.8833892345
, 3.8959558010
, 3.9100451469
, 3.9260387421
, 3.9374628067
, 3.9515523911
, 3.9652612209
, 3.9793508053
, 3.9930593967
, 4.0071492195
, 4.0208578110
, 4.0345664024
, 4.0486559868
, 4.0623650551
, 4.0764546394
, 4.0901632309
, 4.1038718224
, 4.1179614067
, 4.1320509911
, 4.1457600594
, 4.1594686508
, 4.1731772423
, 4.1872668266
, 4.2009758949
, 4.2150654793
, 4.2287740707
, 4.2428636551
, 4.2565722466
, 4.2702813148
, 4.2843708992
, 4.2980794907
, 4.3121690750
, 4.3258776665
, 4.3395867348
, 4.3536763191
, 4.3673849106
, 4.3814744949
, 4.3951830864
, 4.4088921547
, 4.4229817390
, 4.4366903305
, 4.4507799149
, 4.4644889832
, 4.4785780907
, 4.4922871590
, 4.5059957504
, 4.5200853348
, 4.5337944031
, 4.5478839874
, 4.5615925789
, 4.5760626793
, 4.5897717476
, 4.6038613319
, 4.6175699234
, 4.6312789917
, 4.6453680992
, 4.6590771675
, 4.6731667519
, 4.6868753433
, 4.7005844116
, 4.7146739960
, 4.7283825874
, 4.7424721718
, 4.7561807632
, 4.7698898315
, 4.7835984230
, 4.7976880074
, 4.8113965988
, 4.8251056671
, 4.8388142586
, 4.8529038429
, 4.8666124344
, 4.8807020187
, 4.8944110870
, 4.9081196785
, 4.9222092628
, 4.9359178543
, 4.9500074387
, 4.9637165070
, 4.9778060913
, 4.9915146828
, 5.0052232742
, 5.0193128586
, 5.0330219269
, 5.0471115112
, 5.0608201027
, 5.0745291710
, 5.0886182785
, 5.1023273468
, 5.1164169312
, 5.1301255226
, 5.1438345909
, 5.1579241753
, 5.1716327667
, 5.1857223511
, 5.1994309425
, 5.2131400108
, 5.2272295952
, 5.2413191795
, 5.2550277710
, 5.2687363625
, 5.2824454308
, 5.2965350151
, 5.3102436066
, 5.3243331909
, 5.3380417824
, 5.3517508507
, 5.3658404350
, 5.3795490265
, 5.3936386108
, 5.4073472023
, 5.4210562706
, 5.4351458549
, 5.4488544464
, 5.4633250237
, 5.4770336151
, 5.4911231995
, 5.5048317909
, 5.5185408592
, 5.5326304436
, 5.5463390350
, 5.5604286194
, 5.5741372108
, 5.5878462791
, 5.6019358635
, 5.6156444550
, 5.6293530464
, 5.6430621147
, 5.6567707062
, 5.6708602905
, 5.6849498749
, 5.6982779503
, 5.7123675346
, 5.7260761261
, 5.7401657104
, 5.7538747787
, 5.7675833702
, 5.7816729546
, 5.7953815460
, 5.8094711304
, 5.8231801987
, 5.8368887901
, 5.8509783745
, 5.8646869659
, 5.8787765503
, 5.8924856186
, 5.9065752029
, 5.9221878052
, 5.9339923859
, 5.9480819702
, 5.9617910385
, 5.9758806229
, 5.9895892143
, 6.0032978058
, 6.0173873901
, 6.0310964584
, 6.0451860428
, 6.0588946342
, 6.0726032257
, 6.0866928101
, 6.1004018784
, 6.1144914627
, 6.1285810471
, 6.1441936493
, 6.1559982300
, 6.1697072983
, 6.1837968826
, 6.1975054741
, 6.2112140656
, 6.2253036499
, 6.2390127182
, 6.2531023026
, 6.2668108940
, 6.2805194855
, 6.2946090698
, 6.3083181381
, 6.3224077225
, 6.3361163139
, 6.3505868912
, 6.3642954826
, 6.3783850670
, 6.3920936584
, 6.4058027267
, 6.4198923111
, 6.4336009026
, 6.4476904869
, 6.4613990784
, 6.4751081467
, 6.4891977310
, 6.5029063225
, 6.5166153908
, 6.5307044983
, 6.5440325737
, 6.5600261688
, 6.5722117424
, 6.5878248215
, 6.5996294022
, 6.6133379936
, 6.6274275780
, 6.6411366463
, 6.6552262306
, 6.6689348221
, 6.6826434135
, 6.6967329979
, 6.7104420662
, 6.7241506577
, 6.7382402420
, 6.7519488335
, 6.7660384178
, 6.7797474861
, 6.7938370705
, 6.8094496727
, 6.8212542534
, 6.8353438377
, 6.8490529060
, 6.8627614975
, 6.8768510818
, 6.8905596733
, 6.9046492577
, 6.9183583260
, 6.9320669174
, 6.9461565018
, 6.9598650932
