velocity=[0.0000000000
, 0.0000000000
, 0.0048825294
, 0.0299154297
, 0.0800053999
, 0.1570139080
, 0.2593855560
, 0.3924972117
, 0.5523840189
, 0.7380351424
, 0.9468392134
, 1.1692438126
, 1.4021010399
, 1.6464122534
, 1.9038972855
, 2.1733260155
, 2.4474201202
, 2.7244563103
, 3.0062203407
, 3.2928104401
, 3.5810081959
, 3.8732402325
, 4.1609315872
, 4.4487347603
, 4.7402405739
, 5.0382418633
, 5.3353018761
, 5.6249012947
, 5.9136500359
, 6.2011942863
, 6.4886116982
, 6.7769703865
, 7.0630254745
, 7.3502097130
, 7.6309528351
, 7.9079980850
, 8.1745376587
, 8.4318504333
, 8.6825046539
, 8.9233036041
, 9.1540403366
, 9.3743524551
, 9.5838975906
, 9.7843770981
, 9.9758987427
, 10.1598787308
, 10.3317451477
, 10.4984598160
, 10.6542835236
, 10.7964363098
, 10.9302558899
, 11.0593566895
, 11.1870412827
, 11.3072872162
, 11.4222936630
, 11.5311307907
, 11.6311101913
, 11.7241010666
, 11.8056449890
, 11.8785371780
, 11.9511537552
, 12.0252599716
, 12.0991554260
, 12.1700153351
, 12.2354640961
, 12.2963094711
, 12.3569259644
, 12.4139595032
, 12.4686508179
, 12.5167942047
, 12.5631580353
, 12.6088523865
, 12.6520147324
, 12.6952762604
, 12.7367343903
, 12.7742757797
, 12.8071889877
, 12.8373489380
, 12.8698835373
, 12.8993921280
, 12.9256248474
, 12.9530715942
, 12.9785242081
, 13.0065107346
, 13.0360422134
, 13.0605487823
, 13.0841932297
, 13.1093006134
, 13.1367940903
, 13.1649055481
, 13.1909322739
, 13.2141246796
, 13.2348423004
, 13.2518377304
, 13.2666854858
, 13.2801990509
, 13.2921428680
, 13.3050413132
, 13.3207893372
, 13.3358592987
, 13.3498249054
, 13.3641500473
, 13.3769178391
, 13.3864269257
, 13.3970794678
, 13.4066667557
, 13.4148063660
, 13.4254684448
, 13.4351034164
, 13.4466094971
, 13.4565486908
, 13.4700222015
, 13.4861946106
, 13.4985599518
, 13.5093660355
, 13.5155439377
, 13.5233144760
, 13.5329427719
, 13.5388183594
, 13.5475158691
, 13.5628385544
, 13.5765094757
, 13.5875062943
, 13.5917844772
, 13.5950260162
, 13.6005582809
, 13.6087913513
, 13.6165618896
, 13.6176195145
, 13.6173830032
, 13.6196556091
, 13.6249189377
, 13.6324510574
, 13.6412754059
, 13.6505126953
, 13.6584920883
, 13.6634387970
, 13.6696615219
, 13.6769714355
, 13.6840705872
, 13.6904268265
, 13.6956729889
, 13.6997442245
, 13.7027683258
, 13.7049350739
, 13.7064380646
, 13.7074489594
, 13.7080364227
, 13.7081604004
, 13.7081508636
, 13.7083311081
, 13.7109642029
, 13.7212400436
, 13.7333831787
, 13.7423286438
, 13.7463464737
, 13.7479791641
, 13.7495775223
, 13.7545719147
, 13.7562704086
, 13.7607707977
, 13.7653560638
, 13.7659730911
, 13.7643966675
, 13.7629270554
, 13.7637395859
, 13.7664480209
, 13.7695360184
, 13.7733888626
, 13.7701492310
, 13.7649822235
, 13.7664604187
, 13.7697401047
, 13.7710971832
, 13.7696647644
, 13.7682027817
, 13.7726039886
, 13.7775392532
, 13.7793149948
, 13.7775850296
, 13.7757072449
, 13.7797155380
, 13.7840414047
, 13.7867994308
, 13.7917089462
, 13.7971248627
, 13.7989101410
, 13.7994050980
, 13.8041839600
, 13.8077144623
, 13.8072690964
, 13.8051700592
, 13.8075981140
, 13.8094358444
, 13.8076066971
, 13.8043498993
, 13.8061628342
, 13.8077878952
, 13.8084115982
, 13.8144578934
, 13.8224973679
, 13.8241567612
, 13.8256788254
, 13.8256587982
, 13.8243217468
, 13.8268804550
, 13.8280353546
, 13.8269186020
, 13.8281793594
, 13.8285055161
, 13.8278141022
, 13.8311309814
, 13.8328275681
, 13.8323650360
, 13.8350849152
, 13.8362550735
, 13.8354320526
, 13.8010883331
, 13.6603965759
, 13.5073013306
, 13.3958711624
, 13.3349800110
, 13.3182353973
, 13.3364067078
, 13.3739557266
, 13.4225549698
, 13.4800348282
, 13.5381679535
, 13.5953330994
, 13.6459207535
, 13.6846170425
, 13.7123613358
, 13.7347059250
, 13.7562313080
, 13.7717390060
, 13.7851409912
, 13.8019714355
, 13.8193616867
, 13.8312559128
, 13.8343067169
, 13.8331546783
, 13.8353137970
, 13.8357639313
, 13.8356466293
, 13.8417482376
, 13.8502817154
, 13.8552865982
, 13.8556652069
, 13.8502416611
, 13.8452978134
, 13.8443470001
, 13.8437395096
, 13.8422298431
, 13.8445634842
, 13.8452911377
, 13.8436069489
, 13.8446455002
, 13.8464384079
, 13.8512744904
, 13.8531398773
, 13.8518438339
, 13.8532648087
, 13.8548583984
, 13.8605756760
, 13.8673048019
, 13.8702573776
, 13.8702754974
, 13.8673772812
, 13.8667325974
, 13.8638639450
, 13.8588800430
, 13.8575906754
, 13.8572874069
, 13.8604249954
, 13.8609514236
, 13.8586378098
, 13.8589658737
, 13.8594036102
, 13.8625440598
, 13.8640403748
, 13.8647098541
, 13.8631601334
, 13.8615713120
, 13.8635225296
, 13.8643150330
, 13.8659954071
, 13.8660621643
, 13.8633270264
, 13.8632278442
, 13.8637371063
, 13.8673391342
, 13.8680524826
, 13.8652544022
, 13.8639926910
, 13.8622465134
, 13.8649444580
, 13.8677539825
, 13.8717164993
, 13.8729610443
, 13.8724784851
, 13.8752527237
, 13.8752889633
, 13.8761167526
, 13.8758974075
, 13.8781204224
, 13.8785257339
, 13.8750734329
, 13.8748722076
, 13.8739032745
, 13.8716411591
, 13.8697595596
, 13.8629379272
, 13.8566102982
, 13.8532571793
, 13.8468437195
, 13.8433103561
, 13.8410072327
, 13.8431119919
, 13.8454198837
, 13.8506841660
, 13.8534879684
, 13.8535242081
, 13.8558893204
, 13.8579635620
, 13.8624973297
, 13.8636455536
, 13.8612594604
, 13.8625793457
, 13.8668937683
, 13.8701343536
, 13.8678131104
, 13.8624954224
, 13.8604259491
, 13.8592462540
, 13.8616180420
, 13.8639221191
, 13.8685283661
, 13.8694353104
, 13.8663845062
, 13.8654651642
, 13.8647184372
, 13.8671741486
, 13.8667259216
, 13.8623847961
, 13.8586139679
, 13.8573789597
, 13.8605670929
, 13.8614864349
, 13.8597517014
, 13.8603820801
, 13.8607921600
, 13.8637323380
, 13.8666658401
, 13.8718185425
, 13.8730974197
, 13.8703727722
, 13.8694629669
, 13.8681354523
, 13.8700160980
, 13.8714628220
, 13.8747615814
, 13.8761911392
, 13.8802862167
, 13.8828020096
, 13.8817653656
, 13.8800859451
, 13.8774509430
, 13.8778114319
, 13.8758592606
, 13.8727722168
, 13.8726415634
, 13.8716096878
, 13.8718481064
, 13.8719835281
, 13.8725166321
, 13.8715858459
, 13.8710021973
, 13.8693151474
, 13.8628425598
, 13.8534603119
, 13.8456783295
, 13.8435173035
, 13.8479766846
, 13.8508777618
, 13.8508262634
, 13.8529720306
, 13.8548212051
, 13.8596296310
, 13.8634805679
, 13.8687105179
, 13.8698902130
, 13.8663978577
, 13.8629026413
, 13.8616237640
, 13.8648748398
, 13.8658933640
, 13.8637723923
, 13.8639507294
, 13.8640880585
, 13.8669462204
, 13.8665943146
, 13.8632287979
, 13.8625574112
, 13.8622016907
, 13.8649320602
, 13.8648252487
, 13.8615427017
, 13.8622512817
, 13.8665981293
, 13.8695983887
, 13.8671350479
, 13.8618154526
, 13.8598089218
, 13.8587083817
, 13.8611612320
, 13.8611068726
, 13.8581657410
, 13.8579673767
, 13.8580465317
, 13.8610506058
, 13.8614864349
, 13.8590793610
, 13.8591718674
, 13.8597059250
, 13.8630437851
, 13.8645210266
, 13.8689661026
, 13.8726301193
, 13.8732519150
, 13.8720645905
, 13.8696498871
, 13.8695611954
, 13.8682060242
, 13.8663530350
, 13.8663082123
, 13.8649682999
, 13.8599596024
, 13.8536520004
, 13.8498783112
, 13.8530874252
, 13.8579692841
, 13.8564863205
, 13.8553543091
, 13.8544969559
, 13.8571443558
, 13.8573493958
, 13.8545084000
, 13.8538227081
, 13.8536214828
, 13.8569040298
, 13.8579149246
, 13.8561487198
, 13.8568420410
, 13.8578042984
, 13.8617095947
, 13.8639612198
, 13.8647880554
, 13.8620204926
, 13.8597526550
, 13.8622531891
, 13.8653497696
, 13.8707160950
, 13.8720579147
, 13.8694629669
, 13.8687429428
, 13.8677825928
, 13.8691234589
, 13.8682060242
, 13.8644151688
, 13.8633413315
, 13.8623638153
, 13.8652935028
, 13.8710689545
, 13.8747663498
, 13.8742485046
, 13.8703651428
, 13.8689203262
, 13.8650369644
, 13.8585224152
, 13.8558368683
, 13.8537635803
, 13.8548040390
, 13.8551425934
, 13.8537778854
, 13.8553581238
, 13.8570451736
, 13.8614387512
, 13.8656425476
, 13.8724746704
, 13.8752870560
, 13.8799133301
, 13.8821697235
, 13.8808336258
, 13.8806438446
, 13.8803586960
, 13.8806428909
, 13.8768739700
, 13.8705024719
, 13.8679895401
, 13.8655891418
, 13.8618621826
, 13.8605461121
