StateVariable_6=[25.0000000000
, 25.0000000000
, 24.9980964661
, 24.9961929321
, 24.9933357239
, 24.9904804230
, 24.9857196808
, 24.9809608459
, 24.9742965698
, 24.9685840607
, 24.9619197845
, 24.9543037415
, 24.9457359314
, 24.9362163544
, 24.9257450104
, 24.9152717590
, 24.9038486481
, 24.8914718628
, 24.8781452179
, 24.8648166656
, 24.8495845795
, 24.8353042603
, 24.8191204071
, 24.8019847870
, 24.7838973999
, 24.7658081055
, 24.7477207184
, 24.7277278900
, 24.7077369690
, 24.6867923737
, 24.6648960114
, 24.6430015564
, 24.6192016602
, 24.5963535309
, 24.5716018677
, 24.5478019714
, 24.5230484009
, 24.4973449707
, 24.4716415405
, 24.4449844360
, 24.4145221710
, 24.3916740417
, 24.3640651703
, 24.3364582062
, 24.3078975677
, 24.2802906036
, 24.2507781982
, 24.2222175598
, 24.1936588287
, 24.1641464233
, 24.1346340179
, 24.1041698456
, 24.0746574402
, 24.0441951752
, 24.0137310028
, 23.9832668304
, 23.9480419159
, 23.9223384857
, 23.8918743134
, 23.8604583740
, 23.8290424347
, 23.7976264954
, 23.7662105560
, 23.7347946167
, 23.7033786774
, 23.6710109711
, 23.6395950317
, 23.6072273254
, 23.5758113861
, 23.5434436798
, 23.5110759735
, 23.4787082672
, 23.4415798187
, 23.4139709473
, 23.3816032410
, 23.3492355347
, 23.3168678284
, 23.2835483551
, 23.2511806488
, 23.2188129425
, 23.1854915619
, 23.1531238556
, 23.1198043823
, 23.0864849091
, 23.0541172028
, 23.0207958221
, 22.9874763489
, 22.9532051086
, 22.9198856354
, 22.8865642548
, 22.8532447815
, 22.8199253082
, 22.7866058350
, 22.7532844543
, 22.7199649811
, 22.6866455078
, 22.6533260345
, 22.6190528870
, 22.5857334137
, 22.5524139404
, 22.5190944672
, 22.4857730865
, 22.4524536133
, 22.4181823730
, 22.3848628998
, 22.3515415192
, 22.3172702789
, 22.2839508057
, 22.2496776581
, 22.2163581848
, 22.1820869446
, 22.1478157043
, 22.1144943237
, 22.0802230835
, 22.0469036102
, 22.0126304626
, 21.9783592224
, 21.9450397491
, 21.9107666016
, 21.8755435944
, 21.8422241211
, 21.8079509735
, 21.7746315002
, 21.7403602600
, 21.7060871124
, 21.6718158722
, 21.6375446320
, 21.6042232513
, 21.5699520111
, 21.5356807709
, 21.5014076233
, 21.4671363831
, 21.4328651428
, 21.3985919952
, 21.3643207550
, 21.3300495148
, 21.2957763672
, 21.2615051270
, 21.2272319794
, 21.1929607391
, 21.1586894989
, 21.1244163513
, 21.0901451111
, 21.0558738708
, 21.0216007233
, 20.9873294830
, 20.9530582428
, 20.9187850952
, 20.8845138550
, 20.8502426147
, 20.8159694672
, 20.7797946930
, 20.7455215454
, 20.7112503052
, 20.6769790649
, 20.6427059174
, 20.6084346771
, 20.5732097626
, 20.5398902893
, 20.5046672821
, 20.4703941345
, 20.4361228943
, 20.4018516541
, 20.3675785065
, 20.3333072662
, 20.2990341187
, 20.2647628784
, 20.2295398712
, 20.1962184906
, 20.1619472504
, 20.1267242432
, 20.0924510956
, 20.0581798553
, 20.0239067078
, 19.9896354675
, 19.9544124603
, 19.9201393127
, 19.8858680725
, 19.8515968323
, 19.8173236847
, 19.7821006775
, 19.7478275299
, 19.7135562897
, 19.6783332825
, 19.6440601349
, 19.6097888947
, 19.5755176544
, 19.5402927399
, 19.5060214996
, 19.4717483521
, 19.4374771118
, 19.4022541046
, 19.3679809570
, 19.3337097168
, 19.2994384766
, 19.2642135620
, 19.2299423218
, 19.1956691742
, 19.1604461670
, 19.1252212524
, 19.0919017792
, 19.0566787720
, 19.0224056244
, 18.9881343842
, 18.9529094696
, 18.9186382294
, 18.8843669891
, 18.8491420746
, 18.8148708344
, 18.7805995941
, 18.7453746796
, 18.7111034393
, 18.6768302917
, 18.6416072845
, 18.6073341370
, 18.5721111298
, 18.5026149750
, 18.5016632080
, 18.4673919678
, 18.4331188202
, 18.3988475800
, 18.3645763397
, 18.3293514252
, 18.2950801849
, 18.2608070374
, 18.2255840302
, 18.1913127899
, 18.1560878754
, 18.1218166351
, 18.0875434875
, 18.0532722473
, 18.0190010071
, 17.9837760925
, 17.9495048523
, 17.9152317047
, 17.8800086975
, 17.8447837830
, 17.8105125427
, 17.7762413025
, 17.7419681549
, 17.7067451477
, 17.6724739075
, 17.6382007599
, 17.6029777527
, 17.5677528381
, 17.5334815979
, 17.4992103577
, 17.4649372101
, 17.4249534607
, 17.3954410553
, 17.3611698151
, 17.3268985748
, 17.2916736603
, 17.2574024200
, 17.2231292725
, 17.1879062653
, 17.1536350250
, 17.1184101105
, 17.0841388702
, 17.0498657227
, 17.0146427155
, 16.9803695679
, 16.9451465607
, 16.9099235535
, 16.8708915710
, 16.8413791656
, 16.8071060181
, 16.7718830109
, 16.7376117706
, 16.7033386230
, 16.6681156158
, 16.6338424683
, 16.5986194611
, 16.5643482208
, 16.5300750732
, 16.4948520660
, 16.4605789185
, 16.4253559113
, 16.3910846710
, 16.3558597565
, 16.3168277740
, 16.2873153687
, 16.2520923615
, 16.2178211212
, 16.1825962067
, 16.1483249664
, 16.1140518188
, 16.0788288116
, 16.0445575714
, 16.0093326569
, 15.9750614166
, 15.9407892227
, 15.9055652618
, 15.8712930679
, 15.8360691071
, 15.8008460999
, 15.7656221390
, 15.7313499451
, 15.6970777512
, 15.6618537903
, 15.6275815964
, 15.5923585892
, 15.5580863953
, 15.5228624344
, 15.4885902405
, 15.4543180466
, 15.4190940857
, 15.3848228455
, 15.3505506516
, 15.3134231567
, 15.2820062637
, 15.2467832565
, 15.2067995071
, 15.1782388687
, 15.1430149078
, 15.1087427139
, 15.0735187531
, 15.0392475128
, 15.0040225983
, 14.9697513580
, 14.9354801178
, 14.9002561569
, 14.8659830093
, 14.8307590485
, 14.7964878082
, 14.7622165680
, 14.7269926071
, 14.6917686462
, 14.6574954987
, 14.6232242584
, 14.5889530182
, 14.5537290573
, 14.5194559097
, 14.4842319489
, 14.4499607086
, 14.4147367477
, 14.3804655075
, 14.3461923599
, 14.3109683990
, 14.2766971588
, 14.2414731979
, 14.2072019577
, 14.1729288101
, 14.1377048492
, 14.1034336090
, 14.0682096481
, 14.0339384079
, 13.9996652603
, 13.9644412994
, 13.9301700592
, 13.8949460983
, 13.8606739044
, 13.8254508972
, 13.7911777496
, 13.7569065094
, 13.7216825485
, 13.6874103546
, 13.6521863937
, 13.6179141998
, 13.5817394257
, 13.5474662781
, 13.5122423172
, 13.4779710770
, 13.4436988831
, 13.4084758759
, 13.3742027283
, 13.3389787674
, 13.3047075272
, 13.2704353333
, 13.2352113724
, 13.2009391785
, 13.1657152176
, 13.1314439774
, 13.0971717834
, 13.0628995895
, 13.0276756287
, 12.9934043884
, 12.9591321945
, 12.9248600006
, 12.8896360397
, 12.8553647995
, 12.8201408386
, 12.7858686447
, 12.7515964508
, 12.7163724899
, 12.6821012497
, 12.6468772888
, 12.6126050949
, 12.5773811340
, 12.5431089401
, 12.5088376999
, 12.4736137390
, 12.4393415451
, 12.4041175842
, 12.3698453903
, 12.3355731964
, 12.3003501892
, 12.2660779953
, 12.2308540344
, 12.1965818405
, 12.1623096466
, 12.1270856857
, 12.0928144455
, 12.0575904846
, 12.0233182907
, 11.9890460968
, 11.9538221359
, 11.9185981750
, 11.8843269348
, 11.8500547409
, 11.8157825470
, 11.7805585861
, 11.7462873459
, 11.7110633850
, 11.6767911911
, 11.6425189972
, 11.6072950363
, 11.5730237961
, 11.5377998352
, 11.5035276413
, 11.4692554474
, 11.4340314865
, 11.3997602463
, 11.3635835648
, 11.3293123245
, 11.2940883636
, 11.2598161697
, 11.2255439758
, 11.1903200150
, 11.1560487747
, 11.1208248138
, 11.0865526199
, 11.0522804260
, 11.0170564651
, 10.9827852249
, 10.9485130310
, 10.9142408371
, 10.8799695969
, 10.8447456360
, 10.8095216751
, 10.7762012482
, 10.7409772873
, 10.7067060471
, 10.6714820862
, 10.6372089386
, 10.6029376984
, 10.5677137375
, 10.5334424973
, 10.4982185364
, 10.4639453888
, 10.4296741486
, 10.3944501877
, 10.3601789474
, 10.3249549866
, 10.2906818390
, 10.2554578781
, 10.2164268494
, 10.1869153976
, 10.1516914368
, 10.1174182892
, 10.0821943283
, 10.0479230881
, 10.0136518478
, 9.9784278870
, 9.9441547394
, 9.9089307785
, 9.8746595383
, 9.8403882980
, 9.8051643372
, 9.7708911896
, 9.7356672287
, 9.7004432678
, 9.6614122391
, 9.6319007874
, 9.5976276398
, 9.5624036789
, 9.5281324387
, 9.4938611984
, 9.4586372375
, 9.4243640900
, 9.3891401291
, 9.3548688889
, 9.3205976486
, 9.2853736877
, 9.2511005402
, 9.2158765793
, 9.1816053391
, 9.1454286575
, 9.1111574173
, 9.0759334564
, 9.0416622162
, 9.0073890686
, 8.9721651077
, 8.9378938675
, 8.9026699066
, 8.8683986664
, 8.8341255188
, 8.7989015579
, 8.7646303177
, 8.7303571701
, 8.6951351166
