StateVariable_7=[10.0000000000
, 10.0000000000
, 9.9992380142
, 9.9984769821
, 9.9973344803
, 9.9961919785
, 9.9942884445
, 9.9923839569
, 9.9897184372
, 9.9874334335
, 9.9847679138
, 9.9817218781
, 9.9782943726
, 9.9744863510
, 9.9702978134
, 9.9661092758
, 9.9615392685
, 9.9565887451
, 9.9512577057
, 9.9459266663
, 9.9398336411
, 9.9341220856
, 9.9276485443
, 9.9207935333
, 9.9135589600
, 9.9063234329
, 9.8990879059
, 9.8910913467
, 9.8830947876
, 9.8747167587
, 9.8659591675
, 9.8572006226
, 9.8476800919
, 9.8385410309
, 9.8286399841
, 9.8191204071
, 9.8092193604
, 9.7989377975
, 9.7886562347
, 9.7779941559
, 9.7658081055
, 9.7566690445
, 9.7456264496
, 9.7345829010
, 9.7231588364
, 9.7121162415
, 9.7003107071
, 9.6888875961
, 9.6774635315
, 9.6656579971
, 9.6538534164
, 9.6416683197
, 9.6298637390
, 9.6176776886
, 9.6054925919
, 9.5933065414
, 9.5792169571
, 9.5689353943
, 9.5567502975
, 9.5441837311
, 9.5316171646
, 9.5190505981
, 9.5064840317
, 9.4939184189
, 9.4813518524
, 9.4684047699
, 9.4558382034
, 9.4428911209
, 9.4303245544
, 9.4173774719
, 9.4044303894
, 9.3914833069
, 9.3766317368
, 9.3655891418
, 9.3526411057
, 9.3396940231
, 9.3267469406
, 9.3134193420
, 9.3004722595
, 9.2875251770
, 9.2741966248
, 9.2612495422
, 9.2479219437
, 9.2345933914
, 9.2216463089
, 9.2083187103
, 9.1949911118
, 9.1812820435
, 9.1679534912
, 9.1546258926
, 9.1412982941
, 9.1279697418
, 9.1146421432
, 9.1013145447
, 9.0879859924
, 9.0746583939
, 9.0613298416
, 9.0476217270
, 9.0342931747
, 9.0209655762
, 9.0076379776
, 8.9943094254
, 8.9809818268
, 8.9672727585
, 8.9539451599
, 8.9406166077
, 8.9269084930
, 8.9135799408
, 8.8998718262
, 8.8865432739
, 8.8728342056
, 8.8591260910
, 8.8457975388
, 8.8320894241
, 8.8187608719
, 8.8050527573
, 8.7913436890
, 8.7780160904
, 8.7643070221
, 8.7502174377
, 8.7368888855
, 8.7231807709
, 8.7098522186
, 8.6961441040
, 8.6824350357
, 8.6687259674
, 8.6550178528
, 8.6416893005
, 8.6279811859
, 8.6142721176
, 8.6005630493
, 8.5868549347
, 8.5731458664
, 8.5594367981
, 8.5457277298
, 8.5320196152
, 8.5183105469
, 8.5046014786
, 8.4908933640
, 8.4771842957
, 8.4634752274
, 8.4497671127
, 8.4360580444
, 8.4223489761
, 8.4086408615
, 8.3949317932
, 8.3812227249
, 8.3675146103
, 8.3538055420
, 8.3400964737
, 8.3263883591
, 8.3119173050
, 8.2982091904
, 8.2845001221
, 8.2707910538
, 8.2570819855
, 8.2433738708
, 8.2292842865
, 8.2159557343
, 8.2018661499
, 8.1881580353
, 8.1744489670
, 8.1607398987
, 8.1470317841
, 8.1333227158
, 8.1196136475
, 8.1059055328
, 8.0918159485
, 8.0784873962
, 8.0647792816
, 8.0506896973
, 8.0369806290
, 8.0232715607
, 8.0095634460
, 7.9958543777
, 7.9817647934
, 7.9680562019
, 7.9543471336
, 7.9406385422
, 7.9269294739
, 7.9128398895
, 7.8991312981
, 7.8854227066
, 7.8713331223
, 7.8576240540
, 7.8439154625
, 7.8302068710
, 7.8161172867
, 7.8024082184
, 7.7886996269
, 7.7749910355
, 7.7609014511
, 7.7471923828
, 7.7334837914
, 7.7197751999
, 7.7056856155
, 7.6919765472
, 7.6782679558
, 7.6641783714
, 7.6500887871
, 7.6367607117
, 7.6226711273
, 7.6089625359
, 7.5952534676
, 7.5811638832
, 7.5674552917
, 7.5537467003
, 7.5396571159
, 7.5259480476
, 7.5122394562
, 7.4981498718
, 7.4844412804
, 7.4707322121
, 7.4566426277
, 7.4429340363
, 7.4288444519
, 7.4010462761
, 7.4006652832
, 7.3869566917
, 7.3732476234
, 7.3595390320
, 7.3458304405
, 7.3317408562
, 7.3180317879
, 7.3043231964
, 7.2902336121
, 7.2765250206
, 7.2624354362
, 7.2487263680
, 7.2350177765
, 7.2213087082
, 7.2076001167
, 7.1935105324
, 7.1798019409
, 7.1660928726
, 7.1520032883
, 7.1379137039
, 7.1242051125
, 7.1104965210
, 7.0967874527
, 7.0826978683
, 7.0689892769
, 7.0552806854
, 7.0411911011
, 7.0271015167
, 7.0133924484
, 6.9996838570
, 6.9859752655
, 6.9699816704
, 6.9581766129
, 6.9444680214
, 6.9307594299
, 6.9166698456
, 6.9029607773
, 6.8892521858
, 6.8751626015
, 6.8614540100
, 6.8473644257
, 6.8336553574
, 6.8199467659
, 6.8058571815
, 6.7921481133
, 6.7780590057
, 6.7639694214
, 6.7483563423
, 6.7365517616
, 6.7228426933
, 6.7087531090
, 6.6950445175
, 6.6813359261
, 6.6672463417
, 6.6535372734
, 6.6394476891
, 6.6257390976
, 6.6120305061
, 6.5979409218
, 6.5842318535
, 6.5701422691
, 6.5564336777
, 6.5423440933
, 6.5267314911
, 6.5149264336
, 6.5008368492
, 6.4871282578
, 6.4730386734
, 6.4593300819
, 6.4456210136
, 6.4315314293
, 6.4178228378
, 6.4037332535
, 6.3900246620
, 6.3763155937
, 6.3622260094
, 6.3485174179
, 6.3344278336
, 6.3203382492
, 6.3062486649
, 6.2925400734
, 6.2788310051
, 6.2647414207
, 6.2510328293
, 6.2369432449
, 6.2232346535
, 6.2091450691
, 6.1954360008
, 6.1817274094
, 6.1676378250
, 6.1539292336
, 6.1402201653
, 6.1253690720
, 6.1128025055
, 6.0987133980
, 6.0827198029
, 6.0712957382
, 6.0572061539
, 6.0434970856
, 6.0294075012
, 6.0156989098
, 6.0016093254
, 5.9879007339
, 5.9741921425
, 5.9601025581
, 5.9463934898
, 5.9323039055
, 5.9185953140
, 5.9048867226
, 5.8907971382
, 5.8767075539
, 5.8629984856
, 5.8492898941
, 5.8355813026
, 5.8214917183
, 5.8077826500
, 5.7936930656
, 5.7799844742
, 5.7658948898
, 5.7521862984
, 5.7384772301
, 5.7243876457
, 5.7106790543
, 5.6965894699
, 5.6828808784
, 5.6691718102
, 5.6550822258
, 5.6413736343
, 5.6272840500
, 5.6135754585
, 5.5998663902
, 5.5857768059
, 5.5720682144
, 5.5579786301
, 5.5442695618
, 5.5301804543
, 5.5164713860
, 5.5027627945
, 5.4886732101
, 5.4749641418
, 5.4608745575
, 5.4471659660
, 5.4326958656
, 5.4189867973
, 5.4048972130
, 5.3911886215
, 5.3774795532
, 5.3633904457
, 5.3496813774
, 5.3355917931
, 5.3218832016
, 5.3081741333
, 5.2940845490
, 5.2803759575
, 5.2662863731
, 5.2525777817
, 5.2388687134
, 5.2251601219
, 5.2110705376
, 5.1973619461
, 5.1836528778
, 5.1699442863
, 5.1558547020
, 5.1421461105
, 5.1280565262
, 5.1143474579
, 5.1006388664
, 5.0865492821
, 5.0728406906
, 5.0587511063
, 5.0450420380
, 5.0309524536
, 5.0172438622
, 5.0035352707
, 4.9894456863
, 4.9757366180
, 4.9616470337
, 4.9479384422
, 4.9342293739
, 4.9201402664
, 4.9064311981
, 4.8923416138
, 4.8786330223
, 4.8649239540
, 4.8508343697
, 4.8371257782
, 4.8230361938
, 4.8093276024
, 4.7956185341
, 4.7815289497
, 4.7674393654
, 4.7537307739
, 4.7400221825
, 4.7263131142
, 4.7122235298
, 4.6985149384
, 4.6844253540
, 4.6707167625
, 4.6570076942
, 4.6429181099
, 4.6292095184
, 4.6151199341
, 4.6014113426
, 4.5877022743
, 4.5736126900
, 4.5599040985
, 4.5454335213
, 4.5317249298
, 4.5176353455
, 4.5039267540
, 4.4902176857
, 4.4761281013
, 4.4624195099
, 4.4483299255
, 4.4346213341
, 4.4209122658
, 4.4068226814
, 4.3931140900
, 4.3794054985
, 4.3656964302
, 4.3519878387
, 4.3378982544
, 4.3238086700
, 4.3104805946
, 4.2963910103
, 4.2826824188
, 4.2685928345
, 4.2548837662
, 4.2411751747
, 4.2270855904
, 4.2133769989
, 4.1992874146
, 4.1855783463
, 4.1718697548
, 4.1577801704
, 4.1440715790
, 4.1299819946
, 4.1162729263
, 4.1021833420
, 4.0865707397
, 4.0747661591
, 4.0606765747
, 4.0469675064
, 4.0328779221
, 4.0191693306
, 4.0054607391
, 3.9913709164
, 3.9776618481
, 3.9635722637
, 3.9498636723
, 3.9361550808
, 3.9220654964
, 3.9083564281
, 3.8942668438
, 3.8801772594
, 3.8645646572
, 3.8527600765
, 3.8390510082
, 3.8249614239
, 3.8112528324
, 3.7975442410
, 3.7834546566
, 3.7697455883
, 3.7556560040
, 3.7419474125
, 3.7282388210
, 3.7141492367
, 3.7004401684
, 3.6863505840
, 3.6726419926
, 3.6581714153
, 3.6444628239
, 3.6303732395
, 3.6166646481
, 3.6029555798
, 3.5888659954
, 3.5751574039
, 3.5610678196
, 3.5473592281
, 3.5336501598
, 3.5195605755
, 3.5058519840
, 3.4921429157
, 3.4780538082
, 3.4647257328
, 3.4487321377
, 3.4365465641
, 3.4209334850
, 3.4091289043
, 3.3954203129
, 3.3813307285
, 3.3676216602
, 3.3535320759
, 3.3398234844
, 3.3261148930
, 3.3120253086
, 3.2983162403
, 3.2846076488
, 3.2705180645
, 3.2568094730
, 3.2427198887
, 3.2290108204
, 3.2149212360
, 3.1993086338
, 3.1875040531
, 3.1734144688
, 3.1597054005
, 3.1459968090
, 3.1319072247
, 3.1181986332
, 3.1041090488
, 3.0903999805
, 3.0766913891
, 3.0626018047
, 3.0488932133
