StateVariable_8=[25.0000000000
, 25.0000000000
, 24.9932136536
, 24.9662761688
, 24.9133300781
, 24.8334655762
, 24.7263336182
, 24.5884628296
, 24.4219112396
, 24.2305488586
, 24.0150814056
, 23.7850608826
, 23.5436344147
, 23.2898044586
, 23.0218467712
, 22.7419452667
, 22.4564285278
, 22.1670150757
, 21.8719234467
, 21.5720062256
, 21.2685756683
, 20.9620647430
, 20.6581897736
, 20.3532505035
, 20.0436553955
, 19.7275657654
, 19.4124183655
, 19.1028270721
, 18.7940864563
, 18.4855976105
, 18.1762847900
, 17.8660297394
, 17.5561752319
, 17.2461433411
, 16.9406490326
, 16.6398029327
, 16.3485107422
, 16.0654945374
, 15.7891368866
, 15.5216817856
, 15.2604808807
, 15.0173206329
, 14.7801675797
, 14.5520801544
, 14.3319988251
, 14.1204109192
, 13.9190330505
, 13.7237577438
, 13.5393743515
, 13.3677091599
, 13.2043781281
, 13.0448131561
, 12.8876171112
, 12.7369070053
, 12.5914363861
, 12.4521360397
, 12.3169326782
, 12.1982374191
, 12.0862293243
, 11.9819211960
, 11.8778886795
, 11.7723665237
, 11.6670551300
, 11.5647792816
, 11.4679145813
, 11.3747014999
, 11.2826690674
, 11.1932678223
, 11.1071605682
, 11.0266494751
, 10.9479169846
, 10.8698549271
, 10.7895650864
, 10.7186956406
, 10.6448698044
, 10.5749597549
, 10.5096788406
, 10.4461994171
, 10.3812961578
, 10.3194198608
, 10.2598676682
, 10.2000532150
, 10.1412801743
, 10.0799732208
, 10.0180740356
, 9.9602479935
, 9.9032831192
, 9.8439044952
, 9.7830905914
, 9.7216596603
, 9.6623125076
, 9.6058006287
, 9.5517625809
, 9.5014476776
, 9.4532794952
, 9.4064464569
, 9.3611822128
, 9.3140125275
, 9.2649440765
, 9.2165546417
, 9.1692686081
, 9.1216239929
, 9.0755357742
, 9.0317554474
, 8.9877824783
, 8.9448757172
, 8.9024639130
, 8.8584823608
, 8.8145751953
, 8.7697486877
, 8.7255382538
, 8.6777925491
, 8.6282997131
, 8.5816631317
, 8.5375366211
, 8.4970865250
, 8.4550447464
, 8.4120960236
, 8.3719491959
, 8.3280277252
, 8.2793846130
, 8.2314424515
, 8.1871252060
, 8.1485748291
, 8.1110620499
, 8.0712575912
, 8.0287523270
, 7.9876623154
, 7.9523324966
, 7.9182972908
, 7.8817524910
, 7.8422174454
, 7.8004131317
, 7.7573170662
, 7.7138075829
, 7.6715564728
, 7.6323375702
, 7.5918431282
, 7.5502614975
, 7.5088901520
, 7.4682621956
, 7.4287443161
, 7.3904008865
, 7.3531050682
, 7.3166666031
, 7.2808914185
, 7.2456088066
, 7.2107491493
, 7.1763534546
, 7.1420907974
, 7.1076388359
, 7.0688295364
, 7.0242819786
, 6.9778666496
, 6.9346494675
, 6.8963594437
, 6.8604550362
, 6.8236327171
, 6.7853183746
, 6.7483959198
, 6.7096238136
, 6.6707663536
, 6.6358776093
, 6.6031823158
, 6.5703797340
, 6.5352954865
, 6.4983153343
, 6.4600033760
, 6.4228305817
, 6.3917980194
, 6.3617415428
, 6.3259911537
, 6.2884397507
, 6.2528104782
, 6.2199707031
, 6.1862087250
, 6.1475362778
, 6.1083288193
, 6.0722808838
, 6.0397386551
, 6.0063924789
, 5.9681129456
, 5.9295148849
, 5.8915328979
, 5.8523511887
, 5.8126640320
, 5.7766065598
, 5.7408876419
, 5.7018365860
, 5.6640343666
, 5.6302080154
, 5.5970830917
, 5.5603828430
, 5.5242733955
, 5.4918308258
, 5.4598636627
, 5.4237785339
, 5.3878817558
, 5.3520340919
, 5.3107638359
, 5.2694044113
, 5.2325210571
, 5.1967272758
, 5.1624751091
, 5.1285881996
, 5.0917577744
, 5.0563311577
, 5.0222239494
, 4.9866909981
, 4.9520931244
, 4.9175605774
, 4.8799719810
, 4.8440032005
, 4.8092417717
, 4.7722496986
, 4.7358560562
, 4.6671833992
, 4.7005748749
, 4.8069949150
, 4.9258179665
, 5.0029759407
, 5.0295958519
, 5.0111165047
, 4.9586730003
, 4.8868517876
, 4.8030285835
, 4.7112774849
, 4.6179203987
, 4.5264830589
, 4.4416232109
, 4.3686547279
, 4.3066391945
, 4.2490706444
, 4.1932730675
, 4.1434931755
, 4.0948672295
, 4.0428128242
, 3.9911513329
, 3.9449849129
, 3.9076621532
, 3.8735902309
, 3.8371596336
, 3.8024373055
, 3.7673306465
, 3.7260050774
, 3.6831996441
, 3.6439232826
, 3.6092724800
, 3.5747120380
, 3.5501439571
, 3.5168225765
, 3.4831585884
, 3.4494442940
, 3.4128386974
, 3.3778388500
, 3.3442990780
, 3.3089890480
, 3.2719721794
, 3.2328641415
, 3.1967265606
, 3.1627986431
, 3.1271057129
, 3.0902886391
, 3.0493474007
, 3.0035862923
, 2.9711215496
, 2.9368314743
, 2.9045057297
, 2.8708789349
, 2.8394753933
, 2.8092353344
, 2.7762527466
, 2.7413320541
, 2.7039229870
, 2.6691243649
, 2.6362140179
, 2.6016139984
, 2.5659523010
, 2.5285403728
, 2.4918200970
, 2.4521183968
, 2.4241561890
, 2.3905210495
, 2.3542983532
, 2.3182818890
, 2.2823293209
, 2.2479906082
, 2.2155017853
, 2.1813287735
, 2.1455962658
, 2.1077220440
, 2.0727367401
, 2.0403108597
, 2.0073003769
, 1.9738227129
, 1.9359014034
, 1.8978679180
, 1.8596333265
, 1.8241167068
, 1.7893753052
, 1.7523289919
, 1.7170693874
, 1.6819695234
, 1.6469649076
, 1.6104698181
, 1.5757924318
, 1.5440207720
, 1.5099505186
, 1.4766473770
, 1.4417817593
, 1.4122469425
, 1.3838452101
, 1.3501888514
, 1.3249818087
, 1.2961713076
, 1.2654325962
, 1.2325117588
, 1.1961355209
, 1.1586030722
, 1.1190673113
, 1.0819920301
, 1.0467318296
, 1.0100940466
, 0.9727957845
, 0.9339905381
, 0.8985708356
, 0.8657329679
, 0.8291891217
, 0.7906020284
, 0.7530899644
, 0.7211397290
, 0.6912334561
, 0.6590302587
, 0.6249859929
, 0.5883427262
, 0.5508146882
, 0.5119369626
, 0.4767573476
, 0.4445841908
, 0.4112320542
, 0.3767548203
, 0.3400276303
, 0.3062031865
, 0.2753203511
, 0.2448197007
, 0.2108307481
, 0.1733711362
, 0.1381791234
, 0.1046898961
, 0.0697880387
, 0.0341540016
, -0.0030588480
, -0.0412151180
, -0.0806404948
, -0.1161908507
, -0.1486901641
, -0.1820530295
, -0.2159494758
, -0.2521016002
, -0.2897235751
, -0.3272950053
, -0.3639485240
, -0.4023150802
, -0.4391035438
, -0.4732896686
, -0.5058829188
, -0.5384718776
, -0.5731038451
, -0.6054243445
, -0.6375612617
, -0.6717020869
, -0.7058941722
, -0.7404040694
, -0.7748121619
, -0.8096167445
, -0.8439099193
, -0.8775977492
, -0.9101833701
, -0.9379822612
, -0.9638239741
, -0.9903134704
, -1.0233763456
, -1.0621083975
, -1.0992809534
, -1.1344534159
, -1.1708706617
, -1.2079437971
, -1.2470248938
, -1.2860997915
, -1.3256012201
, -1.3610523939
, -1.3927839994
, -1.4235614538
, -1.4575065374
, -1.4950290918
, -1.5303202868
, -1.5634220839
, -1.5978730917
, -1.6332343817
, -1.6703640223
, -1.7042847872
, -1.7361432314
, -1.7697433233
, -1.8046115637
, -1.8416134119
, -1.8757792711
, -1.9077206850
, -1.9436532259
, -1.9822715521
, -2.0195434093
, -2.0513527393
, -2.0812571049
, -2.1135220528
, -2.1476454735
, -2.1843698025
, -2.2185881138
, -2.2508709431
, -2.2849440575
, -2.3202471733
, -2.3575227261
, -2.3922312260
, -2.4250481129
, -2.4594120979
, -2.4961225986
, -2.5337319374
, -2.5704331398
, -2.6091496944
, -2.6470863819
, -2.6829321384
, -2.7160162926
, -2.7488255501
, -2.7830083370
, -2.8159258366
, -2.8492968082
, -2.8835234642
, -2.9164550304
, -2.9457190037
, -2.9736828804
, -3.0051331520
, -3.0435662270
, -3.0817682743
, -3.1155092716
, -3.1486487389
, -3.1830153465
, -3.2199354172
, -3.2544119358
, -3.2867949009
, -3.3203806877
, -3.3554034233
, -3.3929586411
, -3.4282410145
, -3.4616987705
, -3.4966635704
, -3.5328497887
, -3.5710277557
, -3.6085033417
, -3.6483616829
, -3.6751055717
, -3.7080616951
, -3.7448348999
, -3.7831554413
, -3.8227932453
, -3.8584065437
, -3.8910355568
, -3.9245882034
, -3.9588518143
, -3.9944641590
, -4.0278182030
, -4.0592513084
, -4.0924501419
, -4.1266965866
, -4.1648502350
, -4.2096571922
, -4.2428660393
, -4.2766208649
, -4.3079614639
, -4.3407878876
, -4.3711762428
, -4.3998856544
, -4.4314727783
, -4.4646234512
, -4.4999351501
, -4.5345454216
, -4.5684046745
, -4.6042575836
, -4.6411685944
, -4.6798334122
, -4.7202138901
, -4.7613172531
, -4.7993535995
, -4.8382515907
, -4.8747806549
, -4.9086685181
, -4.9427499771
, -4.9776887894
, -5.0122447014
, -5.0427484512
, -5.0716009140
, -5.1033592224
, -5.1352314949
, -5.1667275429
, -5.1987314224
, -5.2333598137
, -5.2591657639
, -5.3018217087
, -5.3365125656
, -5.3735523224
, -5.4078512192
, -5.4430718422
, -5.4792380333
, -5.5174741745
, -5.5526962280
, -5.5852022171
, -5.6190123558
, -5.6506624222
