StateVariable_9=[0.0000000000
, 0.0249600001
, 0.0499107279
, 0.0748770013
, 0.0997903347
, 0.1246237904
, 0.1493921727
, 0.1742879897
, 0.2023170143
, 0.2226440310
, 0.2466591150
, 0.2704441845
, 0.2939689755
, 0.3172587752
, 0.3402806222
, 0.3630225658
, 0.3854790032
, 0.4076637328
, 0.4295356572
, 0.4510904253
, 0.4723590016
, 0.4933210611
, 0.5139792562
, 0.5347924829
, 0.5548701882
, 0.5745977759
, 0.5940917134
, 0.6131945252
, 0.6318947077
, 0.6503950357
, 0.6684804559
, 0.6864054799
, 0.7039774060
, 0.7212804556
, 0.7382211089
, 0.7547211051
, 0.7708914876
, 0.7868638039
, 0.8026387095
, 0.8183295727
, 0.8357280493
, 0.8484657407
, 0.8632459044
, 0.8777980208
, 0.8921300173
, 0.9062504172
, 0.9201931357
, 0.9339168668
, 0.9474440813
, 0.9608117938
, 0.9740055799
, 0.9870503545
, 0.9999380112
, 1.0126749277
, 1.0252662897
, 1.0378541946
, 1.0518856049
, 1.0622833967
, 1.0743491650
, 1.0863214731
, 1.0982089043
, 1.1099717617
, 1.1216388941
, 1.1332036257
, 1.1446715593
, 1.1560655832
, 1.1673290730
, 1.1785312891
, 1.1896383762
, 1.2006651163
, 1.2116129398
, 1.2226012945
, 1.2348572016
, 1.2439937592
, 1.2546471357
, 1.2652137280
, 1.2757318020
, 1.2861957550
, 1.2965853214
, 1.3068789244
, 1.3171387911
, 1.3273307085
, 1.3374719620
, 1.3475519419
, 1.3575700521
, 1.3675302267
, 1.3774504662
, 1.3875335455
, 1.3973000050
, 1.4070459604
, 1.4167246819
, 1.4262977839
, 1.4358983040
, 1.4453760386
, 1.4547971487
, 1.4642111063
, 1.4735095501
, 1.4829335213
, 1.4921827316
, 1.5013449192
, 1.5103912354
, 1.5194362402
, 1.5285345316
, 1.5376267433
, 1.5465543270
, 1.5554767847
, 1.5643793344
, 1.5732527971
, 1.5820603371
, 1.5908300877
, 1.5995477438
, 1.6082255840
, 1.6168617010
, 1.6254355907
, 1.6339808702
, 1.6424702406
, 1.6509252787
, 1.6593374014
, 1.6677026749
, 1.6761139631
, 1.6843378544
, 1.6925561428
, 1.7007293701
, 1.7088779211
, 1.7169889212
, 1.7250602245
, 1.7330889702
, 1.7410767078
, 1.7490353584
, 1.7569473982
, 1.7648291588
, 1.7726713419
, 1.7804718018
, 1.7882291079
, 1.7959429026
, 1.8037042618
, 1.8112663031
, 1.8188451529
, 1.8263955116
, 1.8338984251
, 1.8413666487
, 1.8487954140
, 1.8561857939
, 1.8635388613
, 1.8708555698
, 1.8781365156
, 1.8853820562
, 1.8925985098
, 1.8997749090
, 1.9069113731
, 1.9140189886
, 1.9212836027
, 1.9282896519
, 1.9352674484
, 1.9422374964
, 1.9490931034
, 1.9559590816
, 1.9628005028
, 1.9695287943
, 1.9763054848
, 1.9829870462
, 1.9897024632
, 1.9963157177
, 2.0028913021
, 2.0094010830
, 2.0158762932
, 2.0223746300
, 2.0288941860
, 2.0352687836
, 2.0416605473
, 2.0480165482
, 2.0543375015
, 2.0606257915
, 2.0668787956
, 2.0730986595
, 2.0792899132
, 2.0854325294
, 2.0915455818
, 2.0976178646
, 2.1036529541
, 2.1096591949
, 2.1156272888
, 2.1215569973
, 2.1275072098
, 2.1333012581
, 2.1391284466
, 2.1448905468
, 2.1506314278
, 2.1563377380
, 2.1619973183
, 2.1676275730
, 2.1732246876
, 2.1787850857
, 2.1843092442
, 2.1898055077
, 2.1952610016
, 2.2006847858
, 2.2060725689
, 2.2114288807
, 2.2167885303
, 2.2220053673
, 2.2272598743
, 2.2324347496
, 2.2375972271
, 2.2427258492
, 2.2478175163
, 2.2528738976
, 2.2579212189
, 2.2628912926
, 2.2678389549
, 2.2727527618
, 2.2776327133
, 2.2824766636
, 2.2872858047
, 2.2920582294
, 2.2969052792
, 2.3062157631
, 2.3064286709
, 2.3111031055
, 2.3159747124
, 2.3209526539
, 2.3259696960
, 2.3310270309
, 2.3359899521
, 2.3408603668
, 2.3456633091
, 2.3503627777
, 2.3550038338
, 2.3594887257
, 2.3639414310
, 2.3683025837
, 2.3725731373
, 2.3768293858
, 2.3810508251
, 2.3851456642
, 2.3892407417
, 2.3933308125
, 2.3973050117
, 2.4012668133
, 2.4051644802
, 2.4090285301
, 2.4128720760
, 2.4166586399
, 2.4204101563
, 2.4241831303
, 2.4278631210
, 2.4314734936
, 2.4351038933
, 2.4392151833
, 2.4422116280
, 2.4457049370
, 2.4491879940
, 2.4526345730
, 2.4560444355
, 2.4594223499
, 2.4627723694
, 2.4660756588
, 2.4693505764
, 2.4725835323
, 2.4757802486
, 2.4789400101
, 2.4820671082
, 2.4851574898
, 2.4882452488
, 2.4916644096
, 2.4941868782
, 2.4971265793
, 2.5000333786
, 2.5029020309
, 2.5057413578
, 2.5085480213
, 2.5113244057
, 2.5140657425
, 2.5167696476
, 2.5194365978
, 2.5220727921
, 2.5246744156
, 2.5272424221
, 2.5297708511
, 2.5322921276
, 2.5350713730
, 2.5371415615
, 2.5395321846
, 2.5418903828
, 2.5442261696
, 2.5464892387
, 2.5487411022
, 2.5509564877
, 2.5531342030
, 2.5552797318
, 2.5573859215
, 2.5594584942
, 2.5615024567
, 2.5635163784
, 2.5654802322
, 2.5674679279
, 2.5693755150
, 2.5712273121
, 2.5730438232
, 2.5748226643
, 2.5765898228
, 2.5783097744
, 2.5799901485
, 2.5816400051
, 2.5832383633
, 2.5848219395
, 2.5863595009
, 2.5878643990
, 2.5893323421
, 2.5908613205
, 2.5921704769
, 2.5935738087
, 2.5951123238
, 2.5962338448
, 2.5975298882
, 2.5987975597
, 2.6000289917
, 2.6012279987
, 2.6023867130
, 2.6035039425
, 2.6045842171
, 2.6056308746
, 2.6066410542
, 2.6076138020
, 2.6085476875
, 2.6094462872
, 2.6103119850
, 2.6111509800
, 2.6119329929
, 2.6126873493
, 2.6134066582
, 2.6140978336
, 2.6147568226
, 2.6153819561
, 2.6159701347
, 2.6165211201
, 2.6170330048
, 2.6175100803
, 2.6179547310
, 2.6183660030
, 2.6187424660
, 2.6190826893
, 2.6193885803
, 2.6196670532
, 2.6199092865
, 2.6201202869
, 2.6202936172
, 2.6204316616
, 2.6205363274
, 2.6206061840
, 2.6206405163
, 2.6206374168
, 2.6205961704
, 2.6205155849
, 2.6203992367
, 2.6202507019
, 2.6200683117
, 2.6198527813
, 2.6196002960
, 2.6193027496
, 2.6189744473
, 2.6186113358
, 2.6182117462
, 2.6177737713
, 2.6172964573
, 2.6167914867
, 2.6162536144
, 2.6156799793
, 2.6150784492
, 2.6144404411
, 2.6137681007
, 2.6130576134
, 2.6123220921
, 2.6115603447
, 2.6107540131
, 2.6099002361
, 2.6090323925
, 2.6081190109
, 2.6071841717
, 2.6062049866
, 2.6052305698
, 2.6042070389
, 2.6031451225
, 2.6020457745
, 2.6009113789
, 2.5997393131
, 2.5985333920
, 2.5972855091
, 2.5959980488
, 2.5946724415
, 2.5933127403
, 2.5919048786
, 2.5904953480
, 2.5890378952
, 2.5875442028
, 2.5860140324
, 2.5844504833
, 2.5828526020
, 2.5812194347
, 2.5795476437
, 2.5778448582
, 2.5761086941
, 2.5743389130
, 2.5725343227
, 2.5706927776
, 2.5688169003
, 2.5669074059
, 2.5649459362
, 2.5629804134
, 2.5609591007
, 2.5589129925
, 2.5568315983
, 2.5547182560
, 2.5525705814
, 2.5503861904
, 2.5481674671
, 2.5459167957
, 2.5436317921
, 2.5413093567
, 2.5389540195
, 2.5365636349
, 2.5341367722
, 2.5316791534
, 2.5291182995
, 2.5265696049
, 2.5240058899
, 2.5214161873
, 2.5187823772
, 2.5160613060
, 2.5133566856
, 2.5105986595
, 2.5078225136
, 2.5050327778
, 2.5021595955
, 2.4992952347
, 2.4963788986
, 2.4934580326
, 2.4905166626
, 2.4875113964
, 2.4844348431
, 2.4813866615
, 2.4782681465
, 2.4751250744
, 2.4719419479
, 2.4687221050
, 2.4654676914
, 2.4621725082
, 2.4588549137
, 2.4554994106
, 2.4521095753
, 2.4486839771
, 2.4452195168
, 2.4417257309
, 2.4381928444
, 2.4346218109
, 2.4309711456
, 2.4268145561
, 2.4236850739
, 2.4199833870
, 2.4162416458
, 2.4124584198
, 2.4086325169
, 2.4047772884
, 2.4008831978
, 2.3969616890
, 2.3929898739
, 2.3890085220
, 2.3849773407
, 2.3809182644
, 2.3768258095
, 2.3726851940
, 2.3684852123
, 2.3637177944
, 2.3600904942
, 2.3558139801
, 2.3515059948
, 2.3471651077
, 2.3427829742
, 2.3383905888
, 2.3339517117
, 2.3294682503
, 2.3249948025
, 2.3204638958
, 2.3158955574
, 2.3112912178
, 2.3066501617
, 2.3019702435
, 2.2971551418
, 2.2923376560
, 2.2875628471
, 2.2827486992
, 2.2778820992
, 2.2729568481
, 2.2680432796
, 2.2630283833
, 2.2580115795
, 2.2529773712
, 2.2479057312
, 2.2428324223
, 2.2376973629
, 2.2325305939
, 2.2274234295
, 2.2213690281
, 2.2168686390
, 2.2108552456
, 2.2063064575
, 2.2009193897
, 2.1955115795
, 2.1900727749
, 2.1845986843
, 2.1790854931
, 2.1735284328
, 2.1679432392
, 2.1623287201
, 2.1566779613
, 2.1509969234
, 2.1452829838
, 2.1395244598
, 2.1337444782
, 2.1278493404
, 2.1211864948
, 2.1161813736
, 2.1102578640
, 2.1042962074
, 2.0982995033
, 2.0922646523
, 2.0862052441
, 2.0800950527
, 2.0739638805
, 2.0677928925
, 2.0615894794
, 2.0553572178
