time=[0.0000000000
, 1.1543999910
, 1.9974999428
, 2.9974999428
, 3.9967000484
, 4.9984002113
, 5.9974999428
, 6.9974999428
, 7.9966998100
, 8.9967002869
, 9.9967002869
, 10.9967002869
, 11.9967002869
, 12.9975004196
, 13.9967002869
, 15.1291999817
, 15.9983997345
, 17.1509990692
, 17.9967002869
, 18.9967002869
, 19.9967002869
, 20.9967002869
, 21.9974994659
, 22.9967002869
, 23.9967002869
, 24.9974994659
, 25.9974994659
, 26.9974994659
, 27.9967002869
, 28.9967002869
, 29.9967002869
, 31.1116008759
, 32.0159988403
, 33.0234985352
, 34.0192985535
, 35.0201988220
, 36.0218009949
, 37.0150985718
, 38.0192985535
, 39.0143013000
, 40.0227012634
, 41.0243988037
, 42.0159988403
, 43.0209999084
, 44.0143013000
, 45.0041999817
, 45.9975013733
, 47.1535987854
, 47.9975013733
, 49.1484985352
, 49.9967002869
, 50.9967002869
, 51.9967002869
, 52.9967002869
, 53.9967002869
, 54.9984016418
, 55.9975013733
, 56.9975013733
, 57.9967002869
, 58.9967002869
, 59.9967002869
, 60.9967002869
, 61.9967002869
, 63.1552009583
, 63.9975013733
, 64.9966964722
, 65.9983978271
, 66.9974975586
, 67.9966964722
, 68.9966964722
, 69.9966964722
, 70.9966964722
, 71.9966964722
, 72.9974975586
, 73.9966964722
, 74.9966964722
, 75.9966964722
, 77.0243988037
, 78.0150985718
, 79.2214965820
, 80.0118026733
, 81.0167999268
, 82.0134963989
, 83.0101013184
, 84.0126037598
, 85.0243988037
, 85.9974975586
, 86.9974975586
, 87.9966964722
, 88.9974975586
, 89.9966964722
, 90.9966964722
, 91.9966964722
, 92.9966964722
, 93.9966964722
, 95.2014007568
, 96.0177001953
, 97.0210037231
, 98.0193023682
, 99.0234985352
, 100.1585998535
, 101.0210037231
, 102.0226974487
, 103.0150985718
, 104.0202026367
, 105.0150985718
, 106.0234985352
, 107.0251998901
, 108.0159988403
, 109.0034027100
, 109.9983978271
, 111.1660995483
, 111.9983978271
, 112.9991989136
, 113.9974975586
, 114.9974975586
, 115.9983978271
, 116.9983978271
, 117.9974975586
, 118.9974975586
, 119.9974975586
, 120.9974975586
, 121.9974975586
, 122.9974975586
, 123.9974975586
, 124.9974975586
, 125.9983978271
, 127.2222976685
, 127.9991989136
, 128.9992065430
, 129.9974975586
, 131.0016937256
, 131.9974975586
, 132.9983978271
, 133.9974975586
, 134.9974975586
, 135.9974975586
, 136.9974975586
, 137.9967041016
, 138.9974975586
, 139.9974975586
, 140.9967041016
, 141.9967041016
, 143.2769012451
, 144.0101013184
, 144.9983978271
, 145.9974975586
, 146.9974975586
, 147.9967041016
, 148.9967041016
, 149.9967041016
, 150.9967041016
, 151.9967041016
, 152.9967041016
, 153.9967041016
, 154.9967041016
, 155.9967041016
, 156.9967041016
, 157.9967041016
, 159.2407989502
, 160.0570983887
, 161.0243988037
, 162.0202026367
, 163.0260009766
, 164.0227050781
, 165.0151062012
, 166.0218048096
, 167.0117950439
, 168.1896057129
, 169.0066986084
, 170.0227050781
, 171.0234985352
, 172.0151062012
, 173.0034027100
, 173.9967041016
, 175.2937011719
, 176.0352935791
, 176.9983978271
, 177.9967041016
, 178.9974975586
, 179.9967041016
, 180.9967041016
, 181.9967041016
, 182.9974975586
, 183.9967041016
, 184.9983978271
, 185.9983978271
, 186.9974975586
, 187.9974975586
, 188.9967041016
, 189.9967041016
, 191.2693023682
, 192.0462036133
, 193.1484985352
, 193.9974975586
, 195.0000000000
, 195.9983978271
, 196.9974975586
, 197.9967041016
, 198.9967041016
, 199.9967041016
, 200.9967041016
, 201.9967041016
, 202.9967041016
, 203.9967041016
, 204.9974975586
, 205.9974975586
, 207.2801971436
, 208.0596008301
, 209.1417999268
, 209.9967041016
, 210.9992065430
, 211.9967041016
, 212.9967041016
, 213.9967041016
, 214.9983978271
, 215.9974975586
, 216.9974975586
, 217.9967041016
, 218.9967041016
, 219.9967041016
, 220.9967041016
, 221.9967041016
, 223.2987060547
, 224.0697021484
, 225.1443023682
, 225.9974975586
, 226.9974975586
, 227.9967041016
, 228.9967041016
, 229.9967041016
, 230.9967041016
, 231.9967041016
, 233.0025939941
, 233.9974975586
, 234.9974975586
, 235.9974975586
, 236.9974975586
, 237.9967041016
, 239.2516937256
, 240.2005004883
, 241.0234985352
, 242.0234985352
, 243.0234985352
, 244.0227050781
, 245.0193023682
, 246.0218048096
, 247.0151062012
, 248.0209960938
, 249.0135040283
, 250.0243988037
, 251.0227050781
, 252.0151062012
, 253.0034027100
, 253.9974975586
, 255.3289031982
, 256.0989990234
, 257.1543884277
, 257.9984130859
, 258.9974975586
, 259.9974975586
, 260.9974975586
, 261.9974975586
, 262.9984130859
, 263.9974975586
, 264.9984130859
, 266.0008850098
, 266.9984130859
, 267.9984130859
, 268.9974975586
, 269.9974975586
, 271.3591003418
, 272.1149902344
, 273.1510009766
, 273.9974975586
, 274.9992065430
, 275.9984130859
, 276.9974975586
, 277.9967041016
, 278.9974975586
, 280.0033874512
, 280.9974975586
, 281.9974975586
, 282.9974975586
, 283.9984130859
, 284.9984130859
, 285.9992065430
, 287.4052124023
, 288.1384887695
, 289.1543884277
, 289.9974975586
, 290.9974975586
, 291.9967041016
, 292.9967041016
, 293.9974975586
, 294.9984130859
, 295.9974975586
, 296.9974975586
, 297.9967041016
, 298.9967041016
, 299.9967041016
, 300.9974975586
, 301.9984130859
, 302.9967041016
, 304.2366027832
, 305.0252075195
, 306.0227050781
, 307.0234985352
, 308.0217895508
, 309.0252075195
, 310.0217895508
, 311.0159912109
, 312.0217895508
, 313.0134887695
, 314.0244140625
, 315.0217895508
, 316.0159912109
, 317.0050964355
, 317.9967041016
, 318.9967041016
, 319.9984130859
, 320.9984130859
, 321.9974975586
, 323.0000000000
, 323.9984130859
, 324.9967041016
, 325.9974975586
, 326.9974975586
, 327.9967041016
, 328.9967041016
, 329.9967041016
, 330.9967041016
, 331.9967041016
, 332.9967041016
, 333.9974975586
, 334.9967041016
, 336.0058898926
, 336.9992065430
, 337.9967041016
, 338.9967041016
, 339.9967041016
, 340.9967041016
, 341.9967041016
, 342.9967041016
, 343.9967041016
, 344.9967041016
, 345.9974975586
, 346.9974975586
, 347.9967041016
, 348.9967041016
, 349.9967041016
, 350.9967041016
, 352.0050964355
, 352.9984130859
, 353.9967041016
, 354.9967041016
, 355.9967041016
, 356.9974975586
, 357.9967041016
, 358.9967041016
, 359.9967041016
, 360.9967041016
, 361.9967041016
, 362.9967041016
, 363.9967041016
, 364.9967041016
, 365.9967041016
, 366.9967041016
, 368.0192871094
, 369.0227050781
, 370.0217895508
, 371.0268859863
, 372.0217895508
, 373.0209960938
, 374.0209960938
, 375.0134887695
, 376.0202026367
, 377.0108947754
, 378.0227050781
, 379.0227050781
, 380.0143127441
, 381.0159912109
, 382.0126037598
, 383.0177001953
, 384.0168151855
, 385.0108947754
, 386.0411071777
, 387.0101013184
, 388.0168151855
, 388.9974975586
, 389.9967041016
, 391.0000000000
, 392.0017089844
, 392.9967041016
, 393.9974975586
, 395.0083923340
, 396.0017089844
, 396.9984130859
, 397.9974975586
, 399.0168151855
, 400.0083923340
, 401.0017089844
, 401.9974975586
, 402.9974975586
, 404.0008850098
, 405.0008850098
, 406.0008850098
, 407.0093078613
, 407.9992065430
, 409.0000000000
, 409.9974975586
, 410.9974975586
, 411.9974975586
, 412.9974975586
, 413.9974975586
, 414.9974975586
, 416.0058898926
, 417.0017089844
, 417.9974975586
, 418.9974975586
, 419.9974975586
, 420.9974975586
, 421.9992065430
, 422.9974975586
, 423.9967041016
, 424.9974975586
, 425.9984130859
, 426.9984130859
, 427.9974975586
, 428.9984130859
, 429.9984130859
, 430.9974975586
, 432.0234985352
, 433.0217895508
, 434.0244140625
, 435.0285949707
, 436.0227050781
, 437.0260009766
, 438.0234985352
, 439.0168151855
, 440.0202026367
, 441.0134887695
, 442.0244140625
, 443.0134887695
, 444.0168151855
, 445.0101013184
, 446.0025939941
, 446.9984130859
, 448.0093078613
, 449.1409912109
, 449.9967041016
, 451.0479125977
, 451.9967041016
, 452.9974975586
, 453.9984130859
, 455.0033874512
, 456.0000000000
, 456.9984130859
, 457.9967041016
, 458.9967041016
, 459.9967041016
, 460.9967041016
, 461.9967041016
, 462.9967041016
, 464.0075988770
, 465.1552124023
, 465.9992065430
, 466.9974975586
, 467.9974975586
, 468.9967041016
, 469.9967041016
, 470.9967041016
, 471.9967041016
, 472.9967041016
, 473.9984130859
, 474.9974975586
