position=[0.0019039955
, 0.0022847946
, 0.0026655938
, 0.0034271919
, 0.0045695892
, 0.0060927859
, 0.0076159821
, 0.0095199775
, 0.0118047725
, 0.0144703658
, 0.0175167583
, 0.0205631517
, 0.0239903443
, 0.0277983341
, 0.0316063277
, 0.0365567133
, 0.0407455042
, 0.0464574918
, 0.0506462827
, 0.0559774674
, 0.0620702542
, 0.0677822381
, 0.0742558241
, 0.0807294101
, 0.0879645944
, 0.0951997787
, 0.1024349630
, 0.1104317382
, 0.1184285209
, 0.1268061101
, 0.1351836771
, 0.1454652548
, 0.1534620374
, 0.1629820168
, 0.1728827953
, 0.1827835739
, 0.1926843524
, 0.2029659301
, 0.2132475078
, 0.2235290706
, 0.2341914475
, 0.2448538244
, 0.2551354170
, 0.2654169798
, 0.2753177583
, 0.2852185369
, 0.2951193154
, 0.3061624765
, 0.3137784600
, 0.3244408369
, 0.3316760361
, 0.3400536180
, 0.3484311998
, 0.3564279675
, 0.3636631370
, 0.3712791204
, 0.3781335056
, 0.3849878907
, 0.3914614916
, 0.3975542784
, 0.4032662511
, 0.4089782536
, 0.4143094420
, 0.4200214148
, 0.4242102206
, 0.4287798107
, 0.4333494008
, 0.4375381768
, 0.4417269528
, 0.4455349445
, 0.4497237504
, 0.4539125264
, 0.4577205181
, 0.4619093239
, 0.4660980999
, 0.4702869058
, 0.4748564959
, 0.4794260859
, 0.4843764603
, 0.4904692471
, 0.4946580529
, 0.5003700256
, 0.5060819983
, 0.5121747851
, 0.5186483860
, 0.5255028009
, 0.5323571563
, 0.5395923257
, 0.5472083092
, 0.5552051067
, 0.5632019043
, 0.5715794563
, 0.5803378224
, 0.5894770026
, 0.5986161828
, 0.6096593738
, 0.6176561713
, 0.6271761060
, 0.6370769143
, 0.6469776630
, 0.6580208540
, 0.6663984656
, 0.6762992144
, 0.6862000227
, 0.6957199574
, 0.7052399516
, 0.7147599459
, 0.7242798805
, 0.7330383062
, 0.7417966723
, 0.7501742244
, 0.7596942186
, 0.7665486336
, 0.7741646171
, 0.7817806005
, 0.7890157700
, 0.7958701253
, 0.8023437262
, 0.8088173270
, 0.8149101138
, 0.8206220865
, 0.8259532452
, 0.8312844634
, 0.8362348676
, 0.8411852121
, 0.8461356163
, 0.8507052064
, 0.8560364246
, 0.8594635725
, 0.8636524081
, 0.8678411841
, 0.8720299602
, 0.8765995502
, 0.8807883263
, 0.8853579164
, 0.8899275064
, 0.8948779106
, 0.8998283148
, 0.9047786593
, 0.9101098776
, 0.9158218503
, 0.9215338230
, 0.9280074239
, 0.9360042214
, 0.9409546256
, 0.9481897950
, 0.9554249644
, 0.9630409479
, 0.9706569314
, 0.9790344834
, 0.9874120951
, 0.9957896471
, 1.0045480728
, 1.0136872530
, 1.0228264332
, 1.0323463678
, 1.0414855480
, 1.0513863564
, 1.0609062910
, 1.0727111101
, 1.0807079077
, 1.0902278423
, 1.0997477770
, 1.1092678308
, 1.1187877655
, 1.1279269457
, 1.1370661259
, 1.1458245516
, 1.1561061144
, 1.1629605293
, 1.1713380814
, 1.1793348789
, 1.1865700483
, 1.1941859722
, 1.2010403872
, 1.2097988129
, 1.2147492170
, 1.2208420038
, 1.2269346714
, 1.2326467037
, 1.2379778624
, 1.2433091402
, 1.2486402988
, 1.2535907030
, 1.2581602335
, 1.2631106377
, 1.2676802874
, 1.2718690634
, 1.2764385939
, 1.2810082436
, 1.2851970196
, 1.2912898064
, 1.2947169542
, 1.2996673584
, 1.3038561344
, 1.3088065386
, 1.3137569427
, 1.3190881014
, 1.3248001337
, 1.3305120468
, 1.3366048336
, 1.3426976204
, 1.3491712809
, 1.3560255766
, 1.3632608652
, 1.3704960346
, 1.3781119585
, 1.3883935213
, 1.3944863081
, 1.4036254883
, 1.4112415314
, 1.4199998379
, 1.4287582636
, 1.4378974438
, 1.4470366240
, 1.4565565586
, 1.4660766125
, 1.4755965471
, 1.4851164818
, 1.4946365356
, 1.5041564703
, 1.5136764050
, 1.5228155851
, 1.5350011587
, 1.5418555737
, 1.5513756275
, 1.5589915514
, 1.5673691034
, 1.5757467747
, 1.5837434530
, 1.5917402506
, 1.5993562937
, 1.6065914631
, 1.6138266325
, 1.6206810474
, 1.6271545887
, 1.6332473755
, 1.6393401623
, 1.6450521946
, 1.6522873640
, 1.6572377682
, 1.6614265442
, 1.6663769484
, 1.6713272333
, 1.6758968830
, 1.6808472872
, 1.6854168177
, 1.6899864674
, 1.6945559978
, 1.6991256475
, 1.7036951780
, 1.7082648277
, 1.7128343582
, 1.7177847624
, 1.7227351665
, 1.7299703360
, 1.7341591120
, 1.7398711443
, 1.7448215485
, 1.7509143353
, 1.7573878765
, 1.7638614178
, 1.7707158327
, 1.7779510021
, 1.7851861715
, 1.7928022146
, 1.8007990122
, 1.8087958097
, 1.8171733618
, 1.8259317875
, 1.8346900940
, 1.8468756676
, 1.8537300825
, 1.8632500172
, 1.8708660603
, 1.8803859949
, 1.8899059296
, 1.8990451097
, 1.9085651636
, 1.9180850983
, 1.9272242785
, 1.9363634586
, 1.9455026388
, 1.9546418190
, 1.9634002447
, 1.9721585512
, 1.9805362225
, 1.9919601679
, 1.9976720810
, 2.0056688786
, 2.0121424198
, 2.0193777084
, 2.0262320042
, 2.0330865383
, 2.0395600796
, 2.0460336208
, 2.0517456532
, 2.0578384399
, 2.0631694794
, 2.0688815117
, 2.0738320351
, 2.0791630745
, 2.0841135979
, 2.0902063847
, 2.0947759151
, 2.0985839367
, 2.1031534672
, 2.1077229977
, 2.1126735210
, 2.1172430515
, 2.1221933365
, 2.1267631054
, 2.1320941448
, 2.1370446682
, 2.1423757076
, 2.1477069855
, 2.1534190178
, 2.1595118046
, 2.1656045914
, 2.1716973782
, 2.1785516739
, 2.1854062080
, 2.1926412582
, 2.1998765469
, 2.2074923515
, 2.2154891491
, 2.2234859467
, 2.2314827442
, 2.2402410507
, 2.2486188412
, 2.2573771477
, 2.2665162086
, 2.2756555080
, 2.2847945690
, 2.2939338684
, 2.3030729294
, 2.3125929832
, 2.3217322826
, 2.3308713436
, 2.3403913975
, 2.3495304585
, 2.3582890034
, 2.3670473099
, 2.3758056164
, 2.3845639229
, 2.3929417133
, 2.4009382725
, 2.4089350700
, 2.4165511131
, 2.4241671562
, 2.4314022064
, 2.4382567406
, 2.4451110363
, 2.4515845776
, 2.4580583572
, 2.4641511440
, 2.4698629379
, 2.4755749702
, 2.4809062481
, 2.4866182804
, 2.4915685654
, 2.4965188503
, 2.5018501282
, 2.5064196587
, 2.5113701820
, 2.5163204670
, 2.5208899975
, 2.5258405209
, 2.5307908058
, 2.5357413292
, 2.5406916142
, 2.5460228920
, 2.5513539314
, 2.5566852093
, 2.5623972416
, 2.5681092739
, 2.5742020607
, 2.5802948475
, 2.5867683887
, 2.5936226845
, 2.6004772186
, 2.6073315144
, 2.6149475574
, 2.6225633621
, 2.6301794052
, 2.6381762028
, 2.6469345093
, 2.6549313068
, 2.6636898518
, 2.6720674038
, 2.6808257103
, 2.6899650097
, 2.6991040707
, 2.7078623772
, 2.7170016766
, 2.7265217304
, 2.7356607914
, 2.7444190979
, 2.7535583973
, 2.7626974583
, 2.7718367577
, 2.7802143097
, 2.7889726162
, 2.7973501682
, 2.8057277203
, 2.8137245178
, 2.8217213154
, 2.8293373585
, 2.8365726471
, 2.8438076973
, 2.8510429859
, 2.8575165272
, 2.8643708229
, 2.8704636097
, 2.8765563965
, 2.8826491833
, 2.8883612156
, 2.8936924934
, 2.8990235329
, 2.9043548107
, 2.9096860886
, 2.9146363735
, 2.9195866585
, 2.9245371819
, 2.9294874668
, 2.9344379902
, 2.9393882751
, 2.9443387985
, 2.9492890835
, 2.9546203613
, 2.9599514008
, 2.9652826786
, 2.9709947109
, 2.9767067432
, 2.9824185371
, 2.9885113239
, 2.9949851036
, 3.0014586449
, 3.0079321861
, 3.0151672363
, 3.0220217705
, 3.0296378136
, 3.0372536182
, 3.0448696613
, 3.0528664589
, 3.0608632565
, 3.0692408085
, 3.0776183605
, 3.0867576599
, 3.0962774754
, 3.1038935184
, 3.1134135723
, 3.1221718788
, 3.1309301853
, 3.1400694847
, 3.1492085457
, 3.1579670906
, 3.1671061516
, 3.1758644581
, 3.1846230030
, 3.1933813095
, 3.2017588615
, 3.2101364136
, 3.2181332111
, 3.2265107632
, 3.2352693081
, 3.2417428493
, 3.2489778996
, 3.2562131882
, 3.2634484768
, 3.2699220181
, 3.2763955593
, 3.2828691006
, 3.2889618874
, 3.2950546741
, 3.3007667065
, 3.3064787388
, 3.3118097782
, 3.3171410561
, 3.3224723339
, 3.3274226189
, 3.3335154057
, 3.3377041817
, 3.3426544666
, 3.3476049900
, 3.3529362679
, 3.3578865528
, 3.3628368378
, 3.3681681156
, 3.3734993935
, 3.3792111874
, 3.3845424652
, 3.3906352520
, 3.3963472843
, 3.4028208256
, 3.4089136124
, 3.4157679081
, 3.4226224422
, 3.4294767380
, 3.4367120266
, 3.4443278313
, 3.4519438744
, 3.4595599174
, 3.4675567150
, 3.4759342670
, 3.4843118191
, 3.4926893711
, 3.5014479160
, 3.5098254681
, 3.5185837746
, 3.5273420811
, 3.5376236439
, 3.5452396870
, 3.5555212498
, 3.5631372929
, 3.5718955994
, 3.5810348988
, 3.5897932053
, 3.5981707573
, 3.6069290638
, 3.6153068542
, 3.6236844063
, 3.6316812038
, 3.6396780014
, 3.6472938061
, 3.6549098492
, 3.6621451378
, 3.6689994335
, 3.6762347221
, 3.6838505268
, 3.6891818047
, 3.6956553459
