velocity=[0.0000000000
, 0.0003628542
, 0.0027166784
, 0.0088718394
, 0.0212244168
, 0.0426867381
, 0.0757785514
, 0.1214222610
, 0.1807170361
, 0.2550009191
, 0.3455277681
, 0.4528854191
, 0.5760316849
, 0.7142426968
, 0.8668350577
, 1.0322313309
, 1.2102257013
, 1.4009701014
, 1.6032242775
, 1.8146238327
, 2.0341789722
, 2.2622935772
, 2.4970154762
, 2.7380478382
, 2.9847438335
, 3.2378380299
, 3.4962790012
, 3.7583446503
, 4.0242953300
, 4.2934193611
, 4.5649628639
, 4.8379235268
, 5.1129870415
, 5.3885436058
, 5.6647019386
, 5.9422578812
, 6.2200694084
, 6.4962778091
, 6.7701053619
, 7.0397367477
, 7.3034882545
, 7.5604991913
, 7.8095312119
, 8.0479106903
, 8.2726001740
, 8.4806480408
, 8.6705207825
, 8.8412561417
, 8.9906854630
, 9.1163721085
, 9.2180089951
, 9.2939815521
, 9.3439569473
, 9.3691635132
, 9.3698997498
, 9.3454685211
, 9.2978525162
, 9.2277364731
, 9.1368150711
, 9.0264186859
, 8.8973398209
, 8.7505483627
, 8.5882530212
, 8.4120006561
, 8.2230176926
, 8.0236072540
, 7.8155355453
, 7.6009793282
, 7.3814744949
, 7.1588716507
, 6.9346504211
, 6.7123150826
, 6.4948434830
, 6.2836241722
, 6.0813484192
, 5.8902568817
, 5.7121577263
, 5.5493731499
, 5.4032425880
, 5.2761020660
, 5.1692886353
, 5.0838828087
, 5.0209321976
, 4.9803681374
, 4.9624128342
, 4.9673852921
, 4.9953007698
, 5.0455694199
, 5.1170501709
, 5.2089734077
, 5.3204154968
, 5.4492812157
, 5.5940809250
, 5.7540154457
, 5.9282307625
, 6.1143279076
, 6.3096561432
, 6.5130186081
, 6.7216033936
, 6.9335832596
, 7.1463747025
, 7.3566331863
, 7.5615119934
, 7.7594685555
, 7.9490356445
, 8.1271562576
, 8.2919187546
, 8.4420843124
, 8.5767621994
, 8.6934146881
, 8.7905969620
, 8.8665418625
, 8.9203128815
, 8.9524221420
, 8.9624071121
, 8.9509992599
, 8.9185256958
, 8.8648891449
, 8.7903690338
, 8.6966609955
, 8.5849447250
, 8.4558219910
, 8.3100519180
, 8.1496295929
, 7.9763402939
, 7.7929959297
, 7.6026797295
, 7.4070396423
, 7.2075052261
, 7.0061922073
, 6.8047709465
, 6.6051850319
, 6.4098954201
, 6.2222604752
, 6.0437216759
, 5.8765726089
, 5.7228031158
, 5.5847907066
, 5.4636144638
, 5.3595547676
, 5.2738289833
, 5.2078895569
, 5.1623797417
, 5.1389560699
, 5.1370186806
, 5.1568617821
, 5.1992626190
, 5.2630019188
, 5.3466315269
, 5.4482989311
, 5.5678672791
, 5.7036213875
, 5.8528280258
, 6.0138864517
, 6.1857795715
, 6.3667197227
, 6.5549798012
, 6.7474756241
, 6.9433355331
, 7.1396842003
, 7.3336305618
, 7.5239057541
, 7.7091255188
, 7.8866639137
, 8.0541696548
, 8.2101173401
, 8.3522920609
, 8.4787616730
, 8.5879049301
, 8.6786460876
, 8.7498216629
, 8.8009281158
, 8.8312139511
, 8.8393363953
, 8.8266229630
, 8.7926139832
, 8.7377614975
, 8.6636276245
, 8.5714664459
, 8.4624547958
, 8.3371620178
, 8.1962280273
, 8.0418739319
, 7.8769741058
, 7.7030410767
, 7.5213084221
, 7.3349785805
, 7.1457061768
, 6.9543695450
, 6.7639803886
, 6.5771455765
, 6.3952126503
, 6.2212605476
, 6.0563883781
, 5.9018912315
, 5.7603545189
, 5.6333208084
, 5.5216360092
, 5.4270563126
, 5.3514642715
, 5.2954120636
, 5.2593731880
, 5.2428202629
, 5.2458262444
, 5.2689852715
, 5.3125801086
, 5.3754515648
, 5.4569096565
, 5.5561909676
, 5.6709618568
, 5.8007907867
, 5.9455590248
, 6.1027822495
, 6.2695112228
, 6.4437928200
, 6.6235599518
, 6.8076291084
, 6.9942727089
, 7.1812028885
, 7.3660416603
, 7.5465412140
, 7.7207627296
, 7.8867306709
, 8.0417957306
, 8.1845836639
, 8.3128118515
, 8.4252891541
, 8.5216979980
, 8.6005353928
, 8.6611785889
, 8.7029457092
, 8.7261114120
, 8.7303495407
, 8.7152004242
, 8.6813640594
, 8.6293325424
, 8.5589160919
, 8.4701480865
, 8.3644380569
, 8.2431936264
, 8.1085395813
, 7.9612984657
, 7.8027696609
, 7.6349215508
, 7.4601116180
, 7.2801914215
, 7.0985178947
, 6.9168891907
, 6.7371397018
, 6.5610527992
, 6.3904452324
, 6.2266306877
, 6.0709071159
, 5.9248137474
, 5.7908496857
, 5.6708483696
, 5.5671319962
, 5.4805459976
, 5.4109792709
, 5.3593683243
, 5.3267030716
, 5.3137831688
, 5.3201408386
, 5.3457570076
, 5.3906350136
, 5.4536061287
, 5.5339813232
, 5.6312241554
, 5.7438588142
, 5.8709859848
, 6.0119538307
, 6.1648645401
, 6.3276252747
, 6.4980325699
, 6.6735749245
, 6.8512678146
, 7.0301380157
, 7.2085800171
, 7.3835949898
, 7.5539937019
, 7.7182912827
, 7.8736114502
, 8.0182514191
, 8.1512117386
, 8.2716922760
, 8.3780612946
, 8.4692983627
, 8.5437879562
, 8.5999736786
, 8.6367874146
, 8.6549453735
, 8.6551494598
, 8.6369838715
, 8.6000366211
, 8.5451736450
, 8.4731903076
, 8.3852863312
, 8.2814149857
, 8.1636123657
, 8.0325775146
, 7.8906764984
, 7.7386507988
, 7.5791592598
, 7.4153060913
, 7.2518358231
, 7.0847654343
, 6.9155554771
, 6.7461271286
, 6.5787301064
, 6.4165444374
, 6.2609763145
, 6.1140727997
, 5.9767022133
, 5.8515224457
, 5.7393293381
, 5.6410598755
, 5.5575685501
, 5.4906668663
, 5.4422917366
, 5.4124112129
, 5.4001870155
, 5.4066925049
, 5.4319467545
, 5.4757275581
, 5.5367188454
, 5.6143989563
, 5.7084307671
, 5.8168935776
, 5.9376912117
, 6.0705604553
, 6.2130103111
, 6.3636283875
, 6.5218820572
, 6.6861906052
, 6.8541746140
, 7.0231976509
, 7.1910843849
, 7.3566517830
, 7.5177235603
, 7.6725821495
, 7.8208923340
, 7.9604973793
, 8.0882902145
, 8.2025136948
, 8.3027000427
, 8.3887929916
, 8.4595127106
, 8.5132007599
, 8.5493974686
, 8.5676403046
, 8.5683717728
, 8.5513887405
, 8.5163068771
, 8.4638395309
, 8.3949861526
, 8.3113327026
, 8.2135057449
, 8.1017971039
, 7.9774947166
, 7.8420486450
, 7.6983981133
, 7.5469651222
, 7.3893480301
, 7.2285947800
, 7.0652713776
, 6.9017901421
, 6.7403554916
, 6.5818462372
, 6.4285349846
, 6.2821054459
, 6.1440629959
, 6.0158753395
, 5.8997402191
, 5.7969923019
, 5.7081818581
, 5.6344766617
, 5.5764584541
, 5.5347714424
, 5.5095143318
, 5.5010480881
, 5.5102729797
, 5.5366292000
, 5.5788140297
, 5.6375799179
, 5.7120008469
, 5.8003630638
, 5.9022307396
, 6.0175027847
, 6.1441426277
, 6.2807178497
, 6.4247469902
, 6.5745110512
, 6.7292628288
, 6.8872261047
, 7.0452890396
, 7.2021718025
, 7.3575224876
, 7.5092635155
, 7.6542172432
, 7.7912764549
, 7.9195423126
, 8.0385208130
, 8.1454877853
, 8.2397031784
, 8.3198900223
, 8.3852386475
, 8.4347591400
, 8.4682064056
, 8.4845819473
, 8.4832859039
, 8.4650325775
, 8.4309654236
, 8.3805828094
, 8.3153762817
, 8.2350845337
, 8.1407203674
, 8.0341510773
, 7.9160251617
, 7.7867989540
, 7.6481728554
, 7.5026292801
, 7.3525595665
, 7.1990175247
, 7.0434665680
, 6.8878674507
, 6.7342123985
, 6.5843057632
, 6.4397006035
, 6.3016738892
, 6.1716074944
, 6.0518498421
, 5.9438390732
, 5.8482689857
, 5.7661151886
, 5.6980257034
, 5.6439766884
, 5.6050209999
, 5.5826911926
, 5.5766873360
, 5.5864410400
, 5.6129474640
, 5.6548953056
, 5.7128252983
, 5.7856364250
, 5.8718595505
, 5.9703269005
, 6.0797266960
, 6.1993470192
, 6.3280982971
, 6.4656395912
, 6.6087260246
, 6.7558641434
, 6.9062304497
, 7.0585026741
, 7.2095141411
, 7.3578290939
, 7.5018386841
, 7.6393160820
, 7.7695879936
, 7.8908877373
, 8.0019273758
, 8.1017971039
, 8.1888370514
, 8.2619972229
, 8.3202543259
, 8.3641281128
, 8.3925304413
, 8.4051837921
, 8.4015417099
, 8.3823471069
, 8.3486385345
, 8.2993574142
, 8.2349338531
, 8.1568803787
, 8.0661277771
, 7.9640698433
, 7.8515744209
, 7.7299504280
, 7.5998926163
, 7.4629788399
, 7.3210234642
, 7.1750321388
, 7.0277256966
, 6.8803768158
, 6.7342429161
, 6.5912189484
, 6.4540700912
, 6.3234195709
, 6.1998915672
, 6.0855402946
, 5.9820752144
, 5.8912100792
, 5.8129525185
, 5.7490153313
, 5.6994094849
, 5.6655173302
, 5.6466541290
, 5.6435246468
, 5.6563158035
, 5.6844406128
, 5.7280344963
, 5.7872509956
, 5.8606042862
, 5.9463014603
, 6.0436573029
, 6.1526083946
, 6.2718901634
, 6.3992714882
, 6.5333561897
, 6.6715202332
, 6.8125205040
, 6.9549541473
, 7.0973763466
, 7.2387900352
, 7.3777799606
, 7.5124311447
, 7.6409473419
, 7.7631654739
, 7.8771686554
, 7.9805212021
, 8.0729742050
, 8.1535615921
, 8.2215681076
, 8.2757520676
, 8.3155755997
, 8.3402090073
, 8.3496179581
, 8.3431129456
, 8.3202371597
, 8.2827377319
, 8.2309360504
, 8.1645565033
