torque=[5.0000000000
, 5.0000000000
, 5.0000000000
, 5.0000000000
, 5.0000000000
, 5.0000000000
, 5.0000000000
, 5.0000000000
, 5.0000000000
, 5.0000000000
, 5.0000000000
, 5.0000000000
, 5.0000000000
, 5.0000000000
, 5.0000000000
, 5.0000000000
, 5.0000000000
, 5.0000000000
, 5.0000000000
, 5.0000000000
, 5.0000000000
, 5.0000000000
, 5.0000000000
, 5.0000000000
, 5.0000000000
, 5.0000000000
, 5.0000000000
, 5.0000000000
, 5.0000000000
, 5.0000000000
, 5.0000000000
, 5.0000000000
, 5.0000000000
, 4.3509321213
, 3.6053047180
, 2.8559036255
, 2.1058125496
, 1.3600499630
, 0.6207154989
, -0.1072892174
, -0.8194183111
, -1.5133478642
, -2.1857342720
, -2.8293588161
, -3.4360203743
, -3.9977498055
, -4.5104060173
, -4.9713916779
, -5.0000000000
, -5.0000000000
, -5.0000000000
, -5.0000000000
, -5.0000000000
, -5.0000000000
, -5.0000000000
, -5.0000000000
, -5.0000000000
, -5.0000000000
, -5.0000000000
, -5.0000000000
, -5.0000000000
, -4.7264804840
, -4.2882833481
, -3.8124017715
, -3.3021478653
, -2.7637395859
, -2.2019460201
, -1.6226441860
, -1.0299811363
, -0.4289534688
, 0.1764438599
, 0.7767492533
, 1.3639225960
, 1.9342147112
, 2.4803593159
, 2.9963064194
, 3.4771740437
, 3.9166924953
, 4.3112449646
, 4.6545243263
, 4.9429206848
, 5.0000000000
, 5.0000000000
, 5.0000000000
, 5.0000000000
, 5.0000000000
, 5.0000000000
, 5.0000000000
, 5.0000000000
, 4.8357715607
, 4.5348782539
, 4.1869406700
, 3.7959814072
, 3.3641583920
, 2.8937768936
, 2.3913147449
, 1.8639284372
, 1.3148497343
, 0.7516708374
, 0.1793251932
, -0.3952116966
, -0.9629095793
, -1.5160824060
, -2.0505650043
, -2.5623962879
, -3.0433218479
, -3.4881806374
, -3.8936276436
, -4.2572579384
, -4.5722198486
, -4.8346118927
, -5.0000000000
, -5.0000000000
, -5.0000000000
, -5.0000000000
, -5.0000000000
, -5.0000000000
, -5.0000000000
, -4.8339962959
, -4.5809845924
, -4.2793507576
, -3.9307193756
, -3.5371401310
, -3.1039998531
, -2.6361188889
, -2.1410889626
, -1.6272352934
, -1.0990070105
, -0.5602641106
, -0.0167189594
, 0.5271184444
, 1.0660004616
, 1.5932823420
, 2.0998966694
, 2.5819513798
, 3.0332539082
, 3.4484314919
, 3.8210651875
, 4.1482410431
, 4.4292020798
, 4.6606616974
, 4.8386983871
, 4.9615745544
, 5.0000000000
, 5.0000000000
, 4.9764733315
, 4.8619909286
, 4.6898946762
, 4.4640951157
, 4.1895928383
, 3.8667583466
, 3.5002222061
, 3.0973644257
, 2.6625065804
, 2.1983952522
, 1.7098567486
, 1.2015545368
, 0.6818158031
, 0.1529940665
, -0.3771473467
, -0.9008024931
, -1.4145455360
, -1.9146388769
, -2.3939926624
, -2.8462581635
, -3.2673168182
, -3.6511886120
, -3.9926564693
, -4.2873435020
, -4.5323443413
, -4.7245182991
, -4.8625059128
, -4.9442777634
, -4.9662084579
, -4.9318819046
, -4.8400578499
, -4.6919560432
, -4.4917945862
, -4.2429594994
, -3.9486279488
, -3.6103374958
, -3.2298157215
, -2.8130595684
, -2.3678300381
, -1.8982108831
, -1.4075326920
, -0.9044421911
, -0.3934066892
, 0.1232022271
, 0.6372529268
, 1.1417069435
, 1.6329258680
, 2.1025965214
, 2.5477514267
, 2.9648935795
, 3.3470427990
, 3.6900339127
, 3.9915828705
, 4.2469477654
, 4.4510464668
, 4.6023874283
, 4.6996922493
, 4.7443852425
, 4.7362689972
, 4.6737399101
, 4.5560336113
, 4.3862810135
, 4.1663436890
, 3.8982844353
, 3.5884029865
, 3.2378649712
, 2.8469905853
, 2.4224879742
, 1.9723197222
, 1.5017594099
, 1.0163881779
, 0.5194014311
, 0.0154636856
, -0.4892477989
, -0.9883124828
, -1.4756612778
, -1.9460593462
, -2.3941729069
, -2.8128485680
, -3.1983759403
, -3.5445919037
, -3.8482806683
, -4.1085844040
, -4.3214454651
, -4.4851822853
, -4.5979533195
, -4.6605010033
, -4.6719436646
, -4.6310410500
, -4.5396828651
, -4.3991980553
, -4.2090735435
, -3.9693999290
, -3.6839828491
, -3.3566226959
, -2.9930567741
, -2.5955059528
, -2.1674780846
, -1.7142882347
, -1.2423013449
, -0.7565168142
, -0.2659983039
, 0.2243991792
, 0.7097228169
, 1.1851574183
, 1.6457978487
, 2.0880970955
, 2.5085508823
, 2.9030029774
, 3.2647058964
, 3.5887093544
, 3.8687436581
, 4.1025257111
, 4.2903561592
, 4.4297056198
, 4.5179018974
, 4.5527853966
, 4.5356197357
, 4.4664559364
, 4.3452854156
, 4.1752634048
, 3.9582505226
, 3.6956946850
, 3.3915812969
, 3.0483379364
, 2.6677246094
, 2.2548656464
, 1.8154118061
, 1.3553121090
, 0.8813477159
, 0.4015769064
, -0.0813726410
, -0.5631660223
, -1.0357065201
, -1.4957829714
, -1.9393864870
, -2.3587508202
, -2.7492787838
, -3.1082715988
, -3.4335691929
, -3.7207655907
, -3.9671056271
, -4.1682276726
, -4.3199291229
, -4.4193258286
, -4.4683523178
, -4.4689035416
, -4.4198565483
, -4.3200988770
, -4.1719689369
, -3.9776139259
, -3.7402729988
, -3.4598205090
, -3.1417534351
, -2.7879593372
, -2.4048266411
, -1.9943571091
, -1.5637300014
, -1.1213264465
, -0.6799567342
, -0.2288666666
, 0.2280002087
, 0.6854567528
, 1.1374287605
, 1.5753300190
, 1.9953639507
, 2.3920035362
, 2.7629039288
, 3.1008894444
, 3.4038107395
, 3.6691384315
, 3.8945648670
, 4.0751996040
, 4.2058124542
, 4.2864894867
, 4.3194952011
, 4.3019304276
, 4.2337436676
, 4.1155357361
, 3.9508590698
, 3.7411227226
, 3.4872369766
, 3.1943874359
, 2.8682336807
, 2.5094866753
, 2.1248722076
, 1.7182033062
, 1.2909184694
, 0.8472853899
, 0.3937285542
, -0.0626336560
, -0.5159278512
, -0.9629598260
, -1.3978536129
, -1.8159718513
, -2.2164092064
, -2.5933430195
, -2.9383835793
, -3.2467870712
, -3.5172901154
, -3.7497410774
, -3.9406843185
, -4.0856418610
, -4.1833729744
, -4.2326288223
, -4.2346038818
, -4.1887497902
, -4.0940284729
, -3.9523668289
, -3.7664625645
, -3.5405983925
, -3.2764654160
, -2.9748520851
, -2.6392357349
, -2.2735314369
, -1.8856749535
, -1.4768058062
, -1.0512397289
, -0.6172059178
, -0.1762327254
, 0.2651666105
, 0.7010401487
, 1.1290152073
, 1.5429555178
, 1.9383152723
, 2.3110299110
, 2.6571366787
, 2.9707014561
, 3.2481207848
, 3.4879090786
, 3.6869130135
, 3.8435621262
, 3.9561171532
, 4.0243110657
, 4.0471701622
, 4.0222630501
, 3.9511010647
, 3.8372020721
, 3.6785342693
, 3.4775977135
, 3.2390196323
, 2.9639770985
, 2.6527423859
, 2.3108148575
, 1.9420617819
, 1.5531830788
, 1.1488201618
, 0.7309903502
, 0.3044895232
, -0.1222804040
, -0.5458638668
, -0.9653106928
, -1.3750114441
, -1.7663865089
, -2.1364464760
, -2.4827642441
, -2.8040060997
, -3.0928170681
, -3.3471984863
, -3.5637030602
, -3.7401442528
, -3.8738496304
, -3.9641573429
, -4.0083713531
, -4.0048718452
, -3.9555878639
, -3.8636066914
, -3.7275736332
, -3.5515160561
, -3.3347282410
, -3.0799450874
, -2.7922079563
, -2.4732680321
, -2.1243572235
, -1.7500667572
, -1.3570990562
, -0.9519108534
, -0.5373473167
, -0.1173597351
, 0.3027578890
, 0.7176265121
, 1.1223744154
, 1.5128083229
, 1.8854805231
, 2.2366597652
, 2.5600054264
, 2.8516345024
, 3.1096737385
, 3.3314890862
, 3.5153305531
, 3.6612629890
, 3.7664432526
, 3.8267338276
, 3.8429441452
, 3.8166091442
, 3.7450418472
, 3.6317827702
, 3.4753715992
, 3.2787816525
, 3.0459792614
, 2.7801172733
, 2.4847378731
, 2.1617629528
, 1.8141345978
, 1.4427731037
, 1.0564397573
, 0.6591668129
, 0.2531777918
, -0.1579572260
, -0.5656881928
, -0.9661385417
, -1.3549644947
, -1.7261533737
, -2.0778875351
, -2.4053969383
, -2.7052040100
, -2.9748520851
, -3.2098600864
, -3.4073925018
, -3.5646867752
, -3.6831459999
, -3.7598321438
, -3.7939963341
, -3.7841625214
, -3.7323372364
, -3.6413240433
, -3.5082650185
, -3.3343214989
, -3.1235771179
, -2.8785450459
, -2.6029884815
, -2.2992508411
, -1.9708662033
, -1.6197100878
, -1.2500429153
, -0.8667633533
, -0.4725867808
, -0.0748593807
, 0.3229826093
, 0.7175441384
, 1.1037088633
, 1.4740107059
, 1.8267672062
, 2.1602928638
, 2.4690411091
, 2.7483968735
, 2.9937326908
, 3.2050282955
, 3.3776586056
, 3.5115942955
, 3.6031031609
, 3.6540338993
, 3.6624834538
, 3.6279473305
, 3.5520102978
, 3.4343068600
, 3.2744224072
, 3.0763683319
, 2.8449859619
, 2.5821251869
, 2.2879574299
, 1.9658966064
, 1.6219669580
, 1.2599382401
, 0.8868953586
, 0.5061946511
, 0.1216237992
, -0.2629161477
, -0.6447330713
, -1.0200059414
, -1.3835641146
