StateVariable_6=[7.0000000000
, 6.9996371269
, 6.9972834587
, 6.9911279678
, 6.9787755013
, 6.9573130608
, 6.9242215157
, 6.8785777092
, 6.8192830086
, 6.7449989319
, 6.6544723511
, 6.5471143723
, 6.4239683151
, 6.2857570648
, 6.1331648827
, 5.9677686691
, 5.7897744179
, 5.5990300179
, 5.3967757225
, 5.1853761673
, 4.9658212662
, 4.7377061844
, 4.5029845238
, 4.2619524002
, 4.0152559280
, 3.7621619701
, 3.5037209988
, 3.2416553497
, 2.9757046700
, 2.7065806389
, 2.4350371361
, 2.1620764732
, 1.8870129585
, 1.6114563942
, 1.3352980614
, 1.0577421188
, 0.7799305916
, 0.5037221909
, 0.2298946381
, -0.0397367477
, -0.3034882545
, -0.5604991913
, -0.8095312119
, -1.0479106903
, -1.2726001740
, -1.4806480408
, -1.6705207825
, -1.8412561417
, -1.9906854630
, -2.1163721085
, -2.2180089951
, -2.2939815521
, -2.3439569473
, -2.3691635132
, -2.3698997498
, -2.3454685211
, -2.2978525162
, -2.2277364731
, -2.1368150711
, -2.0264186859
, -1.8973398209
, -1.7505483627
, -1.5882530212
, -1.4120006561
, -1.2230176926
, -1.0236072540
, -0.8155355453
, -0.6009793282
, -0.3814744949
, -0.1588716507
, 0.0653495789
, 0.2876849174
, 0.5051565170
, 0.7163758278
, 0.9186515808
, 1.1097431183
, 1.2878422737
, 1.4506268501
, 1.5967574120
, 1.7238979340
, 1.8307113647
, 1.9161171913
, 1.9790678024
, 2.0196318626
, 2.0375871658
, 2.0326147079
, 2.0046992302
, 1.9544305801
, 1.8829498291
, 1.7910265923
, 1.6795845032
, 1.5507187843
, 1.4059190750
, 1.2459845543
, 1.0717692375
, 0.8856720924
, 0.6903438568
, 0.4869813919
, 0.2783966064
, 0.0664167404
, -0.1463747025
, -0.3566331863
, -0.5615119934
, -0.7594685555
, -0.9490356445
, -1.1271562576
, -1.2919187546
, -1.4420843124
, -1.5767621994
, -1.6934146881
, -1.7905969620
, -1.8665418625
, -1.9203128815
, -1.9524221420
, -1.9624071121
, -1.9509992599
, -1.9185256958
, -1.8648891449
, -1.7903690338
, -1.6966609955
, -1.5849447250
, -1.4558219910
, -1.3100519180
, -1.1496295929
, -0.9763402939
, -0.7929959297
, -0.6026797295
, -0.4070396423
, -0.2075052261
, -0.0061922073
, 0.1952290535
, 0.3948149681
, 0.5901045799
, 0.7777395248
, 0.9562783241
, 1.1234273911
, 1.2771968842
, 1.4152092934
, 1.5363855362
, 1.6404452324
, 1.7261710167
, 1.7921104431
, 1.8376202583
, 1.8610439301
, 1.8629813194
, 1.8431382179
, 1.8007373810
, 1.7369980812
, 1.6533684731
, 1.5517010689
, 1.4321327209
, 1.2963786125
, 1.1471719742
, 0.9861135483
, 0.8142204285
, 0.6332802773
, 0.4450201988
, 0.2525243759
, 0.0566644669
, -0.1396842003
, -0.3336305618
, -0.5239057541
, -0.7091255188
, -0.8866639137
, -1.0541696548
, -1.2101173401
, -1.3522920609
, -1.4787616730
, -1.5879049301
, -1.6786460876
, -1.7498216629
, -1.8009281158
, -1.8312139511
, -1.8393363953
, -1.8266229630
, -1.7926139832
, -1.7377614975
, -1.6636276245
, -1.5714664459
, -1.4624547958
, -1.3371620178
, -1.1962280273
, -1.0418739319
, -0.8769741058
, -0.7030410767
, -0.5213084221
, -0.3349785805
, -0.1457061768
, 0.0456304550
, 0.2360196114
, 0.4228544235
, 0.6047873497
, 0.7787394524
, 0.9436116219
, 1.0981087685
, 1.2396454811
, 1.3666791916
, 1.4783639908
, 1.5729436874
, 1.6485357285
, 1.7045879364
, 1.7406268120
, 1.7571797371
, 1.7541737556
, 1.7310147285
, 1.6874198914
, 1.6245484352
, 1.5430903435
, 1.4438090324
, 1.3290381432
, 1.1992092133
, 1.0544409752
, 0.8972177505
, 0.7304887772
, 0.5562071800
, 0.3764400482
, 0.1923708916
, 0.0057272911
, -0.1812028885
, -0.3660416603
, -0.5465412140
, -0.7207627296
, -0.8867306709
, -1.0417957306
, -1.1845836639
, -1.3128118515
, -1.4252891541
, -1.5216979980
, -1.6005353928
, -1.6611785889
, -1.7029457092
, -1.7261114120
, -1.7303495407
, -1.7152004242
, -1.6813640594
, -1.6293325424
, -1.5589160919
, -1.4701480865
, -1.3644380569
, -1.2431936264
, -1.1085395813
, -0.9612984657
, -0.8027696609
, -0.6349215508
, -0.4601116180
, -0.2801914215
, -0.0985178947
, 0.0831108093
, 0.2628602982
, 0.4389472008
, 0.6095547676
, 0.7733693123
, 0.9290928841
, 1.0751862526
, 1.2091503143
, 1.3291516304
, 1.4328680038
, 1.5194540024
, 1.5890207291
, 1.6406316757
, 1.6732969284
, 1.6862168312
, 1.6798591614
, 1.6542429924
, 1.6093649864
, 1.5463938713
, 1.4660186768
, 1.3687758446
, 1.2561411858
, 1.1290140152
, 0.9880461693
, 0.8351354599
, 0.6723747253
, 0.5019674301
, 0.3264250755
, 0.1487321854
, -0.0301380157
, -0.2085800171
, -0.3835949898
, -0.5539937019
, -0.7182912827
, -0.8736114502
, -1.0182514191
, -1.1512117386
, -1.2716922760
, -1.3780612946
, -1.4692983627
, -1.5437879562
, -1.5999736786
, -1.6367874146
, -1.6549453735
, -1.6551494598
, -1.6369838715
, -1.6000366211
, -1.5451736450
, -1.4731903076
, -1.3852863312
, -1.2814149857
, -1.1636123657
, -1.0325775146
, -0.8906764984
, -0.7386507988
, -0.5791592598
, -0.4153060913
, -0.2518358231
, -0.0847654343
, 0.0844445229
, 0.2538728714
, 0.4212698936
, 0.5834555626
, 0.7390236855
, 0.8859272003
, 1.0232977867
, 1.1484775543
, 1.2606706619
, 1.3589401245
, 1.4424314499
, 1.5093331337
, 1.5577082634
, 1.5875887871
, 1.5998129845
, 1.5933074951
, 1.5680532455
, 1.5242724419
, 1.4632811546
, 1.3856010437
, 1.2915692329
, 1.1831064224
, 1.0623087883
, 0.9294395447
, 0.7869896889
, 0.6363716125
, 0.4781179428
, 0.3138093948
, 0.1458253860
, -0.0231976509
, -0.1910843849
, -0.3566517830
, -0.5177235603
, -0.6725821495
, -0.8208923340
, -0.9604973793
, -1.0882902145
, -1.2025136948
, -1.3027000427
, -1.3887929916
, -1.4595127106
, -1.5132007599
, -1.5493974686
, -1.5676403046
, -1.5683717728
, -1.5513887405
, -1.5163068771
, -1.4638395309
, -1.3949861526
, -1.3113327026
, -1.2135057449
, -1.1017971039
, -0.9774947166
, -0.8420486450
, -0.6983981133
, -0.5469651222
, -0.3893480301
, -0.2285947800
, -0.0652713776
, 0.0982098579
, 0.2596445084
, 0.4181537628
, 0.5714650154
, 0.7178945541
, 0.8559370041
, 0.9841246605
, 1.1002597809
, 1.2030076981
, 1.2918181419
, 1.3655233383
, 1.4235415459
, 1.4652285576
, 1.4904856682
, 1.4989519119
, 1.4897270203
, 1.4633708000
, 1.4211859703
, 1.3624200821
, 1.2879991531
, 1.1996369362
, 1.0977692604
, 0.9824972153
, 0.8558573723
, 0.7192821503
, 0.5752530098
, 0.4254889488
, 0.2707371712
, 0.1127738953
, -0.0452890396
, -0.2021718025
, -0.3575224876
, -0.5092635155
, -0.6542172432
, -0.7912764549
, -0.9195423126
, -1.0385208130
, -1.1454877853
, -1.2397031784
, -1.3198900223
, -1.3852386475
, -1.4347591400
, -1.4682064056
, -1.4845819473
, -1.4832859039
, -1.4650325775
, -1.4309654236
, -1.3805828094
, -1.3153762817
, -1.2350845337
, -1.1407203674
, -1.0341510773
, -0.9160251617
, -0.7867989540
, -0.6481728554
, -0.5026292801
, -0.3525595665
, -0.1990175247
, -0.0434665680
, 0.1121325493
, 0.2657876015
, 0.4156942368
, 0.5602993965
, 0.6983261108
, 0.8283925056
, 0.9481501579
, 1.0561609268
, 1.1517310143
, 1.2338848114
, 1.3019742966
, 1.3560233116
, 1.3949790001
, 1.4173088074
, 1.4233126640
, 1.4135589600
, 1.3870525360
, 1.3451046944
, 1.2871747017
, 1.2143635750
, 1.1281404495
, 1.0296730995
, 0.9202733040
, 0.8006529808
, 0.6719017029
, 0.5343604088
, 0.3912739754
, 0.2441358566
, 0.0937695503
, -0.0585026741
, -0.2095141411
, -0.3578290939
, -0.5018386841
, -0.6393160820
, -0.7695879936
, -0.8908877373
, -1.0019273758
, -1.1017971039
, -1.1888370514
, -1.2619972229
, -1.3202543259
, -1.3641281128
, -1.3925304413
, -1.4051837921
, -1.4015417099
, -1.3823471069
, -1.3486385345
, -1.2993574142
, -1.2349338531
, -1.1568803787
, -1.0661277771
, -0.9640698433
, -0.8515744209
, -0.7299504280
, -0.5998926163
, -0.4629788399
, -0.3210234642
, -0.1750321388
, -0.0277256966
, 0.1196231842
, 0.2657570839
, 0.4087810516
, 0.5459299088
, 0.6765804291
, 0.8001084328
, 0.9144597054
, 1.0179247856
, 1.1087899208
, 1.1870474815
, 1.2509846687
, 1.3005905151
, 1.3344826698
, 1.3533458710
, 1.3564753532
, 1.3436841965
, 1.3155593872
, 1.2719655037
, 1.2127490044
, 1.1393957138
, 1.0536985397
, 0.9563426971
, 0.8473916054
, 0.7281098366
, 0.6007285118
, 0.4666438103
, 0.3284797668
, 0.1874794960
, 0.0450458527
, -0.0973763466
, -0.2387900352
, -0.3777799606
, -0.5124311447
