% ----- Distribution at level 0 (first lattice):

lvl0 = [
 392 8.23303E+05  0.00075 % a
 393 7.97116E+05  0.00075 % a
 394 8.22779E+05  0.00076 % a
 426 1.11990E+06  0.00068 % a
 427 1.19143E+06  0.00063 % a
 428 9.25250E+05  0.00065 % a
 429 8.12531E+05  0.00066 % a
 430 8.11310E+05  0.00067 % a
 431 9.26020E+05  0.00065 % a
 432 1.19450E+06  0.00063 % a
 433 1.12232E+06  0.00067 % a
 462 1.19191E+06  0.00062 % a
 463 1.51323E+06  0.00054 % a
 464 1.40456E+06  0.00052 % a
 466 1.05865E+06  0.00054 % a
 468 1.40906E+06  0.00053 % a
 469 1.51847E+06  0.00054 % a
 470 1.19419E+06  0.00063 % a
 497 8.16865E+05  0.00075 % a
 498 9.22024E+05  0.00065 % a
 499 1.40546E+06  0.00053 % a
 500 2.03390E+06  0.00045 % a
 501 2.00735E+06  0.00043 % a
 502 1.98536E+06  0.00042 % a
 503 1.98596E+06  0.00042 % a
 504 2.00848E+06  0.00042 % a
 505 2.03857E+06  0.00045 % a
 506 1.40767E+06  0.00052 % a
 507 9.23817E+05  0.00065 % a
 508 8.18660E+05  0.00076 % a
 533 7.88626E+05  0.00075 % a
 534 8.06112E+05  0.00066 % a
 536 2.00873E+06  0.00043 % a
 537 2.17092E+06  0.00038 % a
 538 2.32755E+06  0.00037 % a
 539 2.36630E+06  0.00036 % a
 540 2.32800E+06  0.00036 % a
 541 2.17396E+06  0.00038 % a
 542 2.01165E+06  0.00042 % a
 544 8.05451E+05  0.00067 % a
 545 7.90360E+05  0.00076 % a
 569 8.10385E+05  0.00076 % a
 570 8.01780E+05  0.00067 % a
 571 1.05140E+06  0.00054 % a
 572 1.98320E+06  0.00042 % a
 573 2.33550E+06  0.00037 % a
 574 2.69669E+06  0.00034 % a
 575 2.79109E+06  0.00033 % a
 576 2.79290E+06  0.00033 % a
 577 2.69950E+06  0.00034 % a
 578 2.33954E+06  0.00037 % a
 579 1.98401E+06  0.00042 % a
 580 1.05152E+06  0.00054 % a
 581 8.03730E+05  0.00067 % a
 582 8.11590E+05  0.00077 % a
 606 9.10069E+05  0.00065 % a
 608 1.96573E+06  0.00042 % a
 609 2.36541E+06  0.00036 % a
 610 2.83150E+06  0.00033 % a
 611 3.03222E+06  0.00031 % a
 613 3.03361E+06  0.00031 % a
 614 2.83461E+06  0.00033 % a
 615 2.36711E+06  0.00036 % a
 616 1.96784E+06  0.00042 % a
 618 9.10364E+05  0.00066 % a
 642 1.17060E+06  0.00063 % a
 643 1.37994E+06  0.00053 % a
 644 1.96857E+06  0.00043 % a
 645 2.28670E+06  0.00037 % a
 646 2.76813E+06  0.00033 % a
 647 3.09001E+06  0.00031 % a
 648 3.25457E+06  0.00030 % a
 649 3.25338E+06  0.00030 % a
 650 3.09276E+06  0.00031 % a
 651 2.77134E+06  0.00033 % a
 652 2.28864E+06  0.00037 % a
 653 1.97350E+06  0.00043 % a
 654 1.38151E+06  0.00053 % a
 655 1.17157E+06  0.00063 % a
 678 1.09908E+06  0.00068 % a
 679 1.48416E+06  0.00055 % a
 680 1.99279E+06  0.00045 % a
 681 2.11894E+06  0.00039 % a
 682 2.60634E+06  0.00034 % a
 684 3.24950E+06  0.00030 % a
 685 3.37607E+06  0.00029 % a
 686 3.25295E+06  0.00030 % a
 688 2.61057E+06  0.00034 % a
 689 2.12266E+06  0.00038 % a
 690 1.99579E+06  0.00046 % a
 691 1.48491E+06  0.00055 % a
 692 1.09738E+06  0.00068 % a
 715 1.16891E+06  0.00063 % a
 716 1.37903E+06  0.00053 % a
 717 1.96770E+06  0.00043 % a
 718 2.28447E+06  0.00037 % a
 719 2.76583E+06  0.00033 % a
 720 3.09008E+06  0.00031 % a
 721 3.25424E+06  0.00029 % a
 722 3.25739E+06  0.00030 % a
 723 3.09691E+06  0.00031 % a
 724 2.77271E+06  0.00033 % a
 725 2.28906E+06  0.00037 % a
 726 1.97056E+06  0.00043 % a
 727 1.37885E+06  0.00053 % a
 728 1.16964E+06  0.00063 % a
 752 9.09335E+05  0.00066 % a
 754 1.96398E+06  0.00042 % a
 755 2.36236E+06  0.00036 % a
 756 2.83005E+06  0.00033 % a
 757 3.03071E+06  0.00031 % a
 759 3.03496E+06  0.00031 % a
 760 2.83629E+06  0.00033 % a
 761 2.36674E+06  0.00036 % a
 762 1.96763E+06  0.00042 % a
 764 9.08965E+05  0.00066 % a
 788 8.10106E+05  0.00077 % a
 789 8.01313E+05  0.00067 % a
 790 1.04984E+06  0.00054 % a
 791 1.97932E+06  0.00042 % a
 792 2.33320E+06  0.00037 % a
 793 2.69445E+06  0.00034 % a
 794 2.79091E+06  0.00033 % a
 795 2.79072E+06  0.00032 % a
 796 2.69741E+06  0.00034 % a
 797 2.33814E+06  0.00036 % a
 798 1.98548E+06  0.00042 % a
 799 1.05109E+06  0.00055 % a
 800 8.02465E+05  0.00067 % a
 801 8.09525E+05  0.00077 % a
 825 7.88294E+05  0.00075 % a
 826 8.04694E+05  0.00067 % a
 828 2.00588E+06  0.00043 % a
 829 2.16612E+06  0.00039 % a
 830 2.32664E+06  0.00037 % a
 831 2.36700E+06  0.00036 % a
 832 2.32752E+06  0.00036 % a
 833 2.17204E+06  0.00038 % a
 834 2.01146E+06  0.00043 % a
 836 8.05662E+05  0.00066 % a
 837 7.89016E+05  0.00076 % a
 862 8.15221E+05  0.00075 % a
 863 9.20876E+05  0.00065 % a
 864 1.40391E+06  0.00052 % a
 865 2.02970E+06  0.00045 % a
 866 2.00366E+06  0.00043 % a
 867 1.98385E+06  0.00042 % a
 868 1.98499E+06  0.00042 % a
 869 2.00787E+06  0.00043 % a
 870 2.03646E+06  0.00045 % a
 871 1.40691E+06  0.00052 % a
 872 9.22223E+05  0.00065 % a
 873 8.17535E+05  0.00077 % a
 900 1.19238E+06  0.00063 % a
 901 1.51200E+06  0.00054 % a
 902 1.40419E+06  0.00053 % a
 904 1.05879E+06  0.00054 % a
 906 1.40728E+06  0.00052 % a
 907 1.51558E+06  0.00054 % a
 908 1.19273E+06  0.00062 % a
 937 1.12147E+06  0.00068 % a
 938 1.19273E+06  0.00063 % a
 939 9.25442E+05  0.00065 % a
 940 8.11917E+05  0.00067 % a
 941 8.12079E+05  0.00067 % a
 942 9.24460E+05  0.00065 % a
 943 1.19546E+06  0.00062 % a
 944 1.12228E+06  0.00067 % a
 976 8.22229E+05  0.00076 % a
 977 7.96676E+05  0.00076 % a
 978 8.22461E+05  0.00076 % a
];

% Number and fraction of bins with statistical errors
% below 0.01, 0.02, 0.05 and 0.10:

n0 = [ 171 171 171 171 ];
f0 = [ 1.00000 1.00000 1.00000 1.00000 ];

% Distribution of statistical errors (1% bins):

prof0 = [ 1.00000E+00 0.00000E+00 0.00000E+00 0.00000E+00 0.00000E+00 0.00000E+00 0.00000E+00 0.00000E+00 0.00000E+00 0.00000E+00 0.00000E+00 0.00000E+00 0.00000E+00 0.00000E+00 0.00000E+00 0.00000E+00 0.00000E+00 0.00000E+00 0.00000E+00 0.00000E+00 0.00000E+00 0.00000E+00 0.00000E+00 0.00000E+00 0.00000E+00 0.00000E+00 0.00000E+00 0.00000E+00 0.00000E+00 0.00000E+00 0.00000E+00 0.00000E+00 0.00000E+00 0.00000E+00 0.00000E+00 0.00000E+00 0.00000E+00 0.00000E+00 0.00000E+00 0.00000E+00 0.00000E+00 0.00000E+00 0.00000E+00 0.00000E+00 0.00000E+00 0.00000E+00 0.00000E+00 0.00000E+00 0.00000E+00 0.00000E+00 0.00000E+00 0.00000E+00 0.00000E+00 0.00000E+00 0.00000E+00 0.00000E+00 0.00000E+00 0.00000E+00 0.00000E+00 0.00000E+00 0.00000E+00 0.00000E+00 0.00000E+00 0.00000E+00 0.00000E+00 0.00000E+00 0.00000E+00 0.00000E+00 0.00000E+00 0.00000E+00 0.00000E+00 0.00000E+00 0.00000E+00 0.00000E+00 0.00000E+00 0.00000E+00 0.00000E+00 0.00000E+00 0.00000E+00 0.00000E+00 0.00000E+00 0.00000E+00 0.00000E+00 0.00000E+00 0.00000E+00 0.00000E+00 0.00000E+00 0.00000E+00 0.00000E+00 0.00000E+00 0.00000E+00 0.00000E+00 0.00000E+00 0.00000E+00 0.00000E+00 0.00000E+00 0.00000E+00 0.00000E+00 0.00000E+00 0.00000E+00 ];

% Cumulative distribution of statistical errors (1% bins):

cum0 = [ 1.00000E+00 1.00000E+00 1.00000E+00 1.00000E+00 1.00000E+00 1.00000E+00 1.00000E+00 1.00000E+00 1.00000E+00 1.00000E+00 1.00000E+00 1.00000E+00 1.00000E+00 1.00000E+00 1.00000E+00 1.00000E+00 1.00000E+00 1.00000E+00 1.00000E+00 1.00000E+00 1.00000E+00 1.00000E+00 1.00000E+00 1.00000E+00 1.00000E+00 1.00000E+00 1.00000E+00 1.00000E+00 1.00000E+00 1.00000E+00 1.00000E+00 1.00000E+00 1.00000E+00 1.00000E+00 1.00000E+00 1.00000E+00 1.00000E+00 1.00000E+00 1.00000E+00 1.00000E+00 1.00000E+00 1.00000E+00 1.00000E+00 1.00000E+00 1.00000E+00 1.00000E+00 1.00000E+00 1.00000E+00 1.00000E+00 1.00000E+00 1.00000E+00 1.00000E+00 1.00000E+00 1.00000E+00 1.00000E+00 1.00000E+00 1.00000E+00 1.00000E+00 1.00000E+00 1.00000E+00 1.00000E+00 1.00000E+00 1.00000E+00 1.00000E+00 1.00000E+00 1.00000E+00 1.00000E+00 1.00000E+00 1.00000E+00 1.00000E+00 1.00000E+00 1.00000E+00 1.00000E+00 1.00000E+00 1.00000E+00 1.00000E+00 1.00000E+00 1.00000E+00 1.00000E+00 1.00000E+00 1.00000E+00 1.00000E+00 1.00000E+00 1.00000E+00 1.00000E+00 1.00000E+00 1.00000E+00 1.00000E+00 1.00000E+00 1.00000E+00 1.00000E+00 1.00000E+00 1.00000E+00 1.00000E+00 1.00000E+00 1.00000E+00 1.00000E+00 1.00000E+00 1.00000E+00 1.00000E+00 ];

% ----- Distribution at level 2 (axial):

lvl2 = [
];
