time=[0.0000000000
, 1.0008000135
, 2.0000000000
, 2.9983000755
, 3.9974999428
, 4.9983000755
, 6.0000000000
, 6.9974999428
, 7.9974999428
, 8.9975004196
, 9.9975004196
, 10.9975004196
, 11.9982995987
, 13.0066995621
, 13.9975004196
, 15.0000000000
, 15.9975004196
, 16.9974994659
, 17.9974994659
, 18.9974994659
, 19.9974994659
, 20.9974994659
, 21.9974994659
, 22.9983005524
, 23.9974994659
, 24.9983005524
, 25.9974994659
, 26.9974994659
, 27.9974994659
, 29.0049991608
, 29.9992008209
, 30.9974994659
, 31.9974994659
, 32.9982986450
, 33.9975013733
, 34.9975013733
, 35.9975013733
, 36.9975013733
, 37.9975013733
, 38.9975013733
, 39.9982986450
, 40.9975013733
, 41.9975013733
, 42.9982986450
, 43.9975013733
, 45.0234985352
, 46.0225982666
, 47.0225982666
, 48.0209999084
, 49.0209999084
, 50.0242996216
, 51.0225982666
, 52.0225982666
, 53.0225982666
, 54.0158996582
, 55.0234985352
, 56.0209999084
, 57.0150985718
, 58.0059013367
, 58.9975013733
, 60.0000000000
, 61.0050010681
, 62.0033988953
, 62.9982986450
, 63.9975013733
, 64.9974975586
, 65.9974975586
, 66.9974975586
, 67.9974975586
, 68.9974975586
, 69.9974975586
, 71.0000000000
, 71.9974975586
, 72.9982986450
, 73.9974975586
, 74.9982986450
, 75.9974975586
, 77.0066986084
, 77.9974975586
, 78.9982986450
, 79.9974975586
, 80.9974975586
, 81.9982986450
, 82.9982986450
, 83.9974975586
, 84.9974975586
, 85.9974975586
, 86.9974975586
, 87.9974975586
, 88.9974975586
, 89.9974975586
, 90.9974975586
, 91.9974975586
, 93.0066986084
, 93.9974975586
, 94.9991989136
, 95.9974975586
, 96.9974975586
, 97.9982986450
, 98.9974975586
, 99.9974975586
, 100.9982986450
, 101.9982986450
, 102.9974975586
, 103.9974975586
, 104.9974975586
, 105.9974975586
, 106.9974975586
, 107.9982986450
, 109.0251998901
, 110.0251998901
, 111.0217971802
, 112.0176010132
, 113.0185012817
, 114.0242996216
, 115.0234985352
, 116.0242996216
, 117.0234985352
, 118.0158996582
, 119.0225982666
, 120.0225982666
, 121.0185012817
, 122.0074996948
, 122.9974975586
, 124.0008010864
, 125.0092010498
, 125.9982986450
, 127.1475982666
, 127.9982986450
, 129.0016937256
, 129.9992065430
, 131.0000000000
, 131.9992065430
, 132.9983062744
, 133.9992065430
, 135.0034027100
, 136.0000000000
, 136.9983062744
, 137.9983062744
, 138.9983062744
, 139.9983062744
, 141.0108947754
, 142.1450958252
, 142.9992065430
, 144.0000000000
, 145.0075073242
, 145.9992065430
, 147.0066986084
, 147.9983062744
, 148.9974975586
, 149.9974975586
, 150.9992065430
, 151.9992065430
, 152.9983062744
, 153.9974975586
, 154.9974975586
, 155.9974975586
, 157.0101013184
, 158.1502075195
, 158.9983062744
, 159.9992065430
, 160.9992065430
, 161.9983062744
, 162.9983062744
, 163.9974975586
, 164.9974975586
, 165.9974975586
, 166.9974975586
, 167.9983062744
, 169.0000000000
, 169.9974975586
, 170.9983062744
, 171.9983062744
, 173.0218048096
, 174.1752929688
, 175.0075073242
, 175.9983062744
, 176.9983062744
, 177.9983062744
, 178.9992065430
, 179.9983062744
, 181.0007934570
, 182.0016937256
, 183.0209960938
, 184.0175933838
, 185.0142974854
, 186.0234985352
, 187.0225982666
, 188.0243072510
, 189.0175933838
, 190.0209960938
, 191.0142974854
, 192.0252075195
, 193.0225982666
, 194.0151062012
, 195.0075073242
, 196.0829925537
, 196.9974975586
, 197.9974975586
, 198.9974975586
, 199.9974975586
, 201.0007934570
, 201.9983062744
, 202.9983062744
, 203.9974975586
, 205.0084075928
, 206.1459960938
, 206.9974975586
, 207.9992065430
, 208.9974975586
, 209.9974975586
, 210.9992065430
, 211.9983062744
, 212.9992065430
, 213.9992065430
, 215.0016937256
, 215.9974975586
, 216.9974975586
, 217.9974975586
, 218.9974975586
, 219.9974975586
, 221.0108947754
, 222.1493072510
, 222.9992065430
, 223.9992065430
, 224.9983062744
, 225.9974975586
, 226.9974975586
, 228.0041961670
, 228.9992065430
, 229.9974975586
, 230.9983062744
, 231.9983062744
, 232.9974975586
, 233.9974975586
, 234.9983062744
, 235.9974975586
, 237.0200958252
, 238.0276947021
, 239.0260009766
, 240.0193023682
, 241.0142974854
, 242.0234985352
, 243.0243072510
, 244.0225982666
, 245.0252075195
, 246.0225982666
, 247.0234985352
, 248.0167999268
, 249.0151062012
, 250.0084075928
, 250.9974975586
, 251.9983062744
, 253.0092010498
, 253.9983062744
, 254.9983062744
, 255.9974975586
, 256.9982910156
, 257.9974975586
, 258.9974975586
, 259.9982910156
, 260.9982910156
, 261.9982910156
, 262.9982910156
, 263.9982910156
, 264.9982910156
, 265.9992065430
, 266.9982910156
, 267.9982910156
, 269.0067138672
, 269.9992065430
, 271.0000000000
, 271.9982910156
, 272.9992065430
, 273.9974975586
, 274.9992065430
, 275.9992065430
, 276.9982910156
, 277.9982910156
, 278.9982910156
, 279.9982910156
, 280.9982910156
, 281.9982910156
, 282.9982910156
, 283.9982910156
, 285.0108947754
, 285.9992065430
, 286.9992065430
, 287.9982910156
, 288.9982910156
, 289.9982910156
, 290.9974975586
, 291.9982910156
, 293.0000000000
, 293.9982910156
, 294.9982910156
, 295.9982910156
, 296.9982910156
, 297.9992065430
, 298.9982910156
, 299.9974975586
, 301.0083923340
, 301.9982910156
, 303.0017089844
, 303.9974975586
, 304.9974975586
, 305.9974975586
, 306.9974975586
, 307.9982910156
, 308.9974975586
, 309.9974975586
, 310.9974975586
, 311.9974975586
, 312.9992065430
, 313.9982910156
, 314.9982910156
, 315.9974975586
, 317.0242919922
, 318.0302124023
, 319.0267944336
, 320.0209960938
, 321.0151062012
, 322.0242919922
, 323.0176086426
, 324.0242919922
, 325.0260009766
, 326.0242919922
, 327.0252075195
, 328.0201110840
, 329.0168151855
, 330.0101013184
, 330.9974975586
, 331.9974975586
, 333.0091857910
, 333.9982910156
, 334.9992065430
, 335.9974975586
, 336.9974975586
, 337.9974975586
, 338.9974975586
, 339.9974975586
, 340.9974975586
, 341.9982910156
, 342.9982910156
, 343.9974975586
, 344.9982910156
, 345.9974975586
, 346.9974975586
, 347.9974975586
, 349.0108947754
, 349.9982910156
, 350.9992065430
, 351.9974975586
, 352.9982910156
, 353.9974975586
, 354.9974975586
, 355.9974975586
, 356.9974975586
, 357.9974975586
, 358.9974975586
, 359.9974975586
, 360.9974975586
, 361.9974975586
, 362.9974975586
, 363.9974975586
, 365.0067138672
, 365.9982910156
, 367.2558898926
, 368.0000000000
, 368.9982910156
, 369.9974975586
, 370.9974975586
, 372.0000000000
, 372.9982910156
, 373.9982910156
, 374.9992065430
, 376.0025024414
, 376.9974975586
, 377.9974975586
, 378.9974975586
, 379.9982910156
, 381.0176086426
, 382.0285034180
, 383.0260009766
, 384.0192871094
, 385.0158996582
, 386.0234985352
, 387.0226135254
, 388.0234985352
, 389.0242919922
, 390.0158996582
, 391.0234985352
, 392.0234985352
, 393.0176086426
, 394.0091857910
, 394.9974975586
, 396.0000000000
, 397.0168151855
, 398.1484985352
, 398.9982910156
, 400.0000000000
, 401.0007934570
, 402.0000000000
, 402.9982910156
, 403.9982910156
, 404.9992065430
, 405.9982910156
, 406.9982910156
, 407.9974975586
, 408.9992065430
, 409.9982910156
, 410.9982910156
, 412.0000000000
, 413.0143127441
, 414.1543884277
, 415.0000000000
, 415.9992065430
, 416.9982910156
, 417.9974975586
, 418.9992065430
, 419.9982910156
, 421.0000000000
, 422.0000000000
, 422.9982910156
, 423.9982910156
, 424.9992065430
, 425.9982910156
, 426.9982910156
, 427.9982910156
, 429.0126037598
, 430.1527099609
, 431.0000000000
, 432.0007934570
, 433.0000000000
, 433.9992065430
, 434.9982910156
, 435.9982910156
, 436.9982910156
, 437.9982910156
, 438.9982910156
, 439.9982910156
, 440.9992065430
, 441.9992065430
, 442.9992065430
, 443.9982910156
, 445.0184936523
, 446.0310058594
, 447.0267944336
, 448.0201110840
, 449.0168151855
, 450.0201110840
, 451.0201110840
, 452.0242919922
, 453.0293884277
, 454.0184936523
, 455.0242919922
, 456.0176086426
, 457.0158996582
, 458.0091857910
, 458.9992065430
, 459.9974975586
, 461.0143127441
, 462.1527099609
, 462.9992065430
, 463.9974975586
, 464.9992065430
, 465.9982910156
, 467.0000000000
, 467.9974975586
, 468.9974975586
, 469.9974975586
, 470.9982910156
, 471.9982910156
, 473.0075073242
, 473.9974975586
, 474.9992065430
