position=[0.0034271919
, 0.0034271919
, 0.0041887900
, 0.0049503883
, 0.0060927859
, 0.0072351829
, 0.0091391783
, 0.0110431742
, 0.0129471701
, 0.0156127634
, 0.0182783566
, 0.0217055492
, 0.0247519426
, 0.0285599325
, 0.0327487253
, 0.0369375125
, 0.0415071025
, 0.0464574918
, 0.0514078811
, 0.0567390658
, 0.0624510534
, 0.0685438365
, 0.0750174224
, 0.0814910084
, 0.0883453935
, 0.0955805779
, 0.1028157622
, 0.1108125374
, 0.1188093200
, 0.1271869093
, 0.1355644763
, 0.1443228573
, 0.1534620374
, 0.1629820168
, 0.1725019962
, 0.1824027747
, 0.1923035532
, 0.2022043318
, 0.2124859095
, 0.2227674723
, 0.2330490500
, 0.2429498285
, 0.2532314062
, 0.2635129690
, 0.2734137475
, 0.2836953402
, 0.2935961187
, 0.3034968972
, 0.3126360774
, 0.3221560419
, 0.3312952220
, 0.3400536180
, 0.3484311998
, 0.3568087518
, 0.3648055494
, 0.3728023171
, 0.3800375164
, 0.3872726858
, 0.3941270709
, 0.4009814560
, 0.4074550569
, 0.4135478437
, 0.4196406305
, 0.4253526032
, 0.4310646057
, 0.4363957942
, 0.4417269528
, 0.4466773570
, 0.4520085454
, 0.4565781355
, 0.4615285099
, 0.4660980999
, 0.4710485041
, 0.4756180942
, 0.4801876843
, 0.4851380587
, 0.4897076488
, 0.4946580529
, 0.4996084273
, 0.5045588017
, 0.5095092058
, 0.5148404241
, 0.5201715827
, 0.5258835554
, 0.5315955281
, 0.5373075604
, 0.5434003472
, 0.5498738885
, 0.5563474894
, 0.5628210902
, 0.5696754456
, 0.5769106746
, 0.5841458440
, 0.5913810134
, 0.5989969969
, 0.6066129804
, 0.6146097779
, 0.6226065159
, 0.6306033134
, 0.6389809251
, 0.6473584771
, 0.6561168432
, 0.6644944549
, 0.6732528210
, 0.6816304326
, 0.6903887987
, 0.6991471648
, 0.7079055309
, 0.7166638970
, 0.7254223228
, 0.7341806889
, 0.7425582409
, 0.7509358525
, 0.7596942186
, 0.7680718303
, 0.7760685682
, 0.7840653658
, 0.7920621634
, 0.8000589013
, 0.8076748848
, 0.8152908683
, 0.8225260973
, 0.8297612667
, 0.8369964361
, 0.8438508511
, 0.8507052064
, 0.8575596213
, 0.8651756048
, 0.8705067635
, 0.8769803643
, 0.8834539056
, 0.8895466924
, 0.8956394792
, 0.9017322659
, 0.9074442983
, 0.9135370851
, 0.9192490578
, 0.9249610305
, 0.9310538173
, 0.9367657900
, 0.9424778223
, 0.9485706091
, 0.9550441504
, 0.9599945545
, 0.9660873413
, 0.9717993140
, 0.9778921008
, 0.9839848876
, 0.9900776744
, 0.9965512753
, 1.0026440620
, 1.0091176033
, 1.0155912638
, 1.0224455595
, 1.0289192200
, 1.0357736349
, 1.0426279306
, 1.0498631001
, 1.0578598976
, 1.0639526844
, 1.0715687275
, 1.0788038969
, 1.0864198208
, 1.0936549902
, 1.1012710333
, 1.1092678308
, 1.1168837547
, 1.1244997978
, 1.1324965954
, 1.1404932737
, 1.1481093168
, 1.1561061144
, 1.1641029119
, 1.1720997095
, 1.1812388897
, 1.1877124310
, 1.1953283548
, 1.2033251524
, 1.2109411955
, 1.2189379930
, 1.2265539169
, 1.2341699600
, 1.2417858839
, 1.2494019270
, 1.2570178509
, 1.2642530203
, 1.2718690634
, 1.2791042328
, 1.2859586477
, 1.2931938171
, 1.3000481129
, 1.3069025278
, 1.3141376972
, 1.3209921122
, 1.3274656534
, 1.3339393139
, 1.3411744833
, 1.3472672701
, 1.3537408113
, 1.3602144718
, 1.3666880131
, 1.3731615543
, 1.3796352148
, 1.3857280016
, 1.3922015429
, 1.3986750841
, 1.4059102535
, 1.4112415314
, 1.4177150726
, 1.4241886139
, 1.4306622744
, 1.4371358156
, 1.4436094761
, 1.4500830173
, 1.4565565586
, 1.4630302191
, 1.4698845148
, 1.4763581753
, 1.4832125902
, 1.4900668859
, 1.4969213009
, 1.5037757158
, 1.5117725134
, 1.5178653002
, 1.5247195959
, 1.5319547653
, 1.5391900539
, 1.5460443497
, 1.5536603928
, 1.5608955622
, 1.5681307316
, 1.5753659010
, 1.5829819441
, 1.5902171135
, 1.5978330374
, 1.6050682068
, 1.6126842499
, 1.6203001738
, 1.6279162169
, 1.6355321407
, 1.6427673101
, 1.6503833532
, 1.6579992771
, 1.6652344465
, 1.6728504896
, 1.6800856590
, 1.6877017021
, 1.6949368715
, 1.7021720409
, 1.7094072104
, 1.7166423798
, 1.7238775492
, 1.7307319641
, 1.7383478880
, 1.7452023029
, 1.7520567179
, 1.7592918873
, 1.7661463022
, 1.7730005980
, 1.7802358866
, 1.7870901823
, 1.7939445972
, 1.8004181385
, 1.8072725534
, 1.8141269684
, 1.8209813833
, 1.8274549246
, 1.8343093395
, 1.8407828808
, 1.8476372957
, 1.8544917107
, 1.8609652519
, 1.8678196669
, 1.8742932081
, 1.8811476231
, 1.8876211643
, 1.8944755793
, 1.9009491205
, 1.9078035355
, 1.9146579504
, 1.9211314917
, 1.9279859066
, 1.9348403215
, 1.9416946173
, 1.9485490322
, 1.9554034472
, 1.9622578621
, 1.9691121578
, 1.9763473272
, 1.9832017422
, 1.9900561571
, 1.9972913265
, 2.0041456223
, 2.0113809109
, 2.0186159611
, 2.0254704952
, 2.0327055454
, 2.0399408340
, 2.0471761227
, 2.0544111729
, 2.0616464615
, 2.0688815117
, 2.0761168003
, 2.0833518505
, 2.0902063847
, 2.0974414349
, 2.1046767235
, 2.1119117737
, 2.1191470623
, 2.1263821125
, 2.1336174011
, 2.1408526897
, 2.1480877399
, 2.1553230286
, 2.1621773243
, 2.1694126129
, 2.1766476631
, 2.1838829517
, 2.1911180019
, 2.1979725361
, 2.2052075863
, 2.2120621204
, 2.2192971706
, 2.2261517048
, 2.2330060005
, 2.2402410507
, 2.2470955849
, 2.2539498806
, 2.2608044147
, 2.2676587105
, 2.2745130062
, 2.2813675404
, 2.2882218361
, 2.2950761318
, 2.3019306660
, 2.3087849617
, 2.3156394958
, 2.3224937916
, 2.3293480873
, 2.3362026215
, 2.3430569172
, 2.3499112129
, 2.3567657471
, 2.3636200428
, 2.3704743385
, 2.3773288727
, 2.3841831684
, 2.3914184570
, 2.3982727528
, 2.4051272869
, 2.4119815826
, 2.4188358784
, 2.4260711670
, 2.4329254627
, 2.4397799969
, 2.4466342926
, 2.4538693428
, 2.4607238770
, 2.4679589272
, 2.4748134613
, 2.4820485115
, 2.4889030457
, 2.4961380959
, 2.5029926300
, 2.5102276802
, 2.5174629688
, 2.5243172646
, 2.5330755711
, 2.5384068489
, 2.5456421375
, 2.5524964333
, 2.5597317219
, 2.5669667721
, 2.5738210678
, 2.5810563564
, 2.5882916451
, 2.5951459408
, 2.6023812294
, 2.6092355251
, 2.6164705753
, 2.6233251095
, 2.6305601597
, 2.6377954483
, 2.6450304985
, 2.6518850327
, 2.6587393284
, 2.6659746170
, 2.6728289127
, 2.6800642014
, 2.6869184971
, 2.6937727928
, 2.7010080814
, 2.7078623772
, 2.7147169113
, 2.7215712070
, 2.7284255028
, 2.7352800369
, 2.7425150871
, 2.7505118847
, 2.7562239170
, 2.7630784512
, 2.7703135014
, 2.7771677971
, 2.7840223312
, 2.7908766270
, 2.7977311611
, 2.8049662113
, 2.8118205070
, 2.8186750412
, 2.8255293369
, 2.8327646255
, 2.8396189213
, 2.8464734554
, 2.8537085056
, 2.8617053032
, 2.8674173355
, 2.8742716312
, 2.8815069199
, 2.8883612156
, 2.8952155113
, 2.9024507999
, 2.9093050957
, 2.9165403843
, 2.9233946800
, 2.9302492142
, 2.9374842644
, 2.9443387985
, 2.9515738487
, 2.9584283829
, 2.9656634331
, 2.9736602306
, 2.9797530174
, 2.9866073132
, 2.9938426018
, 3.0006968975
, 3.0079321861
, 3.0147864819
, 3.0220217705
, 3.0288760662
, 3.0361113548
, 3.0429656506
, 3.0498201847
, 3.0570552349
, 3.0639095306
, 3.0711448193
, 3.0783801079
, 3.0856151581
, 3.0924694538
, 3.0993239880
, 3.1065590382
, 3.1134135723
, 3.1206486225
, 3.1275031567
, 3.1343574524
, 3.1415927410
, 3.1484470367
, 3.1553013325
, 3.1625366211
, 3.1693909168
, 3.1762454510
, 3.1830997467
, 3.1903350353
, 3.1979508400
, 3.2040436268
, 3.2108981609
, 3.2177524567
, 3.2249877453
, 3.2318420410
, 3.2386963367
, 3.2459316254
, 3.2527859211
, 3.2596404552
, 3.2668755054
, 3.2737300396
, 3.2805843353
, 3.2874386311
, 3.2946739197
, 3.3015282154
, 3.3095250130
, 3.3156177998
, 3.3224723339
, 3.3293266296
, 3.3365616798
, 3.3434162140
, 3.3506512642
, 3.3575057983
, 3.3643600941
, 3.3712146282
, 3.3784496784
, 3.3853039742
, 3.3925392628
, 3.3993935585
, 3.4062480927
, 3.4134831429
, 3.4203376770
, 3.4275727272
, 3.4344272614
, 3.4412815571
, 3.4485168457
, 3.4553711414
, 3.4626061916
, 3.4694607258
, 3.4766957760
, 3.4835503101
, 3.4904046059
, 3.4976398945
, 3.5044941902
, 3.5117294788
, 3.5185837746
, 3.5258190632
, 3.5330541134
, 3.5399084091
, 3.5467629433
, 3.5539979935
, 3.5608525276
, 3.5680875778
, 3.5749421120
, 3.5821771622
, 3.5890316963
, 3.5958859921
, 3.6031212807
, 3.6099755764
, 3.6168298721
, 3.6236844063
, 3.6309194565
, 3.6377739906
, 3.6446282864
, 3.6518635750
, 3.6587178707
, 3.6655721664
, 3.6728074551
, 3.6796617508
