velocity=[0.0000000000
, 0.0000000000
, 0.0008384286
, 0.0059684692
, 0.0179323051
, 0.0389924496
, 0.0706183612
, 0.1155780777
, 0.1746204495
, 0.2474097759
, 0.3352008164
, 0.4383251071
, 0.5576679707
, 0.6914892197
, 0.8399128318
, 1.0032254457
, 1.1799384356
, 1.3690092564
, 1.5694891214
, 1.7793985605
, 1.9975374937
, 2.2235019207
, 2.4573140144
, 2.6987557411
, 2.9463329315
, 3.1991994381
, 3.4567508698
, 3.7178995609
, 3.9832358360
, 4.2521152496
, 4.5236811638
, 4.7967061996
, 5.0706567764
, 5.3456997871
, 5.6220154762
, 5.8987278938
, 6.1751909256
, 6.4497327805
, 6.7203879356
, 6.9863371849
, 7.2462606430
, 7.4979748726
, 7.7384295464
, 7.9666872025
, 8.1818046570
, 8.3817720413
, 8.5656366348
, 8.7328119278
, 8.8824787140
, 9.0121994019
, 9.1219997406
, 9.2112455368
, 9.2787113190
, 9.3233404160
, 9.3455801010
, 9.3460416794
, 9.3254642487
, 9.2833805084
, 9.2207889557
, 9.1389513016
, 9.0398960114
, 8.9245452881
, 8.7935819626
, 8.6489524841
, 8.4923210144
, 8.3257513046
, 8.1506567001
, 7.9688568115
, 7.7818989754
, 7.5925741196
, 7.4014110565
, 7.2104716301
, 7.0211834908
, 6.8361845016
, 6.6563940048
, 6.4830484390
, 6.3183979988
, 6.1630740166
, 6.0186686516
, 5.8865551949
, 5.7670907974
, 5.6604919434
, 5.5679163933
, 5.4900522232
, 5.4280180931
, 5.3817558289
, 5.3505473137
, 5.3348274231
, 5.3354339600
, 5.3517222404
, 5.3823018074
, 5.4269409180
, 5.4858765602
, 5.5578904152
, 5.6410546303
, 5.7347884178
, 5.8378372192
, 5.9496479034
, 6.0687661171
, 6.1934480667
, 6.3230862617
, 6.4568552971
, 6.5942358971
, 6.7330427170
, 6.8719534874
, 7.0085830688
, 7.1422214508
, 7.2722563744
, 7.3978819847
, 7.5180182457
, 7.6311836243
, 7.7368488312
, 7.8335223198
, 7.9206976891
, 7.9993028641
, 8.0683450699
, 8.1260232925
, 8.1716833115
, 8.2058372498
, 8.2292499542
, 8.2412490845
, 8.2417945862
, 8.2305383682
, 8.2082853317
, 8.1760511398
, 8.1334857941
, 8.0811614990
, 8.0207204819
, 7.9526195526
, 7.8766822815
, 7.7944331169
, 7.7076082230
, 7.6164984703
, 7.5218849182
, 7.4246435165
, 7.3248820305
, 7.2242312431
, 7.1231961250
, 7.0227804184
, 6.9251465797
, 6.8305935860
, 6.7396030426
, 6.6535606384
, 6.5724120140
, 6.4966082573
, 6.4271740913
, 6.3636093140
, 6.3069686890
, 6.2576780319
, 6.2163066864
, 6.1837286949
, 6.1589832306
, 6.1421952248
, 6.1336183548
, 6.1338787079
, 6.1417474747
, 6.1570420265
, 6.1795563698
, 6.2094454765
, 6.2458753586
, 6.2886495590
, 6.3382968903
, 6.3934864998
, 6.4535059929
, 6.5163726807
, 6.5820283890
, 6.6512184143
, 6.7224078178
, 6.7942557335
, 6.8670411110
, 6.9402999878
, 7.0122828484
, 7.0828633308
, 7.1517901421
, 7.2180447578
, 7.2810382843
, 7.3397631645
, 7.3935375214
, 7.4428510666
, 7.4871988297
, 7.5272564888
, 7.5623316765
, 7.5918736458
, 7.6157608032
, 7.6339178085
, 7.6468429565
, 7.6541004181
, 7.6564064026
, 7.6531395912
, 7.6430878639
, 7.6271848679
, 7.6051597595
, 7.5777153969
, 7.5466465950
, 7.5121178627
, 7.4730811119
, 7.4295234680
, 7.3828406334
, 7.3340458870
, 7.2833547592
, 7.2311959267
, 7.1782193184
, 7.1251225471
, 7.0723123550
, 7.0191578865
, 6.9668035507
, 6.9160876274
, 6.8672838211
, 6.8204531670
, 6.7764921188
, 6.7361478806
, 6.6997189522
, 6.6672120094
, 6.6385302544
, 6.6134328842
, 6.5916223526
, 6.5731897354
, 6.5592517853
, 6.5492353439
, 6.5437417030
, 6.5430550575
, 6.5468192101
, 6.5543527603
, 6.5660443306
, 6.5821275711
, 6.6015324593
, 6.6245689392
, 6.6508469582
, 6.6789388657
, 6.7099580765
, 6.7434539795
, 6.7784061432
, 6.8142528534
, 6.8515248299
, 6.8893890381
, 6.9278869629
, 6.9659414291
, 7.0038447380
, 7.0412878990
, 7.0782985687
, 7.1147036552
, 7.1493210793
, 7.1825394630
, 7.2140173912
, 7.2426042557
, 7.2686443329
, 7.2915205956
, 7.3119339943
, 7.3291277885
, 7.3427100182
, 7.3526363373
, 7.3592915535
, 7.3627724648
, 7.3622884750
, 7.3594627380
, 7.3534550667
, 7.3437385559
, 7.3314676285
, 7.3163213730
, 7.2985963821
, 7.2798810005
, 7.2600026131
, 7.2383713722
, 7.2138333321
, 7.1873731613
, 7.1601696014
, 7.1326699257
, 7.1041841507
, 7.0754265785
, 7.0461044312
, 7.0173850060
, 6.9902524948
, 6.9640345573
, 6.9392418861
, 6.9153394699
, 6.8929319382
, 6.8714885712
, 6.8515954018
, 6.8327836990
, 6.8160152435
, 6.8016309738
, 6.7885818481
, 6.7774744034
, 6.7688527107
, 6.7628512383
, 6.7592587471
, 6.7576117516
, 6.7580075264
, 6.7605562210
, 6.7661843300
, 6.7738590240
, 6.7828965187
, 6.7938752174
, 6.8060297966
, 6.8199763298
, 6.8357896805
, 6.8521108627
, 6.8692622185
, 6.8875541687
, 6.9069366455
, 6.9272193909
, 6.9480142593
, 6.9687685966
, 6.9894943237
, 7.0094447136
, 7.0271472931
, 7.0430302620
, 7.0576820374
, 7.0714378357
, 7.0844683647
, 7.0968866348
, 7.1087207794
, 7.1199622154
, 7.1305756569
, 7.1400861740
, 7.1472144127
, 7.1526389122
, 7.1569643021
, 7.1599750519
, 7.1617307663
, 7.1616554260
, 7.1605200768
, 7.1579384804
, 7.1543326378
, 7.1490874290
, 7.1419024467
, 7.1340236664
, 7.1251268387
, 7.1148538589
, 7.1033267975
, 7.0907998085
, 7.0777039528
, 7.0644927025
, 7.0510969162
, 7.0373535156
, 7.0237541199
, 7.0104537010
, 6.9975838661
, 6.9852223396
, 6.9734320641
, 6.9622693062
, 6.9517755508
, 6.9419722557
, 6.9328551292
, 6.9244384766
, 6.9167342186
, 6.9097065926
, 6.9037666321
, 6.9001827240
, 6.8981437683
, 6.8966007233
, 6.8954825401
, 6.8949289322
, 6.8960647583
, 6.8980894089
, 6.9001836777
, 6.9022855759
, 6.9054574966
, 6.9093708992
, 6.9145584106
, 6.9203705788
, 6.9271626472
, 6.9342036247
, 6.9418296814
, 6.9493284225
, 6.9574222565
, 6.9661736488
, 6.9744763374
, 6.9819307327
, 6.9892873764
, 6.9969954491
, 7.0041441917
, 7.0114126205
, 7.0189695358
, 7.0258150101
, 7.0326118469
, 7.0395288467
, 7.0454869270
, 7.0509271622
, 7.0552039146
, 7.0588035583
, 7.0610637665
, 7.0624723434
, 7.0639123917
, 7.0659050941
, 7.0673108101
, 7.0674962997
, 7.0670676231
, 7.0657777786
, 7.0643763542
, 7.0621356964
, 7.0589795113
, 7.0557389259
, 7.0518474579
, 7.0469889641
, 7.0412311554
, 7.0347223282
, 7.0275774002
, 7.0209422112
, 7.0150928497
, 7.0088529587
, 7.0022764206
, 6.9967112541
, 6.9916801453
, 6.9866127968
, 6.9811806679
, 6.9756655693
, 6.9714159966
, 6.9678573608
, 6.9643206596
, 6.9608316422
, 6.9585886002
, 6.9569096565
, 6.9553356171
, 6.9546432495
, 6.9546618462
, 6.9542093277
, 6.9533090591
, 6.9532237053
, 6.9533324242
, 6.9533329010
, 6.9542231560
, 6.9556212425
, 6.9581112862
, 6.9607286453
, 6.9629778862
, 6.9656972885
, 6.9685297012
, 6.9720377922
, 6.9755334854
, 6.9792962074
, 6.9833784103
, 6.9879956245
, 6.9923915863
, 6.9970226288
, 7.0012984276
, 7.0057001114
, 7.0096263885
, 7.0135617256
, 7.0169463158
, 7.0203013420
, 7.0226688385
, 7.0236816406
, 7.0243835449
, 7.0245819092
, 7.0252962112
, 7.0268111229
, 7.0290083885
, 7.0307579041
, 7.0317158699
, 7.0327434540
, 7.0333213806
, 7.0340204239
, 7.0338172913
, 7.0324120522
, 7.0311918259
, 7.0293970108
, 7.0269865990
, 7.0250926018
, 7.0232167244
, 7.0208382607
, 7.0177907944
, 7.0145483017
, 7.0104575157
, 7.0065865517
, 7.0025835037
, 6.9983615875
, 6.9950666428
, 6.9920196533
, 6.9890313148
, 6.9870810509
, 6.9853878021
, 6.9835996628
, 6.9826054573
, 6.9815087318
, 6.9799079895
, 6.9778180122
, 6.9762468338
, 6.9746255875
, 6.9734215736
, 6.9732985497
, 6.9732842445
, 6.9729943275
, 6.9733262062
, 6.9736838341
, 6.9749670029
, 6.9765906334
, 6.9775996208
, 6.9778695107
, 6.9785089493
, 6.9792890549
, 6.9808697701
, 6.9823136330
, 6.9831161499
, 6.9839916229
, 6.9850487709
, 6.9869432449
, 6.9886803627
, 6.9898042679
, 6.9912223816
, 6.9925971031
, 6.9945392609
, 6.9965171814
, 6.9990077019
, 7.0010185242
, 7.0021595955
, 7.0033836365
, 7.0043926239
, 7.0058374405
, 7.0070834160
, 7.0085177422
, 7.0103793144
, 7.0117931366
, 7.0125446320
, 7.0136404037
, 7.0145277977
, 7.0158133507
, 7.0167250633
, 7.0179448128
, 7.0186367035
, 7.0184993744
, 7.0186476707
, 7.0183444023
, 7.0171246529
, 7.0152902603
, 7.0138401985
, 7.0118308067
, 7.0093870163
, 7.0076217651
, 7.0058350563
, 7.0037183762
, 7.0022435188
