torque=[5.0000000000
, 5.0000000000
, 5.0000000000
, 5.0000000000
, 5.0000000000
, 5.0000000000
, 5.0000000000
, 5.0000000000
, 5.0000000000
, 5.0000000000
, 5.0000000000
, 5.0000000000
, 5.0000000000
, 5.0000000000
, 5.0000000000
, 5.0000000000
, 5.0000000000
, 5.0000000000
, 5.0000000000
, 5.0000000000
, 5.0000000000
, 5.0000000000
, 5.0000000000
, 5.0000000000
, 5.0000000000
, 5.0000000000
, 5.0000000000
, 5.0000000000
, 5.0000000000
, 5.0000000000
, 4.9526376724
, 4.4065876007
, 3.8586864471
, 3.3086004257
, 2.7559690475
, 2.2025442123
, 1.6496181488
, 1.1005344391
, 0.5592241287
, 0.0273256302
, -0.4925212860
, -0.9959497452
, -1.4768590927
, -1.9333744049
, -2.3636093140
, -2.7635440826
, -3.1312732697
, -3.4656238556
, -3.7649574280
, -4.0243988037
, -4.2439994812
, -4.4224910736
, -4.5574226379
, -4.6466808319
, -4.6911602020
, -4.6920833588
, -4.6509284973
, -4.5667610168
, -4.4415779114
, -4.2779026031
, -4.0797920227
, -3.8490905762
, -3.5871639252
, -3.2979049683
, -2.9846420288
, -2.6515026093
, -2.3013134003
, -1.9377136230
, -1.5637979507
, -1.1851482391
, -0.8028221130
, -0.4209432602
, -0.0423669815
, 0.3276309967
, 0.6872119904
, 1.0339031219
, 1.3632040024
, 1.6738519669
, 1.9626626968
, 2.2268896103
, 2.4658184052
, 2.6790161133
, 2.8641672134
, 3.0198955536
, 3.1439638138
, 3.2364883423
, 3.2989053726
, 3.3303451538
, 3.3291320801
, 3.2965555191
, 3.2353963852
, 3.1461181641
, 3.0282468796
, 2.8842191696
, 2.7178907394
, 2.5304231644
, 2.3243255615
, 2.1007041931
, 1.8624677658
, 1.6131038666
, 1.3538274765
, 1.0862894058
, 0.8115282059
, 0.5339145660
, 0.2560930252
, -0.0171661377
, -0.2844429016
, -0.5445127487
, -0.7957639694
, -1.0360364914
, -1.2623672485
, -1.4736976624
, -1.6670446396
, -1.8413953781
, -1.9986057281
, -2.1366901398
, -2.2520465851
, -2.3433666229
, -2.4116744995
, -2.4584999084
, -2.4824981689
, -2.4835891724
, -2.4610767365
, -2.4165706635
, -2.3521022797
, -2.2669715881
, -2.1623229980
, -2.0414409637
, -1.9052391052
, -1.7533645630
, -1.5888662338
, -1.4152164459
, -1.2329969406
, -1.0437698364
, -0.8492870331
, -0.6497640610
, -0.4484624863
, -0.2463922501
, -0.0455608368
, 0.1497068405
, 0.3388128281
, 0.5207939148
, 0.6928787231
, 0.8551759720
, 1.0067834854
, 1.1456518173
, 1.2727813721
, 1.3860626221
, 1.4846439362
, 1.5673866272
, 1.6325426102
, 1.6820335388
, 1.7156095505
, 1.7327632904
, 1.7322425842
, 1.7165050507
, 1.6859159470
, 1.6408872604
, 1.5811090469
, 1.5082492828
, 1.4227008820
, 1.3234062195
, 1.2130270004
, 1.0929880142
, 0.9672546387
, 0.8359432220
, 0.6975631714
, 0.5551843643
, 0.4114885330
, 0.2659177780
, 0.1194000244
, -0.0245656967
, -0.1657266617
, -0.3035802841
, -0.4360895157
, -0.5620765686
, -0.6795263290
, -0.7870750427
, -0.8857021332
, -0.9743976593
, -1.0545129776
, -1.1246633530
, -1.1837472916
, -1.2315216064
, -1.2678356171
, -1.2936859131
, -1.3082008362
, -1.3128128052
, -1.3062791824
, -1.2861757278
, -1.2543697357
, -1.2103195190
, -1.1554307938
, -1.0932931900
, -1.0242357254
, -0.9461622238
, -0.8590469360
, -0.7656812668
, -0.6680917740
, -0.5667095184
, -0.4623918533
, -0.3564386368
, -0.2502450943
, -0.1446247101
, -0.0383157730
, 0.0663928986
, 0.1678247452
, 0.2654323578
, 0.3590936661
, 0.4470157623
, 0.5277042389
, 0.6005620956
, 0.6655759811
, 0.7229394913
, 0.7731342316
, 0.8167552948
, 0.8536205292
, 0.8814964294
, 0.9015293121
, 0.9125165939
, 0.9138898849
, 0.9063615799
, 0.8912944794
, 0.8679113388
, 0.8357448578
, 0.7969350815
, 0.7508621216
, 0.6983060837
, 0.6421222687
, 0.5800838470
, 0.5130920410
, 0.4431877136
, 0.3714942932
, 0.2969503403
, 0.2212219238
, 0.1442260742
, 0.0681171417
, -0.0076894760
, -0.0825757980
, -0.1565971375
, -0.2294073105
, -0.2986421585
, -0.3650789261
, -0.4280347824
, -0.4852085114
, -0.5372886658
, -0.5830411911
, -0.6238679886
, -0.6582555771
, -0.6854200363
, -0.7052726746
, -0.7185831070
, -0.7255449295
, -0.7245769501
, -0.7189254761
, -0.7069101334
, -0.6874771118
, -0.6629352570
, -0.6326427460
, -0.5971927643
, -0.5597620010
, -0.5200052261
, -0.4767427444
, -0.4276666641
, -0.3747463226
, -0.3203392029
, -0.2653398514
, -0.2083683014
, -0.1508531570
, -0.0922088623
, -0.0347700119
, 0.0194950104
, 0.0719308853
, 0.1215162277
, 0.1693210602
, 0.2141361237
, 0.2570228577
, 0.2968091965
, 0.3344326019
, 0.3679695129
, 0.3967380524
, 0.4228363037
, 0.4450511932
, 0.4622945786
, 0.4742975235
, 0.4814825058
, 0.4847764969
, 0.4839849472
, 0.4788875580
, 0.4676313400
, 0.4522819519
, 0.4342069626
, 0.4122495651
, 0.3879404068
, 0.3600473404
, 0.3284206390
, 0.2957782745
, 0.2614755630
, 0.2248916626
, 0.1861267090
, 0.1455612183
, 0.1039714813
, 0.0624628067
, 0.0210113525
, -0.0188894272
, -0.0542945862
, -0.0860605240
, -0.1153640747
, -0.1428756714
, -0.1689367294
, -0.1937732697
, -0.2174415588
, -0.2399244308
, -0.2611513138
, -0.2801723480
, -0.2944288254
, -0.3052778244
, -0.3139286041
, -0.3199501038
, -0.3234615326
, -0.3233108521
, -0.3210401535
, -0.3158769608
, -0.3086652756
, -0.2981748581
, -0.2838048935
, -0.2680473328
, -0.2502536774
, -0.2297077179
, -0.2066535950
, -0.1815996170
, -0.1554079056
, -0.1289854050
, -0.1021938324
, -0.0747070313
, -0.0475082397
, -0.0209074020
, 0.0048322678
, 0.0295553207
, 0.0531358719
, 0.0754613876
, 0.0964488983
, 0.1160554886
, 0.1342897415
, 0.1511230469
, 0.1665315628
, 0.1805868149
, 0.1924667358
, 0.1996345520
, 0.2037124634
, 0.2067985535
, 0.2090349197
, 0.2101421356
, 0.2078704834
, 0.2038211823
, 0.1996326447
, 0.1954288483
, 0.1890850067
, 0.1812582016
, 0.1708831787
, 0.1592588425
, 0.1456747055
, 0.1315927505
, 0.1163406372
, 0.1013431549
, 0.0851554871
, 0.0676527023
, 0.0510473251
, 0.0361385345
, 0.0214252472
, 0.0060091019
, -0.0082883835
, -0.0228252411
, -0.0379390717
, -0.0516300201
, -0.0652236938
, -0.0790576935
, -0.0909738541
, -0.1018543243
, -0.1104078293
, -0.1176071167
, -0.1221275330
, -0.1249446869
, -0.1278247833
, -0.1318101883
, -0.1346216202
, -0.1349925995
, -0.1341352463
, -0.1315555573
, -0.1287527084
, -0.1242713928
, -0.1179590225
, -0.1114778519
, -0.1036949158
, -0.0939779282
, -0.0824623108
, -0.0694446564
, -0.0551548004
, -0.0418844223
, -0.0301856995
, -0.0177059174
, -0.0045528412
, 0.0065774918
, 0.0166397095
, 0.0267744064
, 0.0376386642
, 0.0486688614
, 0.0571680069
, 0.0642852783
, 0.0713586807
, 0.0783367157
, 0.0828227997
, 0.0861806870
, 0.0893287659
, 0.0907135010
, 0.0906763077
, 0.0915813446
, 0.0933818817
, 0.0935525894
, 0.0933351517
, 0.0933341980
, 0.0915536880
, 0.0887575150
, 0.0837774277
, 0.0785427094
, 0.0740442276
, 0.0686054230
, 0.0629405975
, 0.0559244156
, 0.0489330292
, 0.0414075851
, 0.0332431793
, 0.0240087509
, 0.0152168274
, 0.0059547424
, -0.0025968552
, -0.0114002228
, -0.0192527771
, -0.0271234512
, -0.0338926315
, -0.0406026840
, -0.0453376770
, -0.0473632813
, -0.0487670898
, -0.0491638184
, -0.0505924225
, -0.0536222458
, -0.0580167770
, -0.0615158081
, -0.0634317398
, -0.0654869080
, -0.0666427612
, -0.0680408478
, -0.0676345825
, -0.0648241043
, -0.0623836517
, -0.0587940216
, -0.0539731979
, -0.0501852036
, -0.0464334488
, -0.0416765213
, -0.0355815887
, -0.0290966034
, -0.0209150314
, -0.0131731033
, -0.0051670074
, 0.0032768250
, 0.0098667145
, 0.0159606934
, 0.0219373703
, 0.0258378983
, 0.0292243958
, 0.0328006744
, 0.0347890854
, 0.0369825363
, 0.0401840210
, 0.0443639755
, 0.0475063324
, 0.0507488251
, 0.0531568527
, 0.0534029007
, 0.0534315109
, 0.0540113449
, 0.0533475876
, 0.0526323318
, 0.0500659943
, 0.0468187332
, 0.0448007584
, 0.0442609787
, 0.0429821014
, 0.0414218903
, 0.0382604599
, 0.0353727341
, 0.0337677002
, 0.0320167542
, 0.0299024582
, 0.0261135101
, 0.0226392746
, 0.0203914642
, 0.0175552368
, 0.0148057938
, 0.0109214783
, 0.0069656372
, 0.0019845963
, -0.0020370483
, -0.0043191910
, -0.0067672729
, -0.0087852478
, -0.0116748810
, -0.0141668320
, -0.0170354843
, -0.0207586288
, -0.0235862732
, -0.0250892639
, -0.0272808075
, -0.0290555954
