StateVariable_6=[7.0000000000
, 7.0000000000
, 6.9991617203
, 6.9940314293
, 6.9820675850
, 6.9610075951
, 6.9293818474
, 6.8844218254
, 6.8253793716
, 6.7525901794
, 6.6647992134
, 6.5616750717
, 6.4423322678
, 6.3085107803
, 6.1600871086
, 5.9967746735
, 5.8200616837
, 5.6309909821
, 5.4305109978
, 5.2206015587
, 5.0024623871
, 4.7764978409
, 4.5426859856
, 4.3012442589
, 4.0536670685
, 3.8008005619
, 3.5432491302
, 3.2821004391
, 3.0167641640
, 2.7478847504
, 2.4763188362
, 2.2032938004
, 1.9293432236
, 1.6543002129
, 1.3779845238
, 1.1012721062
, 0.8248090744
, 0.5502672195
, 0.2796120644
, 0.0136628151
, -0.2462606430
, -0.4979748726
, -0.7384295464
, -0.9666872025
, -1.1818046570
, -1.3817720413
, -1.5656366348
, -1.7328119278
, -1.8824787140
, -2.0121994019
, -2.1219997406
, -2.2112455368
, -2.2787113190
, -2.3233404160
, -2.3455801010
, -2.3460416794
, -2.3254642487
, -2.2833805084
, -2.2207889557
, -2.1389513016
, -2.0398960114
, -1.9245452881
, -1.7935819626
, -1.6489524841
, -1.4923210144
, -1.3257513046
, -1.1506567001
, -0.9688568115
, -0.7818989754
, -0.5925741196
, -0.4014110565
, -0.2104716301
, -0.0211834908
, 0.1638154984
, 0.3436059952
, 0.5169515610
, 0.6816020012
, 0.8369259834
, 0.9813313484
, 1.1134448051
, 1.2329092026
, 1.3395080566
, 1.4320836067
, 1.5099477768
, 1.5719819069
, 1.6182441711
, 1.6494526863
, 1.6651725769
, 1.6645660400
, 1.6482777596
, 1.6176981926
, 1.5730590820
, 1.5141234398
, 1.4421095848
, 1.3589453697
, 1.2652115822
, 1.1621627808
, 1.0503520966
, 0.9312338829
, 0.8065519333
, 0.6769137383
, 0.5431447029
, 0.4057641029
, 0.2669572830
, 0.1280465126
, -0.0085830688
, -0.1422214508
, -0.2722563744
, -0.3978819847
, -0.5180182457
, -0.6311836243
, -0.7368488312
, -0.8335223198
, -0.9206976891
, -0.9993028641
, -1.0683450699
, -1.1260232925
, -1.1716833115
, -1.2058372498
, -1.2292499542
, -1.2412490845
, -1.2417945862
, -1.2305383682
, -1.2082853317
, -1.1760511398
, -1.1334857941
, -1.0811614990
, -1.0207204819
, -0.9526195526
, -0.8766822815
, -0.7944331169
, -0.7076082230
, -0.6164984703
, -0.5218849182
, -0.4246435165
, -0.3248820305
, -0.2242312431
, -0.1231961250
, -0.0227804184
, 0.0748534203
, 0.1694064140
, 0.2603969574
, 0.3464393616
, 0.4275879860
, 0.5033917427
, 0.5728259087
, 0.6363906860
, 0.6930313110
, 0.7423219681
, 0.7836933136
, 0.8162713051
, 0.8410167694
, 0.8578047752
, 0.8663816452
, 0.8661212921
, 0.8582525253
, 0.8429579735
, 0.8204436302
, 0.7905545235
, 0.7541246414
, 0.7113504410
, 0.6617031097
, 0.6065135002
, 0.5464940071
, 0.4836273193
, 0.4179716110
, 0.3487815857
, 0.2775921822
, 0.2057442665
, 0.1329588890
, 0.0597000122
, -0.0122828484
, -0.0828633308
, -0.1517901421
, -0.2180447578
, -0.2810382843
, -0.3397631645
, -0.3935375214
, -0.4428510666
, -0.4871988297
, -0.5272564888
, -0.5623316765
, -0.5918736458
, -0.6157608032
, -0.6339178085
, -0.6468429565
, -0.6541004181
, -0.6564064026
, -0.6531395912
, -0.6430878639
, -0.6271848679
, -0.6051597595
, -0.5777153969
, -0.5466465950
, -0.5121178627
, -0.4730811119
, -0.4295234680
, -0.3828406334
, -0.3340458870
, -0.2833547592
, -0.2311959267
, -0.1782193184
, -0.1251225471
, -0.0723123550
, -0.0191578865
, 0.0331964493
, 0.0839123726
, 0.1327161789
, 0.1795468330
, 0.2235078812
, 0.2638521194
, 0.3002810478
, 0.3327879906
, 0.3614697456
, 0.3865671158
, 0.4083776474
, 0.4268102646
, 0.4407482147
, 0.4507646561
, 0.4562582970
, 0.4569449425
, 0.4531807899
, 0.4456472397
, 0.4339556694
, 0.4178724289
, 0.3984675407
, 0.3754310608
, 0.3491530418
, 0.3210611343
, 0.2900419235
, 0.2565460205
, 0.2215938568
, 0.1857471466
, 0.1484751701
, 0.1106109619
, 0.0721130371
, 0.0340585709
, -0.0038447380
, -0.0412878990
, -0.0782985687
, -0.1147036552
, -0.1493210793
, -0.1825394630
, -0.2140173912
, -0.2426042557
, -0.2686443329
, -0.2915205956
, -0.3119339943
, -0.3291277885
, -0.3427100182
, -0.3526363373
, -0.3592915535
, -0.3627724648
, -0.3622884750
, -0.3594627380
, -0.3534550667
, -0.3437385559
, -0.3314676285
, -0.3163213730
, -0.2985963821
, -0.2798810005
, -0.2600026131
, -0.2383713722
, -0.2138333321
, -0.1873731613
, -0.1601696014
, -0.1326699257
, -0.1041841507
, -0.0754265785
, -0.0461044312
, -0.0173850060
, 0.0097475052
, 0.0359654427
, 0.0607581139
, 0.0846605301
, 0.1070680618
, 0.1285114288
, 0.1484045982
, 0.1672163010
, 0.1839847565
, 0.1983690262
, 0.2114181519
, 0.2225255966
, 0.2311472893
, 0.2371487617
, 0.2407412529
, 0.2423882484
, 0.2419924736
, 0.2394437790
, 0.2338156700
, 0.2261409760
, 0.2171034813
, 0.2061247826
, 0.1939702034
, 0.1800236702
, 0.1642103195
, 0.1478891373
, 0.1307377815
, 0.1124458313
, 0.0930633545
, 0.0727806091
, 0.0519857407
, 0.0312314034
, 0.0105056763
, -0.0094447136
, -0.0271472931
, -0.0430302620
, -0.0576820374
, -0.0714378357
, -0.0844683647
, -0.0968866348
, -0.1087207794
, -0.1199622154
, -0.1305756569
, -0.1400861740
, -0.1472144127
, -0.1526389122
, -0.1569643021
, -0.1599750519
, -0.1617307663
, -0.1616554260
, -0.1605200768
, -0.1579384804
, -0.1543326378
, -0.1490874290
, -0.1419024467
, -0.1340236664
, -0.1251268387
, -0.1148538589
, -0.1033267975
, -0.0907998085
, -0.0777039528
, -0.0644927025
, -0.0510969162
, -0.0373535156
, -0.0237541199
, -0.0104537010
, 0.0024161339
, 0.0147776604
, 0.0265679359
, 0.0377306938
, 0.0482244492
, 0.0580277443
, 0.0671448708
, 0.0755615234
, 0.0832657814
, 0.0902934074
, 0.0962333679
, 0.0998172760
, 0.1018562317
, 0.1033992767
, 0.1045174599
, 0.1050710678
, 0.1039352417
, 0.1019105911
, 0.0998163223
, 0.0977144241
, 0.0945425034
, 0.0906291008
, 0.0854415894
, 0.0796294212
, 0.0728373528
, 0.0657963753
, 0.0581703186
, 0.0506715775
, 0.0425777435
, 0.0338263512
, 0.0255236626
, 0.0180692673
, 0.0107126236
, 0.0030045509
, -0.0041441917
, -0.0114126205
, -0.0189695358
, -0.0258150101
, -0.0326118469
, -0.0395288467
, -0.0454869270
, -0.0509271622
, -0.0552039146
, -0.0588035583
, -0.0610637665
, -0.0624723434
, -0.0639123917
, -0.0659050941
, -0.0673108101
, -0.0674962997
, -0.0670676231
, -0.0657777786
, -0.0643763542
, -0.0621356964
, -0.0589795113
, -0.0557389259
, -0.0518474579
, -0.0469889641
, -0.0412311554
, -0.0347223282
, -0.0275774002
, -0.0209422112
, -0.0150928497
, -0.0088529587
, -0.0022764206
, 0.0032887459
, 0.0083198547
, 0.0133872032
, 0.0188193321
, 0.0243344307
, 0.0285840034
, 0.0321426392
, 0.0356793404
, 0.0391683578
, 0.0414113998
, 0.0430903435
, 0.0446643829
, 0.0453567505
, 0.0453381538
, 0.0457906723
, 0.0466909409
, 0.0467762947
, 0.0466675758
, 0.0466670990
, 0.0457768440
, 0.0443787575
, 0.0418887138
, 0.0392713547
, 0.0370221138
, 0.0343027115
, 0.0314702988
, 0.0279622078
, 0.0244665146
, 0.0207037926
, 0.0166215897
, 0.0120043755
, 0.0076084137
, 0.0029773712
, -0.0012984276
, -0.0057001114
, -0.0096263885
, -0.0135617256
, -0.0169463158
, -0.0203013420
, -0.0226688385
, -0.0236816406
, -0.0243835449
, -0.0245819092
, -0.0252962112
, -0.0268111229
, -0.0290083885
, -0.0307579041
, -0.0317158699
, -0.0327434540
, -0.0333213806
, -0.0340204239
, -0.0338172913
, -0.0324120522
, -0.0311918259
, -0.0293970108
, -0.0269865990
, -0.0250926018
, -0.0232167244
, -0.0208382607
, -0.0177907944
, -0.0145483017
, -0.0104575157
, -0.0065865517
, -0.0025835037
, 0.0016384125
, 0.0049333572
, 0.0079803467
, 0.0109686852
, 0.0129189491
, 0.0146121979
, 0.0164003372
, 0.0173945427
, 0.0184912682
, 0.0200920105
, 0.0221819878
, 0.0237531662
, 0.0253744125
, 0.0265784264
, 0.0267014503
, 0.0267157555
, 0.0270056725
, 0.0266737938
, 0.0263161659
, 0.0250329971
, 0.0234093666
, 0.0224003792
, 0.0221304893
, 0.0214910507
, 0.0207109451
, 0.0191302299
, 0.0176863670
, 0.0168838501
, 0.0160083771
, 0.0149512291
, 0.0130567551
, 0.0113196373
, 0.0101957321
, 0.0087776184
, 0.0074028969
, 0.0054607391
, 0.0034828186
, 0.0009922981
, -0.0010185242
, -0.0021595955
, -0.0033836365
, -0.0043926239
, -0.0058374405
, -0.0070834160
, -0.0085177422
, -0.0103793144
, -0.0117931366
, -0.0125446320
, -0.0136404037
, -0.0145277977
