time=[0.0000000000
, 0.9900000095
, 1.9890999794
, 2.9890999794
, 3.9890999794
, 4.9882998466
, 5.9882998466
, 6.9882998466
, 7.9890999794
, 8.9925003052
, 9.9883003235
, 10.9883003235
, 12.0009002686
, 12.9907999039
, 13.9907999039
, 14.9883003235
, 15.9883003235
, 16.9883003235
, 17.9890995026
, 18.9883003235
, 19.9883003235
, 20.9941997528
, 21.9890995026
, 22.9890995026
, 23.9890995026
, 24.9899997711
, 25.9890995026
, 26.9883003235
, 28.0083999634
, 29.0202007294
, 30.0160007477
, 31.0093002319
, 32.0066986084
, 33.0108985901
, 34.0041999817
, 35.0167999268
, 36.0185012817
, 37.0108985901
, 38.0101013184
, 39.0075988770
, 40.0075988770
, 40.9991989136
, 41.9907989502
, 42.9900016785
, 44.0024986267
, 45.1409988403
, 45.9982986450
, 46.9907989502
, 47.9900016785
, 48.9883003235
, 49.9883003235
, 50.9883003235
, 51.9900016785
, 52.9891014099
, 53.9883003235
, 54.9883003235
, 55.9883003235
, 56.9883003235
, 57.9900016785
, 58.9891014099
, 60.0024986267
, 61.1384010315
, 61.9900016785
, 62.9891014099
, 63.9891014099
, 64.9882965088
, 65.9882965088
, 66.9882965088
, 67.9882965088
, 68.9882965088
, 69.9882965088
, 70.9890975952
, 71.9890975952
, 72.9890975952
, 73.9890975952
, 74.9899978638
, 76.0034027100
, 77.1351013184
, 77.9882965088
, 78.9882965088
, 79.9882965088
, 80.9882965088
, 81.9899978638
, 82.9890975952
, 83.9890975952
, 84.9882965088
, 85.9882965088
, 86.9899978638
, 87.9925003052
, 88.9890975952
, 89.9907989502
, 90.9890975952
, 92.0042037964
, 93.0185012817
, 94.0133972168
, 95.0101013184
, 96.0066986084
, 97.0093002319
, 98.0066986084
, 99.0159988403
, 100.0150985718
, 101.0093002319
, 102.0118026733
, 103.0050964355
, 104.0066986084
, 104.9991989136
, 105.9882965088
, 106.9882965088
, 108.0025024414
, 109.1383972168
, 109.9882965088
, 110.9882965088
, 111.9907989502
, 112.9890975952
, 113.9890975952
, 114.9890975952
, 115.9890975952
, 116.9899978638
, 117.9899978638
, 118.9890975952
, 119.9890975952
, 120.9950027466
, 121.9957962036
, 122.9899978638
, 124.0017013550
, 125.1359024048
, 125.9899978638
, 126.9890975952
, 127.9890975952
, 128.9882965088
, 129.9891052246
, 130.9891052246
, 131.9907989502
, 132.9900054932
, 133.9900054932
, 134.9891052246
, 135.9900054932
, 136.9900054932
, 137.9891052246
, 138.9891052246
, 140.0009002686
, 140.9900054932
, 141.9907989502
, 142.9891052246
, 143.9900054932
, 144.9891052246
, 145.9907989502
, 146.9891052246
, 147.9891052246
, 148.9900054932
, 149.9891052246
, 150.9882965088
, 151.9891052246
, 152.9891052246
, 153.9891052246
, 154.9891052246
, 156.0009002686
, 157.0202026367
, 158.0175933838
, 159.0126037598
, 160.0092926025
, 161.0126037598
, 162.0050964355
, 163.0184936523
, 164.0126037598
, 165.0142974854
, 166.0142974854
, 167.0066986084
, 168.0059051514
, 168.9983062744
, 169.9882965088
, 170.9882965088
, 172.0016937256
, 172.9891052246
, 173.9915924072
, 174.9882965088
, 175.9891052246
, 176.9882965088
, 177.9882965088
, 178.9882965088
, 179.9882965088
, 180.9882965088
, 181.9891052246
, 182.9882965088
, 183.9882965088
, 184.9882965088
, 185.9891052246
, 186.9882965088
, 188.0092926025
, 188.9891052246
, 189.9900054932
, 190.9882965088
, 191.9882965088
, 192.9891052246
, 193.9891052246
, 194.9882965088
, 195.9882965088
, 196.9882965088
, 197.9882965088
, 198.9915924072
, 199.9882965088
, 200.9882965088
, 201.9882965088
, 202.9891052246
, 204.0167999268
, 204.9891052246
, 205.9900054932
, 206.9882965088
, 207.9882965088
, 208.9882965088
, 209.9882965088
, 210.9882965088
, 211.9891052246
, 212.9900054932
, 214.0108947754
, 214.9882965088
, 215.9882965088
, 216.9900054932
, 217.9882965088
, 218.9882965088
, 220.0218048096
, 221.0151062012
, 222.0151062012
, 223.0133972168
, 224.0117950439
, 225.0142974854
, 226.0101013184
, 227.0142974854
, 228.0142974854
, 229.0160064697
, 230.0142974854
, 231.0084075928
, 232.0092926025
, 233.0009002686
, 233.9882965088
, 234.9882965088
, 236.0478057861
, 236.9891052246
, 237.9907989502
, 238.9882965088
, 239.9882965088
, 240.9891052246
, 241.9891052246
, 242.9891052246
, 243.9882965088
, 244.9882965088
, 245.9891052246
, 246.9882965088
, 247.9882965088
, 248.9882965088
, 249.9891052246
, 250.9882965088
, 252.0545959473
, 252.9900054932
, 253.9900054932
, 254.9891052246
, 255.9882965088
, 256.9883117676
, 257.9883117676
, 258.9891052246
, 259.9883117676
, 260.9891052246
, 261.9899902344
, 262.9899902344
, 263.9899902344
, 264.9891052246
, 265.9883117676
, 266.9908142090
, 268.0755004883
, 268.9924926758
, 270.1434936523
, 270.9891052246
, 271.9908142090
, 272.9908142090
, 273.9899902344
, 274.9891052246
, 275.9908142090
, 276.9899902344
, 277.9891052246
, 278.9891052246
, 279.9899902344
, 280.9891052246
, 282.0017089844
, 283.0108947754
, 284.1275024414
, 285.0101013184
, 286.0143127441
, 287.0133972168
, 288.0151062012
, 289.0133972168
, 290.0101013184
, 291.0151062012
, 292.0118103027
, 293.0159912109
, 294.0176086426
, 295.0093078613
, 296.0083923340
, 297.0075988770
, 298.0075988770
, 298.9982910156
, 300.1048889160
, 301.0075988770
, 302.2442016602
, 302.9949951172
, 303.9891052246
, 304.9883117676
, 305.9883117676
, 306.9899902344
, 307.9942016602
, 308.9899902344
, 309.9891052246
, 310.9883117676
, 311.9899902344
, 312.9891052246
, 313.9883117676
, 314.9883117676
, 316.1267089844
, 316.9916076660
, 318.1477050781
, 318.9891052246
, 319.9883117676
, 320.9883117676
, 321.9949951172
, 322.9891052246
, 323.9891052246
, 324.9883117676
, 325.9899902344
, 326.9899902344
, 327.9883117676
, 328.9891052246
, 329.9883117676
, 330.9883117676
, 332.1502075195
, 332.9942016602
, 334.1518859863
, 334.9883117676
, 335.9883117676
, 336.9883117676
, 337.9883117676
, 338.9883117676
, 339.9883117676
, 340.9899902344
, 341.9899902344
, 342.9891052246
, 343.9891052246
, 344.9883117676
, 345.9883117676
, 346.9883117676
, 348.1283874512
, 348.9899902344
, 350.1358947754
, 350.9908142090
, 351.9908142090
, 352.9891052246
, 353.9891052246
, 354.9883117676
, 355.9883117676
, 356.9883117676
, 357.9883117676
, 358.9883117676
, 359.9883117676
, 360.9883117676
, 361.9891052246
, 362.9908142090
, 364.1242065430
, 365.0101013184
, 366.1552124023
, 366.9891052246
, 367.9891052246
, 368.9908142090
, 370.0151062012
, 371.0133972168
, 372.0176086426
, 373.0133972168
, 374.0168151855
, 375.0159912109
, 376.0083923340
, 377.0118103027
, 378.0050964355
, 379.0151062012
, 380.2593078613
, 381.0058898926
, 382.0025024414
, 383.0058898926
, 384.0118103027
, 385.0075988770
, 386.0067138672
, 387.0008850098
, 388.0033874512
, 388.9957885742
, 389.9891052246
, 390.9883117676
, 392.0025024414
, 392.9891052246
, 393.9891052246
, 395.0042114258
, 396.2668151855
, 396.9949951172
, 397.9924926758
, 398.9899902344
, 400.0017089844
, 400.9908142090
, 401.9891052246
, 402.9891052246
, 403.9957885742
, 404.9949951172
, 405.9891052246
, 407.0143127441
, 407.9908142090
, 408.9899902344
, 409.9883117676
, 410.9883117676
, 412.2265014648
, 412.9899902344
, 413.9908142090
, 414.9891052246
, 415.9883117676
, 416.9883117676
, 417.9883117676
, 418.9883117676
, 419.9883117676
, 420.9891052246
, 421.9891052246
, 422.9899902344
, 423.9891052246
, 424.9899902344
, 425.9883117676
, 426.9891052246
, 428.1702880859
, 429.0118103027
, 430.0159912109
, 431.0133972168
, 432.0159912109
, 433.0159912109
, 434.0093078613
, 435.0118103027
, 437.1803894043
, 437.2181091309
, 438.0126037598
, 439.0143127441
, 440.0143127441
, 441.0093078613
, 442.0075988770
, 443.0058898926
, 448.5318908691
, 448.5729980469
, 449.0008850098
, 450.0050964355
, 451.0017089844
, 452.0017089844
, 453.0083923340
, 454.0000000000
, 454.9957885742
, 455.9967041016
, 457.0058898926
, 458.0025024414
, 459.0411071777
, 460.2492065430
, 460.9982910156
, 461.9899902344
, 462.9883117676
, 463.9891052246
, 464.9883117676
, 465.9883117676
, 466.9883117676
, 467.9883117676
, 468.9883117676
, 469.9891052246
, 470.9883117676
, 471.9883117676
, 472.9883117676
, 473.9891052246
, 474.9883117676
, 476.2373962402
, 477.0101013184
, 477.9899902344
