time=[0.0000000000
, 1.0008000135
, 1.9974999428
, 3.0000000000
, 3.9983000755
, 4.9983000755
, 5.9974999428
, 6.9974999428
, 7.9974999428
, 8.9991998672
, 10.0041999817
, 11.0024995804
, 11.9975004196
, 13.0134000778
, 14.1677999496
, 14.9982995987
, 15.9975004196
, 16.9983005524
, 17.9974994659
, 18.9974994659
, 19.9974994659
, 20.9974994659
, 21.9974994659
, 22.9992008209
, 23.9983005524
, 24.9992008209
, 25.9983005524
, 26.9974994659
, 27.9974994659
, 29.0100994110
, 30.1443004608
, 30.9974994659
, 31.9974994659
, 32.9991989136
, 33.9982986450
, 34.9982986450
, 35.9975013733
, 36.9975013733
, 37.9975013733
, 38.9975013733
, 39.9975013733
, 40.9975013733
, 41.9982986450
, 42.9982986450
, 43.9982986450
, 45.0225982666
, 46.0267982483
, 47.0242996216
, 48.0242996216
, 49.0225982666
, 50.0251998901
, 51.0251998901
, 52.0176010132
, 53.0234985352
, 54.0158996582
, 55.0260009766
, 56.0234985352
, 57.0176010132
, 58.0083999634
, 59.0000000000
, 59.9982986450
, 61.0074996948
, 62.1492996216
, 62.9991989136
, 63.9982986450
, 64.9982986450
, 65.9974975586
, 66.9974975586
, 67.9974975586
, 68.9974975586
, 69.9974975586
, 70.9974975586
, 71.9982986450
, 72.9982986450
, 73.9982986450
, 74.9982986450
, 75.9991989136
, 77.0092010498
, 78.1426010132
, 78.9974975586
, 79.9974975586
, 80.9974975586
, 81.9991989136
, 82.9982986450
, 84.0066986084
, 85.0000000000
, 85.9982986450
, 86.9974975586
, 87.9982986450
, 88.9982986450
, 89.9982986450
, 90.9991989136
, 91.9982986450
, 93.0117034912
, 94.0017013550
, 95.0000000000
, 95.9974975586
, 96.9974975586
, 97.9974975586
, 98.9974975586
, 99.9974975586
, 100.9982986450
, 101.9974975586
, 102.9982986450
, 103.9991989136
, 104.9982986450
, 106.0000000000
, 106.9982986450
, 107.9991989136
, 109.0217971802
, 110.0176010132
, 110.9982986450
, 111.9982986450
, 112.9991989136
, 114.0049972534
, 115.0242996216
, 116.0234985352
, 117.0176010132
, 118.0268020630
, 119.0260009766
, 120.0268020630
, 121.0242996216
, 122.0217971802
, 123.0294036865
, 124.0251998901
, 125.0193023682
, 126.0142974854
, 127.0034027100
, 127.9974975586
, 128.9974975586
, 129.9974975586
, 130.9974975586
, 131.9974975586
, 132.9974975586
, 133.9983062744
, 134.9974975586
, 135.9974975586
, 136.9974975586
, 137.9974975586
, 138.9974975586
, 139.9974975586
, 141.0066986084
, 141.9992065430
, 142.9983062744
, 143.9983062744
, 144.9974975586
, 145.9974975586
, 146.9974975586
, 147.9974975586
, 149.0050048828
, 149.9974975586
, 150.9974975586
, 151.9974975586
, 152.9983062744
, 153.9983062744
, 154.9974975586
, 155.9974975586
, 157.0084075928
, 157.9983062744
, 159.0000000000
, 159.9974975586
, 160.9974975586
, 161.9974975586
, 162.9974975586
, 163.9983062744
, 164.9974975586
, 165.9983062744
, 166.9983062744
, 167.9974975586
, 168.9974975586
, 169.9974975586
, 170.9974975586
, 171.9974975586
, 173.0260009766
, 174.0193023682
, 175.0234985352
, 176.0225982666
, 177.0209960938
, 178.0225982666
, 179.0260009766
, 180.0193023682
, 181.0209960938
, 182.0142974854
, 183.0301971436
, 184.0184936523
, 185.0175933838
, 186.0075073242
, 186.9974975586
, 187.9974975586
, 189.0084075928
, 189.9992065430
, 190.9974975586
, 191.9974975586
, 192.9983062744
, 193.9983062744
, 194.9983062744
, 195.9974975586
, 196.9974975586
, 197.9974975586
, 198.9974975586
, 199.9974975586
, 200.9974975586
, 201.9974975586
, 202.9983062744
, 203.9974975586
, 205.0075073242
, 205.9983062744
, 206.9992065430
, 207.9983062744
, 208.9983062744
, 209.9974975586
, 210.9974975586
, 211.9974975586
, 212.9974975586
, 213.9983062744
, 214.9983062744
, 215.9974975586
, 216.9974975586
, 217.9974975586
, 218.9974975586
, 219.9974975586
, 221.0084075928
, 222.1417999268
, 223.0000000000
, 224.0000000000
, 224.9983062744
, 225.9974975586
, 226.9974975586
, 227.9974975586
, 228.9974975586
, 229.9974975586
, 230.9974975586
, 231.9974975586
, 232.9983062744
, 234.0059051514
, 234.9983062744
, 235.9974975586
, 237.0252075195
, 238.0285034180
, 239.0260009766
, 240.0225982666
, 241.0218048096
, 242.0285034180
, 243.0234985352
, 244.0267944336
, 245.0267944336
, 246.0193023682
, 247.0252075195
, 248.0243072510
, 249.0167999268
, 250.0084075928
, 250.9983062744
, 252.1544036865
, 253.0117034912
, 254.1510009766
, 254.9992065430
, 255.9983062744
, 256.9992065430
, 258.0007934570
, 259.0000000000
, 259.9982910156
, 260.9982910156
, 261.9982910156
, 262.9992065430
, 263.9992065430
, 264.9992065430
, 265.9982910156
, 266.9992065430
, 268.0621032715
, 269.0108947754
, 270.1484985352
, 270.9992065430
, 271.9982910156
, 273.0007934570
, 273.9992065430
, 274.9992065430
, 275.9974975586
, 277.0000000000
, 277.9982910156
, 278.9974975586
, 279.9974975586
, 280.9974975586
, 281.9974975586
, 282.9982910156
, 283.9982910156
, 285.0101013184
, 286.1484985352
, 286.9982910156
, 287.9974975586
, 288.9974975586
, 289.9974975586
, 290.9974975586
, 291.9974975586
, 292.9992065430
, 293.9982910156
, 294.9982910156
, 295.9974975586
, 296.9982910156
, 297.9974975586
, 298.9974975586
, 299.9974975586
, 301.0242919922
, 302.0285034180
, 303.0242919922
, 304.0209960938
, 305.0151062012
, 306.0260009766
, 307.0226135254
, 308.0217895508
, 309.0242919922
, 310.0226135254
, 311.0234985352
, 312.0176086426
, 313.0168151855
, 314.0116882324
, 315.0067138672
, 315.9974975586
, 317.0133972168
, 318.1383972168
, 318.9974975586
, 320.0477905273
, 320.9974975586
, 321.9974975586
, 322.9992065430
, 323.9982910156
, 324.9982910156
, 325.9974975586
, 327.0989990234
, 327.9982910156
, 328.9982910156
, 329.9974975586
, 330.9974975586
, 332.0000000000
, 333.0075073242
, 333.9982910156
, 335.0007934570
, 335.9992065430
, 336.9974975586
, 337.9974975586
, 338.9974975586
, 339.9974975586
, 340.9974975586
, 341.9974975586
, 342.9974975586
, 343.9982910156
, 344.9982910156
, 345.9974975586
, 346.9974975586
, 347.9974975586
, 349.0075073242
, 349.9982910156
, 351.0000000000
, 351.9974975586
, 352.9974975586
, 353.9982910156
, 354.9982910156
, 355.9974975586
, 356.9974975586
, 357.9974975586
, 358.9974975586
, 359.9992065430
, 360.9974975586
, 361.9974975586
, 362.9974975586
, 363.9982910156
, 365.0209960938
, 366.0285034180
, 367.0234985352
, 368.0209960938
, 369.0151062012
, 370.0252075195
, 371.0252075195
, 372.0234985352
, 373.0226135254
, 374.0176086426
, 375.0252075195
, 376.0176086426
, 377.0168151855
, 378.0083923340
, 378.9982910156
, 379.9974975586
, 381.0101013184
, 381.9982910156
, 382.9992065430
, 383.9974975586
, 385.0000000000
, 385.9974975586
, 386.9982910156
, 387.9982910156
, 388.9982910156
, 389.9982910156
, 390.9982910156
, 391.9974975586
, 392.9982910156
, 393.9992065430
, 394.9992065430
, 395.9982910156
, 397.0101013184
, 397.9982910156
, 399.0000000000
, 399.9982910156
, 400.9982910156
, 401.9982910156
, 402.9992065430
, 404.0000000000
, 404.9982910156
, 405.9982910156
, 406.9982910156
, 407.9982910156
, 408.9982910156
, 409.9982910156
, 410.9982910156
, 411.9982910156
, 413.0075073242
, 414.0000000000
, 414.9992065430
, 415.9992065430
, 416.9974975586
, 417.9982910156
, 418.9982910156
, 419.9982910156
, 420.9982910156
, 421.9982910156
, 422.9992065430
, 424.0000000000
, 424.9982910156
, 425.9974975586
, 426.9974975586
, 427.9974975586
, 429.0083923340
, 429.9982910156
, 430.9992065430
, 431.9974975586
, 432.9974975586
, 433.9982910156
, 434.9974975586
, 435.9974975586
, 436.9974975586
, 437.9974975586
, 438.9974975586
, 439.9974975586
, 440.9974975586
, 441.9982910156
, 442.9974975586
, 443.9982910156
, 445.0242919922
, 446.0310058594
, 447.0267944336
, 448.0209960938
, 449.0158996582
, 450.0252075195
, 451.0234985352
, 452.0267944336
, 453.0242919922
, 454.0217895508
, 455.0234985352
, 456.0158996582
, 457.0168151855
, 458.0091857910
, 458.9992065430
, 459.9992065430
, 461.0108947754
, 462.1492919922
, 463.0007934570
, 464.0000000000
, 464.9992065430
, 466.0007934570
, 466.9974975586
, 468.0000000000
, 469.6224975586
, 470.0033874512
, 471.0007934570
, 472.0116882324
, 473.2835998535
, 474.0101013184
, 474.9982910156
