position=[0.0045695892
, 0.0045695892
, 0.0049503883
, 0.0049503883
, 0.0049503883
, 0.0053311875
, 0.0053311875
, 0.0053311875
, 0.0057119867
, 0.0057119867
, 0.0057119867
, 0.0057119867
, 0.0057119867
, 0.0057119867
, 0.0060927859
, 0.0060927859
, 0.0060927859
, 0.0060927859
, 0.0060927859
, 0.0060927859
, 0.0060927859
, 0.0060927859
, 0.0060927859
, 0.0060927859
, 0.0060927859
, 0.0060927859
, 0.0060927859
, 0.0060927859
, 0.0060927859
, 0.0060927859
, 0.0060927859
, 0.0060927859
, 0.0060927859
, 0.0060927859
, 0.0060927859
, 0.0060927859
, 0.0060927859
, 0.0060927859
, 0.0060927859
, 0.0060927859
, 0.0060927859
, 0.0060927859
, 0.0060927859
, 0.0060927859
, 0.0060927859
, 0.0060927859
, 0.0064735850
, 0.0064735850
, 0.0064735850
, 0.0064735850
, 0.0064735850
, 0.0064735850
, 0.0068543837
, 0.0068543837
, 0.0068543837
, 0.0068543837
, 0.0072351829
, 0.0072351829
, 0.0072351829
, 0.0076159821
, 0.0076159821
, 0.0079967817
, 0.0079967817
, 0.0083775800
, 0.0083775800
, 0.0087583791
, 0.0087583791
, 0.0091391783
, 0.0095199775
, 0.0095199775
, 0.0099007767
, 0.0102815758
, 0.0106623750
, 0.0110431742
, 0.0114239734
, 0.0118047725
, 0.0121855717
, 0.0125663709
, 0.0129471701
, 0.0133279692
, 0.0137087675
, 0.0140895667
, 0.0144703658
, 0.0152319642
, 0.0156127634
, 0.0159935635
, 0.0167551599
, 0.0171359591
, 0.0178975575
, 0.0182783566
, 0.0190399550
, 0.0198015533
, 0.0205631517
, 0.0209439509
, 0.0217055492
, 0.0224671476
, 0.0232287459
, 0.0239903443
, 0.0247519426
, 0.0255135410
, 0.0262751393
, 0.0274175350
, 0.0281791333
, 0.0289407317
, 0.0297023300
, 0.0308447275
, 0.0316063277
, 0.0327487253
, 0.0338911191
, 0.0346527174
, 0.0357951149
, 0.0369375125
, 0.0380799100
, 0.0388415083
, 0.0399839059
, 0.0415071025
, 0.0426495001
, 0.0437918976
, 0.0449342951
, 0.0460766926
, 0.0475998893
, 0.0487422869
, 0.0498846844
, 0.0514078811
, 0.0525502786
, 0.0540734753
, 0.0555966683
, 0.0567390658
, 0.0582622625
, 0.0597854592
, 0.0613086559
, 0.0628318563
, 0.0643550530
, 0.0658782423
, 0.0674014390
, 0.0689246356
, 0.0708286315
, 0.0723518282
, 0.0738750249
, 0.0757790208
, 0.0773022175
, 0.0792062134
, 0.0811102092
, 0.0826334059
, 0.0845374018
, 0.0864413977
, 0.0883453935
, 0.0902493894
, 0.0917725861
, 0.0940573812
, 0.0959613770
, 0.0978653729
, 0.0997693688
, 0.1016733646
, 0.1039581597
, 0.1058621556
, 0.1077661514
, 0.1100509390
, 0.1119549349
, 0.1142397299
, 0.1165245250
, 0.1184285209
, 0.1207133159
, 0.1229981109
, 0.1252829134
, 0.1275677085
, 0.1294717044
, 0.1317564845
, 0.1344220787
, 0.1367068738
, 0.1389916688
, 0.1412764639
, 0.1435612589
, 0.1462268531
, 0.1485116482
, 0.1507964432
, 0.1534620374
, 0.1557468325
, 0.1584124267
, 0.1606972218
, 0.1633628160
, 0.1660284102
, 0.1683132052
, 0.1709787995
, 0.1736443937
, 0.1759291887
, 0.1785947829
, 0.1812603772
, 0.1839259714
, 0.1865915656
, 0.1892571598
, 0.1919227540
, 0.1945883483
, 0.1972539425
, 0.1999195367
, 0.2025851309
, 0.2052507252
, 0.2079163194
, 0.2105819136
, 0.2136283070
, 0.2162939012
, 0.2189594954
, 0.2216250747
, 0.2246714681
, 0.2273370624
, 0.2300026566
, 0.2330490500
, 0.2357146442
, 0.2383802384
, 0.2414266318
, 0.2440922260
, 0.2467578202
, 0.2498042136
, 0.2524698079
, 0.2555162013
, 0.2581818104
, 0.2612282038
, 0.2638937831
, 0.2669401765
, 0.2696057558
, 0.2726521492
, 0.2753177583
, 0.2787449360
, 0.2810297310
, 0.2840761244
, 0.2867417336
, 0.2897881269
, 0.2924537063
, 0.2955000997
, 0.2981657088
, 0.3012121022
, 0.3038776815
, 0.3069240749
, 0.3095896840
, 0.3126360774
, 0.3153016567
, 0.3183480501
, 0.3210136592
, 0.3240600526
, 0.3267256320
, 0.3297720253
, 0.3324376345
, 0.3351032138
, 0.3381496072
, 0.3408152163
, 0.3434807956
, 0.3461464047
, 0.3491927981
, 0.3518583775
, 0.3545239568
, 0.3571895659
, 0.3598551452
, 0.3629015386
, 0.3651863337
, 0.3682327271
, 0.3705175221
, 0.3731831312
, 0.3758487105
, 0.3785143197
, 0.3811798990
, 0.3838455081
, 0.3861303031
, 0.3887958825
, 0.3914614916
, 0.3937462866
, 0.3964118659
, 0.3986966610
, 0.4013622701
, 0.4040278494
, 0.4063126445
, 0.4089782536
, 0.4108822346
, 0.4131670296
, 0.4158326387
, 0.4181174338
, 0.4204022288
, 0.4226870239
, 0.4249718189
, 0.4272566140
, 0.4295414090
, 0.4314453900
, 0.4337301850
, 0.4360149801
, 0.4379189909
, 0.4402037561
, 0.4421077669
, 0.4447733462
, 0.4462965429
, 0.4482005537
, 0.4501045346
, 0.4523893297
, 0.4542933404
, 0.4561973214
, 0.4577205181
, 0.4596245289
, 0.4615285099
, 0.4634325206
, 0.4649557173
, 0.4668596983
, 0.4683828950
, 0.4699060917
, 0.4718101025
, 0.4733332992
, 0.4748564959
, 0.4763796926
, 0.4779028893
, 0.4794260859
, 0.4809492826
, 0.4820916653
, 0.4836148620
, 0.4847572744
, 0.4862804711
, 0.4874228537
, 0.4885652661
, 0.4897076488
, 0.4908500612
, 0.4919924438
, 0.4931348562
, 0.4942772388
, 0.4950388372
, 0.4958004355
, 0.4969428480
, 0.4977044463
, 0.4984660447
, 0.4992276430
, 0.4999892414
, 0.5007508397
, 0.5015124083
, 0.5022740364
, 0.5026548505
, 0.5034164190
, 0.5037972331
, 0.5041780472
, 0.5049396157
, 0.5053204298
, 0.5057012439
, 0.5057012439
, 0.5060819983
, 0.5064628124
, 0.5064628124
, 0.5068436265
, 0.5068436265
, 0.5068436265
, 0.5068436265
, 0.5068436265
, 0.5068436265
, 0.5068436265
, 0.5068436265
, 0.5064628124
, 0.5064628124
, 0.5060819983
, 0.5060819983
, 0.5057012439
, 0.5053204298
, 0.5053204298
, 0.5049396157
, 0.5045588017
, 0.5041780472
, 0.5037972331
, 0.5030356050
, 0.5026548505
, 0.5022740364
, 0.5015124083
, 0.5011316538
, 0.5003700256
, 0.4999892414
, 0.4992276430
, 0.4984660447
, 0.4977044463
, 0.4969428480
, 0.4961812496
, 0.4954196513
, 0.4946580529
, 0.4938964546
, 0.4931348562
, 0.4919924438
, 0.4912308455
, 0.4900884628
, 0.4893268645
, 0.4881844521
, 0.4870420694
, 0.4858996570
, 0.4851380587
, 0.4839956760
, 0.4828532636
, 0.4813300669
, 0.4801876843
, 0.4790452719
, 0.4775220752
, 0.4763796926
, 0.4752372801
, 0.4737140834
, 0.4721908867
, 0.4710485041
, 0.4695253074
, 0.4680021107
, 0.4664789140
, 0.4649557173
, 0.4634325206
, 0.4619093239
, 0.4600053132
, 0.4584821165
, 0.4569589198
, 0.4550549388
, 0.4535317421
, 0.4516277313
, 0.4497237504
, 0.4482005537
, 0.4462965429
, 0.4443925619
, 0.4424885511
, 0.4405845702
, 0.4386805594
, 0.4367765784
, 0.4348725975
, 0.4329685867
, 0.4306837916
, 0.4287798107
, 0.4264950156
, 0.4245910048
, 0.4223062098
, 0.4204022288
, 0.4181174338
, 0.4158326387
, 0.4135478437
, 0.4112630486
, 0.4089782536
, 0.4070742428
, 0.4044086635
, 0.4021238685
, 0.3998390734
, 0.3975542784
, 0.3952694833
, 0.3926038742
, 0.3903190792
, 0.3880342841
, 0.3853687048
, 0.3830839097
, 0.3804183006
, 0.3777527213
, 0.3754679263
, 0.3728023171
, 0.3701367378
, 0.3674711287
, 0.3651863337
, 0.3621399403
, 0.3594743609
, 0.3568087518
, 0.3541431725
, 0.3514775634
, 0.3488119841
, 0.3461464047
, 0.3434807956
, 0.3408152163
, 0.3377688229
, 0.3351032138
, 0.3324376345
, 0.3293912411
, 0.3267256320
, 0.3240600526
, 0.3210136592
, 0.3183480501
, 0.3149208724
, 0.3126360774
, 0.3095896840
, 0.3069240749
, 0.3038776815
, 0.3008312881
, 0.2981657088
, 0.2932153046
, 0.2920729220
, 0.2894073129
, 0.2863609195
, 0.2825529277
, 0.2802681327
, 0.2776025534
, 0.2745561600
, 0.2715097666
, 0.2680825591
, 0.2654169798
, 0.2627514005
, 0.2597050071
, 0.2566586137
, 0.2536122203
, 0.2505658269
, 0.2475194186
, 0.2448538244
, 0.2418074310
, 0.2387610376
, 0.2357146442
, 0.2326682508
, 0.2296218574
, 0.2265754640
, 0.2239098698
, 0.2204826772
, 0.2178170979
, 0.2147707045
, 0.2117243111
, 0.2086779177
, 0.2060123235
, 0.2029659301
, 0.1999195367
, 0.1968731433
, 0.1942075491
, 0.1911611557
, 0.1881147623
, 0.1854491681
, 0.1824027747
, 0.1793563813
, 0.1763099879
, 0.1736443937
, 0.1705980003
, 0.1679324061
, 0.1648860127
, 0.1622204185
, 0.1591740251
, 0.1565084308
, 0.1534620374
, 0.1507964432
, 0.1481308490
, 0.1450844556
, 0.1424188614
, 0.1397532672
, 0.1370876729
, 0.1344220787
, 0.1317564845
, 0.1287101060
, 0.1264253110
, 0.1237597093
, 0.1210941151
, 0.1184285209
, 0.1157629266
