velocity=[0.0000000000
, 0.0000000000
, 0.3820599914
, 0.0000000000
, 0.0000000000
, 0.3807991743
, 0.0000000000
, 0.0000000000
, 0.3807991743
, 0.0000000000
, 0.0000000000
, 0.0000000000
, 0.0000000000
, 0.0000000000
, 0.3298676610
, 0.0000000000
, 0.0000000000
, 0.0000000000
, 0.0000000000
, 0.0000000000
, 0.0000000000
, 0.0000000000
, 0.0000000000
, 0.0000000000
, 0.0000000000
, 0.0000000000
, 0.0000000000
, 0.0000000000
, 0.0000000000
, 0.0000000000
, 0.0000000000
, 0.0000000000
, 0.0000000000
, 0.0000000000
, 0.0000000000
, 0.0000000000
, 0.0000000000
, 0.0000000000
, 0.0000000000
, 0.0000000000
, 0.0000000000
, 0.0000000000
, 0.0000000000
, 0.0000000000
, 0.0000000000
, 0.0000000000
, 0.3792065084
, 0.0000000000
, 0.0000000000
, 0.0000000000
, 0.0000000000
, 0.0000000000
, 0.3837144971
, 0.0000000000
, 0.0000000000
, 0.0000000000
, 0.3817544878
, 0.0000000000
, 0.0000000000
, 0.3840249777
, 0.0000000000
, 0.3773278296
, 0.0000000000
, 0.4480510056
, 0.0000000000
, 0.3807991743
, 0.0000000000
, 0.3807991743
, 0.3807991743
, 0.0000000000
, 0.3807991743
, 0.3807991743
, 0.3804943562
, 0.3807991743
, 0.3807991743
, 0.3807991743
, 0.3804566562
, 0.3770280778
, 0.3359795213
, 0.4454330504
, 0.3807982504
, 0.3807991743
, 0.3801524043
, 0.7622846365
, 0.3776271343
, 0.3833681345
, 0.7628944516
, 0.3811044693
, 0.7609887123
, 0.3807991743
, 0.7615983486
, 0.7609133124
, 0.7622846365
, 0.3757621348
, 0.7692929506
, 0.7628962994
, 0.7635089755
, 0.7615983486
, 0.7615983486
, 0.7615983486
, 0.7615983486
, 1.1414812803
, 0.7622089386
, 0.7609887123
, 0.7609133124
, 1.1434268951
, 0.7603066564
, 1.1443444490
, 1.1413662434
, 0.7447679043
, 1.1472114325
, 1.1648825407
, 1.1423975229
, 0.7609133124
, 1.1358116865
, 1.4943521023
, 1.1433134079
, 1.1491748095
, 1.1319820881
, 1.1433134079
, 1.5219774246
, 1.1452634335
, 1.1452634335
, 1.5116980076
, 1.1472202539
, 1.5322331190
, 1.5308547020
, 1.1549807787
, 1.5322448015
, 1.5231966972
, 1.5231966972
, 1.5232003927
, 1.5231966972
, 1.5231893063
, 1.5219658613
, 1.5244295597
, 1.9039958715
, 1.5231966972
, 1.5231966972
, 1.9039958715
, 1.5231966972
, 1.8866368532
, 1.9183684587
, 1.5245692730
, 1.9039958715
, 1.9055368900
, 1.9039958715
, 1.9039958715
, 1.5231966972
, 2.2677700520
, 1.9183979034
, 1.9039958715
, 1.9039958715
, 1.9024573565
, 2.2847950459
, 1.9055368900
, 1.9039958715
, 2.2601294518
, 1.9234249592
, 2.2809317112
, 2.2905268669
, 1.9039958715
, 2.2847950459
, 2.2847950459
, 2.2829561234
, 2.2866442204
, 1.9024573565
, 2.2847800255
, 2.6677517891
, 2.2847950459
, 2.2847950459
, 2.2847950459
, 2.2847950459
, 2.5917212963
, 2.3002033234
, 2.2752478123
, 2.6679961681
, 2.2884614468
, 2.6613302231
, 2.2770469189
, 2.6835703850
, 2.6610870361
, 2.3002033234
, 2.6238753796
, 2.6971604824
, 2.2868537903
, 2.6927535534
, 2.6925458908
, 2.6655941010
, 2.6368262768
, 2.6903481483
, 2.6701574326
, 2.6655941010
, 2.6634402275
, 2.6655941010
, 2.6655941010
, 2.6677517891
, 2.6655941010
, 2.6655941010
, 3.0463933945
, 2.6655941010
, 2.6655941010
, 2.6655793190
, 3.0439317226
, 2.6677517891
, 2.6391766071
, 3.0746836662
, 2.6631965637
, 2.6679961681
, 3.0463933945
, 2.6677517891
, 2.6655941010
, 3.0463933945
, 2.6655941010
, 3.0439317226
, 2.6656091213
, 3.0488591194
, 2.6655793190
, 3.0463933945
, 2.6655793190
, 3.0463933945
, 2.6368410587
, 3.0238227844
, 2.6623103619
, 3.0463933945
, 2.6701316833
, 3.0488591194
, 2.6655793190
, 3.0463933945
, 2.6656091213
, 3.0463933945
, 2.6655793190
, 3.0463933945
, 2.6634552479
, 3.0234189034
, 2.6859898567
, 3.0488591194
, 2.5937368870
, 3.0363857746
, 2.6722664833
, 3.0567948818
, 2.6677258015
, 2.6478424072
, 3.0617170334
, 2.6568524837
, 2.6655793190
, 2.6857306957
, 3.0285096169
, 2.6679811478
, 2.6857421398
, 2.6881692410
, 2.6927800179
, 2.6350662708
, 2.6651062965
, 2.6739227772
, 2.6936807632
, 2.6680109501
, 2.6631817818
, 2.6613857746
, 2.6676959991
, 2.6701724529
, 2.2847950459
, 2.6655793190
, 2.6631708145
, 2.2847950459
, 2.6655793190
, 2.2868888378
, 2.6631708145
, 2.5078442097
, 2.4081108570
, 2.3431789875
, 2.2381134033
, 2.2868888378
, 2.6589553356
, 2.2884266376
, 2.2847950459
, 2.2887063026
, 2.2790918350
, 2.2887063026
, 2.2866094112
, 1.9039809704
, 2.2847950459
, 2.2847950459
, 1.9025012255
, 2.2847652435
, 1.8817863464
, 2.3415195942
, 1.7924337387
, 1.9055227041
, 1.9039809704
, 2.2847950459
, 1.9040107727
, 1.9039809704
, 1.5205980539
, 1.9057555199
, 1.9039809704
, 1.9055227041
, 1.5219891071
, 1.9054929018
, 1.5231966972
, 1.5231966972
, 1.8543251753
, 1.5168087482
, 1.5296386480
, 1.5282336473
, 1.5322213173
, 1.5067806244
, 1.5283739567
, 1.1433247328
, 1.5193945169
, 1.1443331242
, 1.5218498707
, 1.1491509676
, 1.1433196068
, 1.1482697725
, 1.1481236219
, 1.1530090570
, 1.1245326996
, 1.0154511929
, 0.8865068555
, 0.7251294255
, 1.2029103041
, 0.7615983486
, 0.7602990270
, 0.7622962594
, 0.7615983486
, 0.7622030973
, 0.6913912892
, 0.8469197750
, 0.3808140755
, 0.7621732950
, 0.3808140755
, 0.3798635006
, 0.7558938265
, 0.3843564093
, 0.3798635006
, 0.0000000000
, 0.3814062774
, 0.3808140755
, 0.0000000000
, 0.3808140755
, 0.0000000000
, 0.0000000000
, 0.0000000000
, 0.0000000000
, 0.0000000000
, 0.0000000000
, 0.0000000000
, -0.3808140755
, 0.0000000000
, -0.3843564093
, 0.0000000000
, -0.3817096651
, -0.3808140755
, 0.0000000000
, -0.3808140755
, -0.3811164796
, -0.3807544708
, -0.3808140755
, -0.7616281509
, -0.3801048696
, -0.3814660013
, -0.7616281509
, -0.3807544708
, -0.7610242963
, -0.3723304868
, -0.7559233904
, -0.7654292583
, -0.7635089755
, -0.7661106586
, -0.7539821267
, -0.7615983486
, -0.7629021406
, -0.7622729540
, -0.7654292583
, -1.1337968111
, -0.7674299479
, -1.1432898045
, -0.7680676579
, -1.1540700197
, -1.1432898045
, -1.1281929016
, -0.7707005739
, -1.1413377523
, -1.1443681717
, -1.5193945169
, -1.1452485323
, -1.1415066719
, -1.5231966972
, -1.1423826218
, -1.1424124241
, -1.5231966972
, -1.5244061947
, -1.1414768696
, -1.5218034983
, -1.5231966972
, -1.5245925188
, -1.5054172277
, -1.5414011478
, -1.5205980539
, -1.9072703123
, -1.5231966972
, -1.5231966972
, -1.9022394419
, -1.5219891071
, -1.9072703123
, -1.9039809704
, -1.5231966972
, -1.9040107727
, -1.9039809704
, -1.9040107727
, -1.9039809704
, -1.9040107727
, -1.8865935802
, -1.9183828831
, -1.9055227041
, -2.2847950459
, -1.9072403908
, -2.2829835415
, -1.9040107727
, -2.2847950459
, -1.9039809704
, -2.2847950459
, -2.2827050686
, -2.2829835415
, -2.2887063026
, -2.2866094112
, -1.9040107727
, -2.6655793190
, -2.2601709366
, -2.3081099987
, -2.2827050686
, -2.2887063026
, -2.6656091213
, -2.2829835415
, -2.2866094112
, -2.6655793190
, -2.2847950459
, -2.6656091213
, -2.6655793190
, -2.2847950459
, -2.6656091213
, -2.6634659767
, -2.6677258015
, -2.2829835415
, -2.9691915512
, -2.6478023529
, -2.6768825054
, -2.6811254025
, -2.6792638302
, -2.6409971714
, -2.6701426506
, -2.6568524837
, -2.6722664833
, -3.0540359020
, -2.6610615253
, -2.6859898567
, -3.0436069965
, -2.6861023903
, -2.6924479008
, -3.0463933945
, -2.6348128319
, -3.0105288029
, -2.6832544804
, -3.0488123894
, -2.6677258015
, -3.0415666103
, -3.0564672947
, -2.6589255333
, -3.0511012077
, -2.9992463589
, -2.6725416183
, -3.0135612488
, -2.9939122200
, -3.1449284554
, -2.6974368095
, -3.0488123894
, -3.0037679672
, -3.0192966461
, -3.1333656311
, -2.6655793190
, -3.0463933945
, -3.0463933945
, -3.0411961079
, -3.0463933945
, -3.0491998196
, -2.6677110195
, -3.0411961079
, -3.0491850376
, -3.0488123894
, -3.0463933945
, -3.0463933945
, -3.0463933945
, -2.6282968521
, -3.0350317955
, -3.1089413166
, -3.0488123894
, -3.0463933945
, -3.0260767937
, -2.6836116314
, -3.0463933945
, -3.0463933945
, -3.0463933945
, -2.6634807587
, -3.0463933945
, -3.0488123894
, -2.6655941010
, -3.0463933945
, -3.0411961079
, -2.9887490273
, -2.6368660927
, -3.0619986057
, -2.6768677235
, -3.0564672947
, -2.6502273083
, -3.0617170334
, -2.6454112530
, -3.0415666103
, -2.6836116314
, -2.6631560326
, -3.0669846535
