torque=[-0.2649999857
, -0.2574543357
, -0.2499407828
, -0.2423858941
, -0.2348662168
, -0.2273384780
, -0.2198227197
, -0.2123080641
, -0.2048017234
, -0.1972921640
, -0.1897686422
, -0.1823071539
, -0.1748832762
, -0.1673180163
, -0.1587407440
, -0.1525838077
, -0.1451924741
, -0.1378082633
, -0.1304559112
, -0.1231189221
, -0.1158043295
, -0.1085132957
, -0.1012469754
, -0.0939942151
, -0.0867872834
, -0.0795955360
, -0.0724459663
, -0.0653260499
, -0.0582319461
, -0.0510817282
, -0.0431140363
, -0.0371499844
, -0.0301931500
, -0.0232616663
, -0.0163863264
, -0.0095440326
, -0.0027474842
, 0.0040130904
, 0.0107311849
, 0.0174057372
, 0.0240356959
, 0.0306200106
, 0.0371628404
, 0.0436527207
, 0.0500938632
, 0.0566399246
, 0.0630058125
, 0.0692775324
, 0.0755122378
, 0.0816827044
, 0.0878248513
, 0.0938952714
, 0.0998635367
, 0.1058550626
, 0.1117081344
, 0.1176054254
, 0.1233686432
, 0.1290515363
, 0.1346543580
, 0.1401996911
, 0.1457189173
, 0.1512327194
, 0.1573902071
, 0.1619171649
, 0.1671765149
, 0.1723724008
, 0.1774951220
, 0.1825521141
, 0.1875384450
, 0.1924532950
, 0.1972959191
, 0.2020655423
, 0.2067651302
, 0.2113864422
, 0.2159325182
, 0.2204026580
, 0.2248000652
, 0.2291589081
, 0.2339554876
, 0.2375065088
, 0.2415866405
, 0.2455867827
, 0.2495128810
, 0.2533475757
, 0.2571351230
, 0.2607840002
, 0.2643686831
, 0.2678731978
, 0.2712990940
, 0.2746375501
, 0.2778907716
, 0.2810610831
, 0.2841395438
, 0.2871736288
, 0.2900511920
, 0.2928659022
, 0.2955906391
, 0.2982338071
, 0.3007880449
, 0.3032529354
, 0.3056280911
, 0.3079149127
, 0.3101077080
, 0.3122130930
, 0.3142274022
, 0.3161467016
, 0.3179790378
, 0.3197132349
, 0.3213596046
, 0.3229458332
, 0.3243972063
, 0.3257363439
, 0.3270094693
, 0.3281901479
, 0.3292820454
, 0.3302917480
, 0.3311867416
, 0.3319839239
, 0.3326978981
, 0.3333100677
, 0.3338286877
, 0.3342513442
, 0.3345798552
, 0.3348160386
, 0.3349549770
, 0.3349999785
, 0.3349512517
, 0.3348098695
, 0.3345744014
, 0.3342431188
, 0.3338172138
, 0.3332967758
, 0.3326818347
, 0.3319725096
, 0.3311682343
, 0.3302711844
, 0.3292794526
, 0.3281938732
, 0.3270146251
, 0.3257419169
, 0.3243758976
, 0.3229029477
, 0.3213621378
, 0.3197189867
, 0.3179820478
, 0.3161545992
, 0.3142338991
, 0.3122217655
, 0.3101184368
, 0.3079075217
, 0.3056397438
, 0.3032650352
, 0.3008005917
, 0.2982447147
, 0.2956019044
, 0.2928728461
, 0.2900534868
, 0.2871142924
, 0.2841498554
, 0.2810635865
, 0.2779042721
, 0.2746514082
, 0.2713133097
, 0.2678905427
, 0.2643807530
, 0.2607930899
, 0.2571165562
, 0.2533604801
, 0.2495256960
, 0.2456066012
, 0.2416068614
, 0.2375271320
, 0.2333680391
, 0.2290083170
, 0.2247194797
, 0.2203060389
, 0.2158382982
, 0.2112979889
, 0.2066677660
, 0.2019543052
, 0.1972151697
, 0.1923630536
, 0.1874800473
, 0.1824130118
, 0.1774136871
, 0.1722903550
, 0.1671461463
, 0.1619346589
, 0.1566034108
, 0.1511463225
, 0.1457326263
, 0.1402135938
, 0.1346211880
, 0.1289610863
, 0.1232433170
, 0.1174642369
, 0.1116295010
, 0.1057306007
, 0.0997731611
, 0.0937581137
, 0.0876864120
, 0.0815590248
, 0.0753769055
, 0.0691359788
, 0.0628524125
, 0.0564482845
, 0.0501156449
, 0.0436688513
, 0.0371849537
, 0.0306475181
, 0.0240687393
, 0.0174390059
, 0.0107646734
, 0.0040467945
, -0.0027190542
, -0.0095208697
, -0.0163574796
, -0.0232388694
, -0.0301584378
, -0.0371150896
, -0.0441077240
, -0.0512121022
, -0.0592182167
, -0.0653082728
, -0.0724338368
, -0.0795776546
, -0.0867570341
, -0.0939703584
, -0.1012106836
, -0.1084768847
, -0.1157677919
, -0.1230822727
, -0.1304191500
, -0.1377832592
, -0.1452176422
, -0.1525586694
, -0.1599675864
, -0.1676052362
, -0.1750771254
, -0.1825200021
, -0.1899691075
, -0.1974495202
, -0.2049967945
, -0.2124657780
, -0.2200053632
, -0.2275273204
, -0.2349987626
, -0.2425758094
, -0.2501051724
, -0.2575870454
, -0.2650634050
, -0.2725268602
, -0.2812418342
, -0.2877022922
, -0.2962836325
, -0.3026683331
, -0.3101833463
, -0.3177047670
, -0.3252229691
, -0.3327138424
, -0.3401871622
, -0.3476614058
, -0.3551226258
, -0.3625763953
, -0.3700079322
, -0.3774228990
, -0.3848133683
, -0.3921984136
, -0.4000187218
, -0.4069792032
, -0.4152981341
, -0.4214991331
, -0.4287587702
, -0.4360173047
, -0.4432192445
, -0.4504044950
, -0.4575482905
, -0.4646917284
, -0.4717736542
, -0.4788295031
, -0.4858571887
, -0.4928500056
, -0.4998068511
, -0.5067320466
, -0.5136136413
, -0.5205364823
, -0.5282760262
, -0.5340183973
, -0.5407311320
, -0.5474057198
, -0.5540356636
, -0.5606200099
, -0.5671576262
, -0.5736585855
, -0.5800938010
, -0.5864852071
, -0.5928208232
, -0.5991146564
, -0.6053458452
, -0.6115282178
, -0.6176558733
, -0.6238898039
, -0.6299287677
, -0.6358597875
, -0.6417380571
, -0.6475421190
, -0.6533830166
, -0.6590800285
, -0.6647296548
, -0.6703347564
, -0.6758525372
, -0.6813195944
, -0.6866844296
, -0.6920104623
, -0.6972465515
, -0.7024158239
, -0.7074951530
, -0.7126319408
, -0.7182353139
, -0.7224532962
, -0.7275375724
, -0.7320655584
, -0.7367613912
, -0.7413905859
, -0.7459324598
, -0.7504026294
, -0.7547926307
, -0.7595425844
, -0.7633503675
, -0.7675097585
, -0.7715866566
, -0.7755867839
, -0.7795159817
, -0.7833825350
, -0.7871038914
, -0.7907868624
, -0.7943719029
, -0.7978731990
, -0.8012964129
, -0.8046349287
, -0.8078882098
, -0.8110557795
, -0.8141371012
, -0.8171316981
, -0.8200414181
, -0.8228611350
, -0.8255906701
, -0.8282338381
, -0.8307880163
, -0.8332771659
, -0.8356299400
, -0.8379186988
, -0.8401076794
, -0.8422114253
, -0.8442256451
, -0.8461467028
, -0.8479745984
, -0.8497118950
, -0.8513568640
, -0.8529092669
, -0.8543712497
, -0.8557353020
, -0.8570085168
, -0.8581882119
, -0.8592751026
, -0.8602886200
, -0.8611909747
, -0.8619883657
, -0.8626940250
, -0.8633038998
, -0.8638279438
, -0.8642516732
, -0.8645803332
, -0.8648147583
, -0.8649542928
, -0.8649999499
, -0.8649509549
, -0.8648073077
, -0.8645712733
, -0.8642427921
, -0.8638172150
, -0.8632895947
, -0.8626812696
, -0.8619711995
, -0.8611689210
, -0.8602688313
, -0.8592794538
, -0.8581929803
, -0.8570136428
, -0.8557408452
, -0.8543747663
, -0.8529155850
, -0.8513648510
, -0.8497189879
, -0.8479804397
, -0.8461514115
, -0.8442323208
, -0.8421958089
, -0.8401167393
, -0.8379186988
, -0.8356378675
, -0.8332630992
, -0.8307986259
, -0.8282423615
, -0.8255973458
, -0.8228706121
, -0.8200511932
, -0.8171441555
, -0.8141499162
, -0.8110688925
, -0.8079017401
, -0.8046487570
, -0.8013106585
, -0.7978558540
, -0.7943747640
, -0.7907868624
, -0.7871131897
, -0.7833635807
, -0.7795225978
, -0.7756034732
, -0.7716036439
, -0.7675238848
, -0.7633647323
, -0.7591229677
, -0.7548035383
, -0.7504177690
, -0.7459514737
, -0.7414057255
, -0.7367846966
, -0.7320376635
, -0.7273161411
, -0.7224693894
, -0.7175632119
, -0.7125772238
, -0.7075165510
, -0.7023940682
, -0.6971985102
, -0.6919346452
, -0.6866034269
, -0.6812055707
, -0.6757420301
, -0.6702135801
, -0.6646167040
, -0.6589657068
, -0.6532434225
, -0.6473132372
, -0.6414328218
, -0.6355568767
, -0.6296324730
, -0.6236469150
, -0.6175173521
, -0.6113989949
, -0.6051949859
, -0.5989732146
, -0.5926989913
, -0.5863464475
, -0.5800027251
, -0.5735549927
, -0.5671140552
, -0.5606415868
, -0.5540574193
, -0.5473498702
, -0.5397477150
, -0.5340245962
, -0.5272694826
, -0.5204730034
, -0.5136198997
, -0.5067611337
, -0.4998241961
, -0.4885186553
, -0.4858509898
, -0.4788415432
, -0.4717030227
, -0.4626740813
, -0.4574940205
, -0.4504224658
, -0.4432429671
, -0.4359270930
, -0.4277061522
, -0.4215231240
, -0.4142321944
, -0.4069177210
, -0.3995808363
, -0.3922101259
, -0.3848318458
, -0.3774414361
, -0.3700323999
, -0.3625881970
, -0.3551481068
, -0.3476928771
, -0.3402186632
, -0.3327325881
, -0.3252358139
, -0.3176229298
, -0.3091366589
, -0.3026871681
, -0.2951654494
, -0.2876329720
, -0.2800463140
, -0.2725584805
, -0.2650188804
, -0.2574792504
, -0.2499407977
, -0.2423987687
, -0.2348662764
, -0.2273445129
, -0.2198227346
, -0.2123080790
, -0.2047889233
, -0.1971476227
