StateVariable_5=[0.0000000000
, 0.0075456556
, 0.0150592132
, 0.0226141103
, 0.0301337894
, 0.0376615189
, 0.0451772884
, 0.0526919402
, 0.0601982735
, 0.0677078366
, 0.0752313584
, 0.0826928392
, 0.0901167244
, 0.0976819843
, 0.1062592566
, 0.1124161929
, 0.1198075190
, 0.1271917373
, 0.1345440894
, 0.1418810785
, 0.1491956711
, 0.1564867049
, 0.1637530178
, 0.1710057855
, 0.1782127172
, 0.1854044646
, 0.1925540268
, 0.1996739507
, 0.2067680508
, 0.2139182687
, 0.2218859643
, 0.2278500199
, 0.2348068506
, 0.2417383343
, 0.2486136705
, 0.2554559708
, 0.2622525096
, 0.2690130770
, 0.2757311761
, 0.2824057341
, 0.2890357077
, 0.2956200242
, 0.3021628261
, 0.3086527288
, 0.3150938749
, 0.3216399252
, 0.3280058205
, 0.3342775404
, 0.3405122459
, 0.3466826975
, 0.3528248370
, 0.3588952720
, 0.3648635447
, 0.3708550632
, 0.3767081201
, 0.3826054335
, 0.3883686364
, 0.3940515518
, 0.3996543586
, 0.4051996768
, 0.4107189178
, 0.4162327051
, 0.4223902225
, 0.4269171655
, 0.4321765304
, 0.4373723865
, 0.4424951375
, 0.4475521147
, 0.4525384307
, 0.4574533105
, 0.4622959197
, 0.4670655429
, 0.4717651308
, 0.4763864279
, 0.4809325337
, 0.4854026437
, 0.4898000658
, 0.4941589236
, 0.4989554882
, 0.5025064945
, 0.5065866709
, 0.5105867982
, 0.5145128965
, 0.5183475614
, 0.5221351385
, 0.5257840157
, 0.5293686986
, 0.5328732133
, 0.5362991095
, 0.5396375656
, 0.5428907871
, 0.5460610986
, 0.5491395593
, 0.5521736145
, 0.5550512075
, 0.5578659177
, 0.5605906248
, 0.5632337928
, 0.5657880306
, 0.5682529211
, 0.5706281066
, 0.5729148984
, 0.5751076937
, 0.5772131085
, 0.5792273879
, 0.5811467171
, 0.5829790235
, 0.5847132206
, 0.5863596201
, 0.5879458189
, 0.5893971920
, 0.5907363296
, 0.5920094848
, 0.5931901336
, 0.5942820311
, 0.5952917337
, 0.5961867571
, 0.5969839096
, 0.5976979136
, 0.5983100533
, 0.5988286734
, 0.5992513299
, 0.5995798707
, 0.5998160243
, 0.5999549627
, 0.5999999642
, 0.5999512672
, 0.5998098850
, 0.5995743871
, 0.5992431045
, 0.5988172293
, 0.5982967615
, 0.5976818204
, 0.5969725251
, 0.5961682200
, 0.5952711701
, 0.5942794681
, 0.5931938887
, 0.5920146108
, 0.5907419324
, 0.5893759131
, 0.5879029632
, 0.5863621235
, 0.5847190022
, 0.5829820633
, 0.5811545849
, 0.5792338848
, 0.5772217512
, 0.5751184225
, 0.5729075074
, 0.5706397295
, 0.5682650208
, 0.5658006072
, 0.5632447004
, 0.5606018901
, 0.5578728318
, 0.5550534725
, 0.5521143079
, 0.5491498709
, 0.5460636020
, 0.5429042578
, 0.5396513939
, 0.5363132954
, 0.5328905582
, 0.5293807387
, 0.5257930756
, 0.5221165419
, 0.5183604956
, 0.5145257115
, 0.5106065869
, 0.5066068769
, 0.5025271177
, 0.4983680546
, 0.4940083325
, 0.4897194803
, 0.4853060246
, 0.4808382988
, 0.4762979746
, 0.4716677666
, 0.4669542909
, 0.4622151554
, 0.4573630691
, 0.4524800479
, 0.4474130273
, 0.4424136877
, 0.4372903705
, 0.4321461618
, 0.4269346595
, 0.4216034114
, 0.4161463082
, 0.4107326269
, 0.4052135944
, 0.3996211886
, 0.3939610720
, 0.3882433176
, 0.3824642301
, 0.3766295016
, 0.3707306087
, 0.3647731543
, 0.3587581217
, 0.3526864052
, 0.3465590179
, 0.3403769135
, 0.3341359794
, 0.3278523982
, 0.3214482963
, 0.3151156306
, 0.3086688519
, 0.3021849394
, 0.2956475317
, 0.2890687287
, 0.2824389935
, 0.2757646739
, 0.2690467834
, 0.2622809410
, 0.2554791272
, 0.2486425191
, 0.2417611331
, 0.2348415703
, 0.2278849185
, 0.2208922803
, 0.2137878984
, 0.2057817876
, 0.1996917278
, 0.1925661713
, 0.1854223460
, 0.1782429665
, 0.1710296422
, 0.1637893170
, 0.1565231234
, 0.1492322087
, 0.1419177353
, 0.1345808506
, 0.1272167414
, 0.1197823584
, 0.1124413311
, 0.1050324142
, 0.0973947644
, 0.0899228752
, 0.0824799985
, 0.0750308931
, 0.0675504729
, 0.0600031987
, 0.0525342263
, 0.0449946299
, 0.0374726839
, 0.0300012380
, 0.0224241838
, 0.0148948422
, 0.0074129654
, -0.0000633918
, -0.0075268545
, -0.0162418373
, -0.0227022897
, -0.0312836170
, -0.0376683399
, -0.0451833494
, -0.0527047589
, -0.0602229796
, -0.0677138343
, -0.0751871541
, -0.0826614127
, -0.0901226178
, -0.0975763947
, -0.1050079465
, -0.1124229133
, -0.1198133603
, -0.1271984130
, -0.1350187361
, -0.1419792175
, -0.1502981484
, -0.1564991325
, -0.1637587696
, -0.1710172892
, -0.1782192439
, -0.1854045093
, -0.1925482899
, -0.1996917278
, -0.2067736536
, -0.2138295025
, -0.2208571881
, -0.2278500050
, -0.2348068357
, -0.2417320609
, -0.2486136258
, -0.2555364966
, -0.2632760108
, -0.2690184116
, -0.2757311463
, -0.2824057043
, -0.2890356779
, -0.2956199944
, -0.3021576107
, -0.3086585999
, -0.3150938153
, -0.3214851916
, -0.3278208077
, -0.3341146708
, -0.3403458297
, -0.3465282321
, -0.3526558876
, -0.3588897884
, -0.3649287820
, -0.3708597720
, -0.3767380416
, -0.3825421333
, -0.3883830309
, -0.3940800428
, -0.3997296691
, -0.4053347409
, -0.4108525515
, -0.4163195789
, -0.4216844440
, -0.4270104766
, -0.4322465360
, -0.4374158382
, -0.4424951375
, -0.4476319551
, -0.4532352984
, -0.4574533105
, -0.4625375569
, -0.4670655429
, -0.4717614055
, -0.4763906002
, -0.4809324741
, -0.4854026139
, -0.4897926450
, -0.4945425987
, -0.4983503520
, -0.5025097728
, -0.5065866709
, -0.5105867982
, -0.5145159960
, -0.5183825493
, -0.5221039057
, -0.5257868767
, -0.5293719172
, -0.5328732133
, -0.5362963676
, -0.5396348834
, -0.5428882241
, -0.5460557342
, -0.5491371155
, -0.5521317124
, -0.5550414324
, -0.5578611493
, -0.5605906248
, -0.5632337928
, -0.5657880306
, -0.5682771206
, -0.5706299543
, -0.5729187131
, -0.5751076937
, -0.5772114396
, -0.5792255998
, -0.5811467171
, -0.5829745531
, -0.5847119093
, -0.5863568783
, -0.5879092813
, -0.5893712044
, -0.5907353163
, -0.5920084715
, -0.5931882262
, -0.5942750573
, -0.5952886343
, -0.5961909890
, -0.5969883800
, -0.5976940393
, -0.5983039141
, -0.5988279581
, -0.5992516875
, -0.5995803475
, -0.5998147726
, -0.5999543071
, -0.5999999642
, -0.5999509692
, -0.5998073220
, -0.5995712876
, -0.5992428064
, -0.5988172293
, -0.5982896090
, -0.5976812840
, -0.5969712138
, -0.5961689353
, -0.5952688456
, -0.5942794681
, -0.5931929946
, -0.5920136571
, -0.5907408595
, -0.5893747807
, -0.5879155993
, -0.5863648653
, -0.5847190022
, -0.5829804540
, -0.5811513662
, -0.5792323351
, -0.5771958232
, -0.5751167536
, -0.5729187131
, -0.5706378818
, -0.5682631135
, -0.5657985806
, -0.5632423759
, -0.5605973601
, -0.5578706264
, -0.5550512075
, -0.5521441698
, -0.5491498709
, -0.5460689068
, -0.5429016948
, -0.5396487713
, -0.5363106132
, -0.5328558683
, -0.5293747187
, -0.5257868767
, -0.5221132040
, -0.5183635354
, -0.5145226121
, -0.5106034279
, -0.5066036582
, -0.5025238395
, -0.4983647168
, -0.4941229522
, -0.4898035526
, -0.4854177833
, -0.4809514582
, -0.4764057100
, -0.4717847109
, -0.4670376480
, -0.4623161554
, -0.4574693739
, -0.4525632262
, -0.4475772679
, -0.4425165653
, -0.4373940825
, -0.4321984947
, -0.4269346595
, -0.4216034114
, -0.4162055850
, -0.4107420146
, -0.4052135944
, -0.3996167183
, -0.3939656913
, -0.3882434070
, -0.3823132515
, -0.3764328063
, -0.3705568910
, -0.3646324575
, -0.3586468995
, -0.3525173664
, -0.3463989794
, -0.3401949704
, -0.3339732289
, -0.3276990056
, -0.3213464618
, -0.3150027394
, -0.3085550070
, -0.3021140695
, -0.2956416011
, -0.2890574336
, -0.2823498845
, -0.2747476995
, -0.2690245807
, -0.2622694671
, -0.2554729879
, -0.2486198992
, -0.2417611331
, -0.2348241955
, -0.2235186547
, -0.2208509892
, -0.2138415426
, -0.2067030221
, -0.1976740658
, -0.1924940348
, -0.1854224503
, -0.1782429665
, -0.1709270775
, -0.1627061367
, -0.1565231234
, -0.1492322087
, -0.1419177353
, -0.1345808506
, -0.1272101104
, -0.1198318526
, -0.1124414429
, -0.1050324142
, -0.0975882038
, -0.0901480913
, -0.0826928616
, -0.0752186626
, -0.0677325800
, -0.0602358021
, -0.0526229292
, -0.0441366732
, -0.0376871713
, -0.0301654357
, -0.0226329640
, -0.0150463134
, -0.0075584906
, -0.0000188680
, 0.0075207576
, 0.0150591955
, 0.0226012338
, 0.0301337224
, 0.0376554802
, 0.0451772697
, 0.0526919216
, 0.0602110773
, 0.0678523779
, 0.0754197687
, 0.0828555822
, 0.0902850330
, 0.0977071673
, 0.1051814780
