time=[0.0000000000
, 0.9966999888
, 1.9967000484
, 3.0067000389
, 3.9974999428
, 4.9984002113
, 5.9966998100
, 6.9966998100
, 7.9974999428
, 8.9975004196
, 9.9975004196
, 10.9967002869
, 11.9967002869
, 12.9967002869
, 13.9967002869
, 14.9967002869
, 15.9967002869
, 16.9967002869
, 17.9967002869
, 19.0151004791
, 19.9974994659
, 20.9983997345
, 21.9967002869
, 22.9967002869
, 23.9967002869
, 24.9967002869
, 25.9967002869
, 26.9967002869
, 27.9983997345
, 29.0076007843
, 29.9974994659
, 30.9967002869
, 31.9967002869
, 32.9967002869
, 33.9967002869
, 35.0192985535
, 35.9975013733
, 36.9984016418
, 37.9975013733
, 38.9975013733
, 39.9984016418
, 40.9967002869
, 41.9967002869
, 42.9967002869
, 43.9967002869
, 44.9967002869
, 45.9967002869
, 46.9967002869
, 47.9967002869
, 48.9967002869
, 49.9975013733
, 51.0470008850
, 52.0209999084
, 53.0243988037
, 54.0209999084
, 55.0201988220
, 56.0209999084
, 57.0150985718
, 58.0227012634
, 59.0234985352
, 60.0209999084
, 61.0243988037
, 62.0218009949
, 63.0209999084
, 64.0109024048
, 65.0000000000
, 65.9966964722
, 67.0729980469
, 67.9983978271
, 69.1409988403
, 70.0494995117
, 70.9974975586
, 71.9974975586
, 72.9974975586
, 73.9983978271
, 74.9983978271
, 75.9966964722
, 76.9966964722
, 77.9966964722
, 78.9974975586
, 79.9974975586
, 80.9966964722
, 81.9974975586
, 83.0462036133
, 83.9974975586
, 85.1460037231
, 85.9991989136
, 86.9974975586
, 87.9966964722
, 88.9983978271
, 89.9974975586
, 90.9983978271
, 91.9966964722
, 92.9974975586
, 93.9966964722
, 94.9966964722
, 95.9966964722
, 96.9974975586
, 97.9966964722
, 99.0880966187
, 99.9991989136
, 101.1501998901
, 101.9966964722
, 102.9974975586
, 103.9974975586
, 104.9974975586
, 105.9974975586
, 106.9974975586
, 107.9974975586
, 108.9983978271
, 109.9983978271
, 110.9974975586
, 112.0000000000
, 113.0058975220
, 113.9991989136
, 115.0821990967
, 115.9983978271
, 117.1452026367
, 117.9966964722
, 119.0000000000
, 119.9983978271
, 120.9974975586
, 121.9983978271
, 122.9983978271
, 123.9974975586
, 124.9974975586
, 125.9974975586
, 126.9974975586
, 127.9983978271
, 128.9983978271
, 129.9983978271
, 131.0630035400
, 132.0193023682
, 133.0234985352
, 134.0209960938
, 135.0209960938
, 136.0227050781
, 137.0177001953
, 138.0218048096
, 139.0218048096
, 140.0252075195
, 141.0269012451
, 142.0177001953
, 143.0177001953
, 144.0092926025
, 144.9974975586
, 145.9974975586
, 147.1217041016
, 147.9974975586
, 149.1510009766
, 149.9974975586
, 150.9983978271
, 151.9967041016
, 152.9974975586
, 153.9967041016
, 154.9967041016
, 155.9967041016
, 156.9974975586
, 157.9967041016
, 158.9974975586
, 159.9974975586
, 161.0016937256
, 161.9974975586
, 163.1217041016
, 163.9992065430
, 165.1452026367
, 165.9967041016
, 166.9983978271
, 167.9967041016
, 168.9992065430
, 169.9983978271
, 170.9974975586
, 171.9974975586
, 172.9974975586
, 173.9967041016
, 174.9967041016
, 175.9967041016
, 176.9967041016
, 177.9967041016
, 179.1284027100
, 179.9974975586
, 180.9983978271
, 181.9967041016
, 182.9967041016
, 183.9967041016
, 184.9967041016
, 185.9967041016
, 186.9967041016
, 187.9967041016
, 188.9974975586
, 189.9967041016
, 190.9974975586
, 191.9967041016
, 192.9967041016
, 193.9967041016
, 195.1192016602
, 196.0167999268
, 197.0243988037
, 198.0218048096
, 199.0234985352
, 200.0234985352
, 201.0151062012
, 202.0202026367
, 203.0135040283
, 204.0218048096
, 205.0234985352
, 206.0193023682
, 207.0184936523
, 208.0160064697
, 209.0016937256
, 209.9974975586
, 211.1502075195
, 211.9974975586
, 212.9983978271
, 213.9967041016
, 214.9967041016
, 215.9967041016
, 216.9967041016
, 217.9967041016
, 218.9967041016
, 219.9983978271
, 220.9967041016
, 221.9967041016
, 222.9967041016
, 223.9967041016
, 224.9967041016
, 225.9967041016
, 227.1912994385
, 227.9974975586
, 228.9983978271
, 229.9974975586
, 230.9967041016
, 231.9967041016
, 232.9967041016
, 233.9967041016
, 234.9967041016
, 235.9967041016
, 236.9967041016
, 237.9967041016
, 239.0050964355
, 239.9974975586
, 240.9967041016
, 241.9967041016
, 243.1896057129
, 243.9974975586
, 244.9983978271
, 245.9967041016
, 246.9967041016
, 247.9967041016
, 248.9974975586
, 249.9983978271
, 250.9967041016
, 251.9967041016
, 252.9967041016
, 253.9967041016
, 254.9967041016
, 255.9967041016
, 256.9967041016
, 257.9967041016
, 259.1653137207
, 260.0192871094
, 261.0252075195
, 262.0209960938
, 263.0252075195
, 264.0234985352
, 265.0151062012
, 266.0192871094
, 267.0159912109
, 268.0252075195
, 269.0260009766
, 270.0202026367
, 271.0209960938
, 272.0168151855
, 273.0042114258
, 273.9974975586
, 275.2207031250
, 275.9984130859
, 276.9984130859
, 277.9974975586
, 278.9984130859
, 279.9992065430
, 280.9974975586
, 281.9974975586
, 282.9974975586
, 283.9984130859
, 284.9974975586
, 285.9974975586
, 286.9974975586
, 287.9974975586
, 288.9974975586
, 289.9974975586
, 291.2249145508
, 291.9984130859
, 292.9984130859
, 293.9974975586
, 294.9974975586
, 295.9974975586
, 296.9984130859
, 297.9974975586
, 298.9984130859
, 299.9974975586
, 300.9974975586
, 301.9974975586
, 302.9967041016
, 303.9967041016
, 304.9967041016
, 305.9967041016
, 307.2399902344
, 308.0143127441
, 309.1484985352
, 309.9984130859
, 310.9974975586
, 311.9974975586
, 312.9967041016
, 313.9974975586
, 315.0050964355
, 315.9984130859
, 316.9984130859
, 317.9967041016
, 318.9992065430
, 319.9984130859
, 320.9967041016
, 322.0000000000
, 323.2583923340
, 324.0638122559
, 325.0234985352
, 326.0234985352
, 327.0260009766
, 328.0252075195
, 329.0177001953
, 330.0202026367
, 331.0151062012
, 332.1795959473
, 333.0093078613
, 334.0227050781
, 335.0244140625
, 336.0168151855
, 337.0025939941
, 337.9967041016
, 339.3229980469
, 340.0411071777
, 341.1467895508
, 342.0462036133
, 342.9967041016
, 343.9984130859
, 344.9967041016
, 345.9967041016
, 346.9967041016
, 347.9967041016
, 348.9974975586
, 349.9974975586
, 350.9974975586
, 351.9967041016
, 352.9967041016
, 353.9967041016
, 355.2853088379
, 356.0578918457
, 357.1477050781
, 357.9967041016
, 359.0008850098
, 359.9974975586
, 360.9974975586
, 362.0008850098
, 362.9967041016
, 363.9974975586
, 364.9984130859
, 365.9967041016
, 366.9967041016
, 367.9967041016
, 368.9992065430
, 369.9984130859
, 371.2919921875
, 372.0654907227
, 373.1484985352
, 373.9974975586
, 374.9967041016
, 375.9967041016
, 376.9967041016
, 377.9967041016
, 378.9992065430
, 379.9974975586
, 380.9974975586
, 381.9984130859
, 382.9967041016
, 383.9967041016
, 384.9967041016
, 385.9974975586
, 387.2878112793
, 388.1174926758
, 389.0234985352
, 390.0234985352
, 391.0268859863
, 392.0252075195
, 393.0227050781
, 394.0209960938
, 395.0151062012
, 396.0202026367
, 397.0134887695
, 398.0234985352
, 399.0217895508
, 400.0177001953
, 401.0075988770
, 401.9984130859
, 403.3767089844
, 404.0914916992
, 405.1427001953
, 405.9974975586
, 407.0479125977
, 407.9967041016
, 408.9992065430
, 409.9984130859
, 410.9984130859
, 411.9974975586
, 413.0025939941
, 413.9974975586
, 414.9974975586
, 415.9974975586
, 416.9974975586
, 417.9974975586
, 419.3129882813
, 420.1141052246
, 421.0033874512
, 421.9984130859
, 422.9984130859
, 423.9974975586
, 424.9974975586
, 425.9967041016
, 426.9974975586
, 427.9984130859
, 428.9974975586
, 429.9974975586
, 430.9974975586
, 431.9974975586
, 433.0058898926
, 433.9974975586
, 435.3472900391
, 436.1124877930
, 436.9992065430
, 437.9974975586
, 438.9974975586
, 439.9974975586
, 440.9984130859
, 441.9974975586
, 442.9974975586
, 443.9974975586
, 444.9984130859
, 445.9974975586
, 446.9974975586
, 447.9967041016
, 448.9984130859
, 449.9974975586
, 451.3707885742
, 452.1543884277
, 453.0234985352
, 454.0227050781
, 455.0252075195
, 456.0268859863
, 457.0217895508
, 458.0217895508
, 459.0159912109
, 460.0234985352
, 461.0126037598
, 462.0244140625
, 463.0234985352
, 464.0177001953
, 465.0159912109
, 466.0168151855
, 467.4396057129
, 468.1552124023
, 469.0177001953
, 470.0143127441
, 471.0108947754
, 472.0184936523
, 472.9974975586
, 473.9967041016
, 475.0025939941
