position=[0.0053311875
, 0.0057119867
, 0.0057119867
, 0.0060927859
, 0.0060927859
, 0.0064735850
, 0.0064735850
, 0.0068543837
, 0.0068543837
, 0.0068543837
, 0.0072351829
, 0.0072351829
, 0.0072351829
, 0.0076159821
, 0.0076159821
, 0.0076159821
, 0.0076159821
, 0.0076159821
, 0.0079967817
, 0.0079967817
, 0.0079967817
, 0.0079967817
, 0.0079967817
, 0.0079967817
, 0.0079967817
, 0.0079967817
, 0.0079967817
, 0.0079967817
, 0.0079967817
, 0.0079967817
, 0.0079967817
, 0.0079967817
, 0.0079967817
, 0.0079967817
, 0.0079967817
, 0.0079967817
, 0.0079967817
, 0.0079967817
, 0.0079967817
, 0.0079967817
, 0.0079967817
, 0.0079967817
, 0.0079967817
, 0.0079967817
, 0.0079967817
, 0.0079967817
, 0.0079967817
, 0.0079967817
, 0.0079967817
, 0.0079967817
, 0.0079967817
, 0.0079967817
, 0.0079967817
, 0.0079967817
, 0.0079967817
, 0.0079967817
, 0.0079967817
, 0.0079967817
, 0.0079967817
, 0.0079967817
, 0.0079967817
, 0.0079967817
, 0.0079967817
, 0.0079967817
, 0.0079967817
, 0.0079967817
, 0.0079967817
, 0.0079967817
, 0.0083775800
, 0.0083775800
, 0.0083775800
, 0.0083775800
, 0.0083775800
, 0.0083775800
, 0.0083775800
, 0.0083775800
, 0.0083775800
, 0.0083775800
, 0.0083775800
, 0.0083775800
, 0.0083775800
, 0.0083775800
, 0.0083775800
, 0.0083775800
, 0.0083775800
, 0.0083775800
, 0.0083775800
, 0.0083775800
, 0.0083775800
, 0.0083775800
, 0.0083775800
, 0.0083775800
, 0.0083775800
, 0.0087583791
, 0.0087583791
, 0.0087583791
, 0.0087583791
, 0.0087583791
, 0.0087583791
, 0.0087583791
, 0.0087583791
, 0.0087583791
, 0.0091391783
, 0.0091391783
, 0.0091391783
, 0.0091391783
, 0.0091391783
, 0.0091391783
, 0.0091391783
, 0.0095199775
, 0.0095199775
, 0.0095199775
, 0.0095199775
, 0.0095199775
, 0.0095199775
, 0.0099007767
, 0.0099007767
, 0.0099007767
, 0.0099007767
, 0.0099007767
, 0.0102815758
, 0.0102815758
, 0.0102815758
, 0.0102815758
, 0.0102815758
, 0.0106623750
, 0.0106623750
, 0.0106623750
, 0.0106623750
, 0.0110431742
, 0.0110431742
, 0.0110431742
, 0.0110431742
, 0.0114239734
, 0.0114239734
, 0.0114239734
, 0.0118047725
, 0.0118047725
, 0.0118047725
, 0.0118047725
, 0.0121855717
, 0.0121855717
, 0.0121855717
, 0.0125663709
, 0.0125663709
, 0.0125663709
, 0.0129471701
, 0.0129471701
, 0.0129471701
, 0.0133279692
, 0.0133279692
, 0.0133279692
, 0.0137087675
, 0.0137087675
, 0.0137087675
, 0.0140895667
, 0.0140895667
, 0.0144703658
, 0.0144703658
, 0.0144703658
, 0.0148511650
, 0.0148511650
, 0.0148511650
, 0.0152319642
, 0.0152319642
, 0.0156127634
, 0.0156127634
, 0.0156127634
, 0.0159935635
, 0.0159935635
, 0.0163743626
, 0.0163743626
, 0.0163743626
, 0.0167551599
, 0.0167551599
, 0.0171359591
, 0.0171359591
, 0.0175167583
, 0.0175167583
, 0.0175167583
, 0.0178975575
, 0.0178975575
, 0.0182783566
, 0.0182783566
, 0.0182783566
, 0.0186591558
, 0.0186591558
, 0.0190399550
, 0.0190399550
, 0.0190399550
, 0.0194207542
, 0.0194207542
, 0.0198015533
, 0.0198015533
, 0.0198015533
, 0.0201823525
, 0.0201823525
, 0.0205631517
, 0.0205631517
, 0.0205631517
, 0.0209439509
, 0.0209439509
, 0.0209439509
, 0.0213247500
, 0.0213247500
, 0.0213247500
, 0.0217055492
, 0.0217055492
, 0.0217055492
, 0.0217055492
, 0.0220863484
, 0.0220863484
, 0.0220863484
, 0.0220863484
, 0.0224671476
, 0.0224671476
, 0.0224671476
, 0.0224671476
, 0.0224671476
, 0.0228479467
, 0.0228479467
, 0.0228479467
, 0.0228479467
, 0.0228479467
, 0.0228479467
, 0.0228479467
, 0.0228479467
, 0.0232287459
, 0.0232287459
, 0.0232287459
, 0.0232287459
, 0.0232287459
, 0.0232287459
, 0.0232287459
, 0.0232287459
, 0.0232287459
, 0.0232287459
, 0.0232287459
, 0.0232287459
, 0.0232287459
, 0.0232287459
, 0.0232287459
, 0.0232287459
, 0.0232287459
, 0.0232287459
, 0.0232287459
, 0.0232287459
, 0.0232287459
, 0.0232287459
, 0.0232287459
, 0.0232287459
, 0.0232287459
, 0.0232287459
, 0.0232287459
, 0.0232287459
, 0.0232287459
, 0.0232287459
, 0.0232287459
, 0.0232287459
, 0.0232287459
, 0.0232287459
, 0.0232287459
, 0.0232287459
, 0.0232287459
, 0.0232287459
, 0.0232287459
, 0.0232287459
, 0.0232287459
, 0.0232287459
, 0.0232287459
, 0.0232287459
, 0.0232287459
, 0.0232287459
, 0.0232287459
, 0.0232287459
, 0.0232287459
, 0.0232287459
, 0.0232287459
, 0.0232287459
, 0.0232287459
, 0.0232287459
, 0.0232287459
, 0.0232287459
, 0.0232287459
, 0.0232287459
, 0.0232287459
, 0.0232287459
, 0.0232287459
, 0.0232287459
, 0.0232287459
, 0.0232287459
, 0.0232287459
, 0.0232287459
, 0.0232287459
, 0.0232287459
, 0.0232287459
, 0.0232287459
, 0.0232287459
, 0.0232287459
, 0.0232287459
, 0.0232287459
, 0.0232287459
, 0.0232287459
, 0.0232287459
, 0.0232287459
, 0.0232287459
, 0.0232287459
, 0.0232287459
, 0.0232287459
, 0.0232287459
, 0.0228479467
, 0.0228479467
, 0.0228479467
, 0.0228479467
, 0.0228479467
, 0.0228479467
, 0.0228479467
, 0.0228479467
, 0.0228479467
, 0.0228479467
, 0.0228479467
, 0.0228479467
, 0.0228479467
, 0.0228479467
, 0.0228479467
, 0.0228479467
, 0.0228479467
, 0.0228479467
, 0.0228479467
, 0.0228479467
, 0.0228479467
, 0.0228479467
, 0.0228479467
, 0.0228479467
, 0.0228479467
, 0.0228479467
, 0.0228479467
, 0.0228479467
, 0.0224671476
, 0.0224671476
, 0.0224671476
, 0.0224671476
, 0.0224671476
, 0.0224671476
, 0.0224671476
, 0.0224671476
, 0.0224671476
, 0.0224671476
, 0.0224671476
, 0.0224671476
, 0.0220863484
, 0.0220863484
, 0.0220863484
, 0.0220863484
, 0.0220863484
, 0.0220863484
, 0.0220863484
, 0.0220863484
, 0.0217055492
, 0.0217055492
, 0.0217055492
, 0.0217055492
, 0.0217055492
, 0.0217055492
, 0.0217055492
, 0.0213247500
, 0.0213247500
, 0.0213247500
, 0.0213247500
, 0.0213247500
, 0.0213247500
, 0.0209439509
, 0.0209439509
, 0.0209439509
, 0.0209439509
, 0.0209439509
, 0.0209439509
, 0.0205631517
, 0.0205631517
, 0.0205631517
, 0.0205631517
, 0.0205631517
, 0.0201823525
, 0.0201823525
, 0.0201823525
, 0.0201823525
, 0.0198015533
, 0.0198015533
, 0.0198015533
, 0.0198015533
, 0.0194207542
, 0.0194207542
, 0.0194207542
, 0.0194207542
, 0.0190399550
, 0.0190399550
, 0.0190399550
, 0.0190399550
, 0.0186591558
, 0.0186591558
, 0.0186591558
, 0.0186591558
, 0.0182783566
, 0.0182783566
, 0.0182783566
, 0.0178975575
, 0.0178975575
, 0.0178975575
, 0.0178975575
, 0.0175167583
, 0.0175167583
, 0.0175167583
, 0.0171359591
, 0.0171359591
, 0.0171359591
, 0.0171359591
, 0.0167551599
, 0.0167551599
, 0.0167551599
, 0.0163743626
, 0.0163743626
, 0.0163743626
, 0.0159935635
, 0.0159935635
, 0.0159935635
, 0.0159935635
, 0.0156127634
, 0.0156127634
, 0.0156127634
, 0.0152319642
, 0.0152319642
, 0.0152319642
, 0.0152319642
, 0.0148511650
, 0.0148511650
, 0.0148511650
, 0.0148511650
, 0.0144703658
, 0.0144703658
, 0.0144703658
, 0.0144703658
, 0.0140895667
, 0.0140895667
, 0.0140895667
, 0.0140895667
, 0.0137087675
, 0.0137087675
, 0.0137087675
, 0.0137087675
, 0.0137087675
, 0.0133279692
, 0.0133279692
, 0.0133279692
, 0.0133279692
, 0.0133279692
, 0.0133279692
, 0.0129471701
, 0.0129471701
, 0.0129471701
, 0.0129471701
, 0.0129471701
, 0.0129471701
, 0.0129471701
, 0.0129471701
, 0.0129471701
, 0.0129471701
, 0.0129471701
, 0.0129471701
, 0.0129471701
, 0.0125663709
, 0.0125663709
, 0.0125663709
, 0.0125663709
, 0.0125663709
, 0.0125663709
, 0.0125663709
, 0.0125663709
, 0.0125663709
, 0.0125663709
, 0.0125663709
, 0.0125663709
, 0.0125663709
, 0.0125663709
, 0.0125663709
, 0.0125663709
, 0.0125663709
, 0.0125663709
, 0.0125663709
, 0.0125663709
, 0.0125663709
, 0.0125663709
, 0.0125663709
, 0.0125663709
, 0.0125663709
, 0.0125663709
, 0.0125663709
, 0.0125663709
, 0.0125663709
, 0.0125663709
, 0.0125663709
, 0.0125663709
, 0.0125663709
, 0.0125663709
, 0.0125663709
, 0.0125663709
, 0.0125663709
, 0.0125663709
, 0.0125663709
, 0.0125663709
, 0.0125663709
, 0.0125663709
, 0.0125663709
, 0.0125663709
, 0.0125663709
, 0.0125663709
, 0.0125663709
, 0.0125663709
, 0.0125663709
, 0.0125663709
, 0.0125663709
, 0.0125663709
, 0.0125663709
, 0.0125663709
, 0.0125663709
, 0.0125663709
, 0.0125663709
, 0.0125663709
, 0.0125663709
, 0.0125663709
, 0.0125663709
, 0.0125663709
, 0.0125663709
