torque=[-0.2099999934
, -0.2074950784
, -0.2049822658
, -0.2024451345
, -0.1999574155
, -0.1974459141
, -0.1949429065
, -0.1924380213
, -0.1899339110
, -0.1874349713
, -0.1849395931
, -0.1824501604
, -0.1799630821
, -0.1774807423
, -0.1750035584
, -0.1725318879
, -0.1700661331
, -0.1676066816
, -0.1651539356
, -0.1626633257
, -0.1602681130
, -0.1578355879
, -0.1554175913
, -0.1530040950
, -0.1505995989
, -0.1482044905
, -0.1458191276
, -0.1434439123
, -0.1410751939
, -0.1386997700
, -0.1363809258
, -0.1340518594
, -0.1317328960
, -0.1294263005
, -0.1271324307
, -0.1248002574
, -0.1225824952
, -0.1203269511
, -0.1180896088
, -0.1158647537
, -0.1136527881
, -0.1114617512
, -0.1092825234
, -0.1071192026
, -0.1049721316
, -0.1028416455
, -0.1007280797
, -0.0986317620
, -0.0965530425
, -0.0944922268
, -0.0924480334
, -0.0903243348
, -0.0883720368
, -0.0863798708
, -0.0844206437
, -0.0824760944
, -0.0805485696
, -0.0786542296
, -0.0767550692
, -0.0748898908
, -0.0730521083
, -0.0712251738
, -0.0694310218
, -0.0676557869
, -0.0659191906
, -0.0642062724
, -0.0625029802
, -0.0606896430
, -0.0591523685
, -0.0572824404
, -0.0558180809
, -0.0543114878
, -0.0527461991
, -0.0512057431
, -0.0496890098
, -0.0481989682
, -0.0467369445
, -0.0452981889
, -0.0438854434
, -0.0424978286
, -0.0411377847
, -0.0398054644
, -0.0384979062
, -0.0371568650
, -0.0359663479
, -0.0345621817
, -0.0335427038
, -0.0323756002
, -0.0312354378
, -0.0301207099
, -0.0290372670
, -0.0279804748
, -0.0269551110
, -0.0259560924
, -0.0249877125
, -0.0240477603
, -0.0231371708
, -0.0222553965
, -0.0214046557
, -0.0205093939
, -0.0197893195
, -0.0189152993
, -0.0182980094
, -0.0175961833
, -0.0169253126
, -0.0162849315
, -0.0156751405
, -0.0150960358
, -0.0145477084
, -0.0140297934
, -0.0135433041
, -0.0130882338
, -0.0126628112
, -0.0122674247
, -0.0119079920
, -0.0115512731
, -0.0112781925
, -0.0109735029
, -0.0107740080
, -0.0105682202
, -0.0103949076
, -0.0102529246
, -0.0101422574
, -0.0100632636
, -0.0100158704
, -0.0099999998
, -0.0100157121
, -0.0100630037
, -0.0101419538
, -0.0102524068
, -0.0103944018
, -0.0105802100
, -0.0107775461
, -0.0110157328
, -0.0112837004
, -0.0115836803
, -0.0119155860
, -0.0122763384
, -0.0126717314
, -0.0130967321
, -0.0135544306
, -0.0140425032
, -0.0145558110
, -0.0151046067
, -0.0156791788
, -0.0162818041
, -0.0169220325
, -0.0176781807
, -0.0182938501
, -0.0191401634
, -0.0197867528
, -0.0205790475
, -0.0213991366
, -0.0222510602
, -0.0231312588
, -0.0240416545
, -0.0249814130
, -0.0259511694
, -0.0269484278
, -0.0279762000
, -0.0290319119
, -0.0301208105
, -0.0312288944
, -0.0325134918
, -0.0335408151
, -0.0349147655
, -0.0359591693
, -0.0372132882
, -0.0384904072
, -0.0398000553
, -0.0411322564
, -0.0424909554
, -0.0438773185
, -0.0452899113
, -0.0467273667
, -0.0481917337
, -0.0496816486
, -0.0511968844
, -0.0527371950
, -0.0545103066
, -0.0558933429
, -0.0575088933
, -0.0591442846
, -0.0608062558
, -0.0624917820
, -0.0642006025
, -0.0659324527
, -0.0676870421
, -0.0694641098
, -0.0712648109
, -0.0730845407
, -0.0749287978
, -0.0767914504
, -0.0786766037
, -0.0805824921
, -0.0827461779
, -0.0844945982
, -0.0864762962
, -0.0884574577
, -0.0904663503
, -0.0924907327
, -0.0945164561
, -0.0965880305
, -0.0986530706
, -0.1007670313
, -0.1028845087
, -0.1050063595
, -0.1071519554
, -0.1093101129
, -0.1114582345
, -0.1136437505
, -0.1161924601
, -0.1180784404
, -0.1203197539
, -0.1225693971
, -0.1248366460
, -0.1271173507
, -0.1294111311
, -0.1317176372
, -0.1340365112
, -0.1363713443
, -0.1387098879
, -0.1410636455
, -0.1434282809
, -0.1458034366
, -0.1481887251
, -0.1505837739
, -0.1534571648
, -0.1554035693
, -0.1578278095
, -0.1602559239
, -0.1626921594
, -0.1651377827
, -0.1675904840
, -0.1700498909
, -0.1725156009
, -0.1749872267
, -0.1774643958
, -0.1799466908
, -0.1824546307
, -0.1849271208
, -0.1874204874
, -0.1899194121
, -0.1929045022
, -0.1949283630
, -0.1974378824
, -0.1999428570
, -0.2024536878
, -0.2049656957
, -0.2074805051
, -0.2099959701
, -0.2125049233
, -0.2150177360
, -0.2175297588
, -0.2200405896
, -0.2225498408
, -0.2250570953
, -0.2275619805
, -0.2300640941
, -0.2329840511
, -0.2351147383
, -0.2376208007
, -0.2400972843
, -0.2425899357
, -0.2450627536
, -0.2475135624
, -0.2499894947
, -0.2524406910
, -0.2549158931
, -0.2573632896
, -0.2597871423
, -0.2622192502
, -0.2646310329
, -0.2670139968
, -0.2694023252
, -0.2723307014
, -0.2741849422
, -0.2765601575
, -0.2789226770
, -0.2812786400
, -0.2836230695
, -0.2859500051
, -0.2882689536
, -0.2905755341
, -0.2928714752
, -0.2951501608
, -0.2974174917
, -0.2996710241
, -0.3019104004
, -0.3041352332
, -0.3063452244
, -0.3090369701
, -0.3107211888
, -0.3128844798
, -0.3150295615
, -0.3171600401
, -0.3192735910
, -0.3213718235
, -0.3234485984
, -0.3255112767
, -0.3275519609
, -0.3295759559
, -0.3315810561
, -0.3335654140
, -0.3355318308
, -0.3374784291
, -0.3394048810
, -0.3417714834
, -0.3432292044
, -0.3453415930
, -0.3469065130
, -0.3487261236
, -0.3505255282
, -0.3523013294
, -0.3540574312
, -0.3558025062
, -0.3574999273
, -0.3591855764
, -0.3608448505
, -0.3624872267
, -0.3641000986
, -0.3656872511
, -0.3672576845
, -0.3691920340
, -0.3704092503
, -0.3718380928
, -0.3733019531
, -0.3747435808
, -0.3761544526
, -0.3775299191
, -0.3788927794
, -0.3802188337
, -0.3817371130
, -0.3827964664
, -0.3840648532
, -0.3852908909
, -0.3864781260
, -0.3876302838
, -0.3887645602
, -0.3902344108
, -0.3910093606
, -0.3921737671
, -0.3930949867
, -0.3940431178
, -0.3950139284
, -0.3959522545
, -0.3968628347
, -0.3977439106
, -0.3985953629
, -0.3994176388
, -0.4002093673
, -0.4009710550
, -0.4017019868
, -0.4024032652
, -0.4030741751
, -0.4038937092
, -0.4043607116
, -0.4049882889
, -0.4054518640
, -0.4059714675
, -0.4064562619
, -0.4069117606
, -0.4073375463
, -0.4077291191
, -0.4080914259
, -0.4084224403
, -0.4087213278
, -0.4089893699
, -0.4092260003
, -0.4094316363
, -0.4096050858
, -0.4097829163
, -0.4098640382
, -0.4099458754
, -0.4099841416
, -0.4099999964
, -0.4099843204
, -0.4099370539
, -0.4098581970
, -0.4097474813
, -0.4096057415
, -0.4094322622
, -0.4092270732
, -0.4089910388
, -0.4087232053
, -0.4084239900
, -0.4080931544
, -0.4076204002
, -0.4072889388
, -0.4069025218
, -0.4064463675
, -0.4059574902
, -0.4054401815
, -0.4048925638
, -0.4043138623
, -0.4037071764
, -0.4030630887
, -0.4023962915
, -0.4016875029
, -0.4009566307
, -0.4001975656
, -0.3994135261
, -0.3985994458
, -0.3974183798
, -0.3967837095
, -0.3958229721
, -0.3950178325
, -0.3939992189
, -0.3930515647
, -0.3920220137
, -0.3909671009
, -0.3898828030
, -0.3887711167
, -0.3876242936
, -0.3864611983
, -0.3852643669
, -0.3840398490
, -0.3827878535
, -0.3815085590
, -0.3797844648
, -0.3787117600
, -0.3775009513
, -0.3761214018
, -0.3747087717
, -0.3732714951
, -0.3718070984
, -0.3703183532
, -0.3688018918
, -0.3672601581
, -0.3656964004
, -0.3641066551
, -0.3624925613
, -0.3608544171
, -0.3591783643
, -0.3575068712
, -0.3551948369
, -0.3538655639
, -0.3523085415
, -0.3505344689
, -0.3487351835
, -0.3469139934
, -0.3450694978
, -0.3432070613
, -0.3413218856
, -0.3394159973
, -0.3374878764
, -0.3355431557
, -0.3335768580
, -0.3315926492
, -0.3295841813
, -0.3275621533
, -0.3247525394
, -0.3231340349
, -0.3213260770
, -0.3192310631
, -0.3171118498
, -0.3149774075
, -0.3128409386
, -0.3106773198
, -0.3085104823
, -0.3062989712
, -0.3041128516
, -0.3018614650
, -0.2996238470
, -0.2973831296
, -0.2951194942
, -0.2928366661
, -0.2895688713
, -0.2879156172
, -0.2859146595
, -0.2835914493
, -0.2812567949
, -0.2788849473
, -0.2765698433
, -0.2741965652
, -0.2717972100
, -0.2694121301
, -0.2670098841
, -0.2645983696
, -0.2621355653
, -0.2597358227
, -0.2573036849
, -0.2548602819
, -0.2523601353
, -0.2499439567
, -0.2474720478
, -0.2450108081
, -0.2425231934
, -0.2400324494
, -0.2375580519
, -0.2350582033
, -0.2325460464
, -0.2300743312
, -0.2275765091
, -0.2250736207
, -0.2225663662
, -0.2200571299
, -0.2175463140
, -0.2150343060
