StateVariable_5=[0.0000000000
, 0.0025049148
, 0.0050177281
, 0.0075548636
, 0.0100425882
, 0.0125540914
, 0.0150570907
, 0.0175619777
, 0.0200660918
, 0.0225650351
, 0.0250604134
, 0.0275498442
, 0.0300369188
, 0.0325192511
, 0.0349964462
, 0.0374681167
, 0.0399338715
, 0.0423933156
, 0.0448460691
, 0.0473366752
, 0.0497318916
, 0.0521644168
, 0.0545824096
, 0.0569959022
, 0.0594003983
, 0.0617955104
, 0.0641808659
, 0.0665560886
, 0.0689248070
, 0.0713002235
, 0.0736190677
, 0.0759481490
, 0.0782671049
, 0.0805737004
, 0.0828675702
, 0.0851997435
, 0.0874175057
, 0.0896730497
, 0.0919103920
, 0.0941352472
, 0.0963472128
, 0.0985382497
, 0.1007174775
, 0.1028807983
, 0.1050278693
, 0.1071583554
, 0.1092719212
, 0.1113682315
, 0.1134469584
, 0.1155077741
, 0.1175519675
, 0.1196756586
, 0.1216279641
, 0.1236201301
, 0.1255793571
, 0.1275239140
, 0.1294514239
, 0.1313457638
, 0.1332449317
, 0.1351101100
, 0.1369478852
, 0.1387748271
, 0.1405689716
, 0.1423442215
, 0.1440808028
, 0.1457937211
, 0.1474970132
, 0.1493103504
, 0.1508476287
, 0.1527175605
, 0.1541819125
, 0.1556885093
, 0.1572538018
, 0.1587942541
, 0.1603109837
, 0.1618010253
, 0.1632630527
, 0.1647018045
, 0.1661145538
, 0.1675021648
, 0.1688622087
, 0.1701945364
, 0.1715020984
, 0.1728431433
, 0.1740336567
, 0.1754378229
, 0.1764573008
, 0.1776244044
, 0.1787645668
, 0.1798792928
, 0.1809627265
, 0.1820195317
, 0.1830448955
, 0.1840439141
, 0.1850122809
, 0.1859522462
, 0.1868628263
, 0.1877446026
, 0.1885953397
, 0.1894906014
, 0.1902106851
, 0.1910846978
, 0.1917019933
, 0.1924038231
, 0.1930746883
, 0.1937150657
, 0.1943248659
, 0.1949039698
, 0.1954522878
, 0.1959702075
, 0.1964567006
, 0.1969117671
, 0.1973371953
, 0.1977325678
, 0.1980920136
, 0.1984487325
, 0.1987218112
, 0.1990264952
, 0.1992259920
, 0.1994317770
, 0.1996050924
, 0.1997470707
, 0.1998577416
, 0.1999367326
, 0.1999841332
, 0.2000000030
, 0.1999842823
, 0.1999370009
, 0.1998580396
, 0.1997475922
, 0.1996055990
, 0.1994197965
, 0.1992224604
, 0.1989842653
, 0.1987162977
, 0.1984163225
, 0.1980844140
, 0.1977236569
, 0.1973282695
, 0.1969032735
, 0.1964455694
, 0.1959574968
, 0.1954441816
, 0.1948953867
, 0.1943208277
, 0.1937181950
, 0.1930779666
, 0.1923218220
, 0.1917061508
, 0.1908598393
, 0.1902132481
, 0.1894209534
, 0.1886008680
, 0.1877489388
, 0.1868687421
, 0.1859583408
, 0.1850185841
, 0.1840488315
, 0.1830515712
, 0.1820237935
, 0.1809680909
, 0.1798791885
, 0.1787711084
, 0.1774865091
, 0.1764591783
, 0.1750852317
, 0.1740408391
, 0.1727867126
, 0.1715095937
, 0.1701999456
, 0.1688677371
, 0.1675090492
, 0.1661226749
, 0.1647100896
, 0.1632726341
, 0.1618082672
, 0.1603183448
, 0.1588031203
, 0.1572628021
, 0.1554896981
, 0.1541066617
, 0.1524911076
, 0.1508557200
, 0.1491937488
, 0.1475082189
, 0.1457993984
, 0.1440675557
, 0.1423129588
, 0.1405358911
, 0.1387351900
, 0.1369154602
, 0.1350712031
, 0.1332085580
, 0.1313233972
, 0.1294175088
, 0.1272538155
, 0.1255054027
, 0.1235236973
, 0.1215425432
, 0.1195336506
, 0.1175092682
, 0.1154835448
, 0.1134119704
, 0.1113469303
, 0.1092329696
, 0.1071154922
, 0.1049936414
, 0.1028480455
, 0.1006898805
, 0.0985417664
, 0.0963562429
, 0.0938075408
, 0.0919215605
, 0.0896802396
, 0.0874306038
, 0.0851633549
, 0.0828826576
, 0.0805888698
, 0.0782823563
, 0.0759634823
, 0.0736286566
, 0.0712901130
, 0.0689363629
, 0.0665717199
, 0.0641965643
, 0.0618112758
, 0.0594162270
, 0.0565428436
, 0.0545964390
, 0.0521721877
, 0.0497440696
, 0.0473078489
, 0.0448622257
, 0.0424095169
, 0.0399501137
, 0.0374844000
, 0.0350127667
, 0.0325356051
, 0.0300533064
, 0.0275453720
, 0.0250728857
, 0.0225795079
, 0.0200805850
, 0.0170955006
, 0.0150716323
, 0.0125621222
, 0.0100571364
, 0.0075463140
, 0.0050343000
, 0.0025194967
, 0.0000040267
, -0.0025049252
, -0.0050177383
, -0.0075297588
, -0.0100405905
, -0.0125498371
, -0.0150571009
, -0.0175619870
, -0.0200641006
, -0.0229840521
, -0.0251147375
, -0.0276208054
, -0.0300972871
, -0.0325899422
, -0.0350627564
, -0.0375135541
, -0.0399894938
, -0.0424406976
, -0.0449158885
, -0.0473632924
, -0.0497871563
, -0.0522192419
, -0.0546310432
, -0.0570139997
, -0.0594023094
, -0.0623307005
, -0.0641849414
, -0.0665601492
, -0.0689226836
, -0.0712786466
, -0.0736230537
, -0.0759500042
, -0.0782689452
, -0.0805755332
, -0.0828714892
, -0.0851501673
, -0.0874174982
, -0.0896710232
, -0.0919103846
, -0.0941352397
, -0.0963452235
, -0.0990369618
, -0.1007211953
, -0.1028844863
, -0.1050295755
, -0.1071600467
, -0.1092736050
, -0.1113718078
, -0.1134486124
, -0.1155112833
, -0.1175519601
, -0.1195759550
, -0.1215810627
, -0.1235654056
, -0.1255318224
, -0.1274784207
, -0.1294048727
, -0.1317714900
, -0.1332292110
, -0.1353415847
, -0.1369065195
, -0.1387261301
, -0.1405255198
, -0.1423013210
, -0.1440574378
, -0.1458024979
, -0.1474999338
, -0.1491855681
, -0.1508448422
, -0.1524872184
, -0.1541001052
, -0.1556872576
, -0.1572576910
, -0.1591920406
, -0.1604092419
, -0.1618380994
, -0.1633019596
, -0.1647435874
, -0.1661544442
, -0.1675299108
, -0.1688927859
, -0.1702188253
, -0.1717371047
, -0.1727964580
, -0.1740648597
, -0.1752908826
, -0.1764781326
, -0.1776302904
, -0.1787645668
, -0.1802344173
, -0.1810093820
, -0.1821737587
, -0.1830949932
, -0.1840431243
, -0.1850139201
, -0.1859522462
, -0.1868628412
, -0.1877439171
, -0.1885953546
, -0.1894176453
, -0.1902093589
, -0.1909710467
, -0.1917019933
, -0.1924032718
, -0.1930741668
, -0.1938937157
, -0.1943607032
, -0.1949882954
, -0.1954518706
, -0.1959714592
, -0.1964562684
, -0.1969117671
, -0.1973375529
, -0.1977291107
, -0.1980914176
, -0.1984224468
, -0.1987213343
, -0.1989893764
, -0.1992259920
, -0.1994316280
, -0.1996050924
, -0.1997829229
, -0.1998640299
, -0.1999458671
, -0.1999841332
, -0.2000000030
, -0.1999843121
, -0.1999370456
, -0.1998582035
, -0.1997474879
, -0.1996057332
, -0.1994322538
, -0.1992270648
, -0.1989910305
, -0.1987231970
, -0.1984239817
, -0.1980931461
, -0.1976203918
, -0.1972889453
, -0.1969025284
, -0.1964463741
, -0.1959575117
, -0.1954401881
, -0.1948925704
, -0.1943138540
, -0.1937071830
, -0.1930630803
, -0.1923962831
, -0.1916875094
, -0.1909566373
, -0.1901975572
, -0.1894135326
, -0.1885994375
, -0.1874183714
, -0.1867837161
, -0.1858229786
, -0.1850178242
, -0.1839992106
, -0.1830515712
, -0.1820220202
, -0.1809671074
, -0.1798827946
, -0.1787711084
, -0.1776243001
, -0.1764612049
, -0.1752643585
, -0.1740398556
, -0.1727878451
, -0.1715085655
, -0.1697844714
, -0.1687117517
, -0.1675009578
, -0.1661213934
, -0.1647087783
, -0.1632714868
, -0.1618070900
, -0.1603183448
, -0.1588018984
, -0.1572601497
, -0.1556964070
, -0.1541066617
, -0.1524925679
, -0.1508544087
, -0.1491783708
, -0.1475068778
, -0.1451948434
, -0.1438655555
, -0.1423085332
, -0.1405344754
, -0.1387351900
, -0.1369139999
, -0.1350695044
, -0.1332070678
, -0.1313218921
, -0.1294159889
, -0.1274878681
, -0.1255431622
, -0.1235768646
, -0.1215926334
, -0.1195841953
, -0.1175621375
, -0.1147525460
, -0.1131340265
, -0.1113260612
, -0.1092310697
, -0.1071118638
, -0.1049774140
, -0.1028409451
, -0.1006773263
, -0.0985104963
, -0.0962989777
, -0.0941128358
, -0.0918614715
, -0.0896238536
, -0.0873831436
, -0.0851194933
, -0.0828366503
, -0.0795688555
, -0.0779156089
, -0.0759146661
, -0.0735914633
, -0.0712567940
, -0.0688849539
, -0.0665698424
, -0.0641965643
, -0.0617971979
, -0.0594121255
, -0.0570098795
, -0.0545983575
, -0.0521355718
, -0.0497358218
, -0.0473036729
, -0.0448602811
, -0.0423601195
, -0.0399439484
, -0.0374720432
, -0.0350108035
, -0.0325231962
, -0.0300324541
, -0.0275580585
, -0.0250582006
, -0.0225460511
, -0.0200743265
, -0.0175765045
, -0.0150736207
, -0.0125663709
, -0.0100571364
, -0.0075463140
, -0.0050343000
, -0.0025214909
, 0.0000128087
, 0.0025092200
, 0.0050177383
, 0.0075297588
, 0.0100405905
, 0.0125498371
, 0.0150571009
, 0.0175619870
, 0.0200641006
, 0.0225630458
, 0.0250584278
, 0.0275518280
, 0.0300389007
, 0.0325192586
, 0.0349964574
