StateVariable_6=[0.0000000000
, 0.0015628546
, 0.0083726561
, 0.0183627587
, 0.0323284492
, 0.0472309329
, 0.0638349131
, 0.0794104710
, 0.0951752439
, 0.1073014811
, 0.1152961999
, 0.1229236796
, 0.1276074797
, 0.1293637455
, 0.1320620477
, 0.1330293864
, 0.1305425018
, 0.1245964691
, 0.1174822524
, 0.1138149947
, 0.1108888984
, 0.1066020951
, 0.1004629284
, 0.0927314237
, 0.0839452073
, 0.0746745691
, 0.0654100329
, 0.0565231852
, 0.0482654013
, 0.0407839306
, 0.0341439061
, 0.0283503179
, 0.0233672466
, 0.0191333722
, 0.0155737661
, 0.0126083847
, 0.0101578645
, 0.0081472127
, 0.0065079327
, 0.0051790336
, 0.0041072764
, 0.0032469253
, 0.0025592062
, 0.0020116102
, 0.0015771380
, 0.0012335496
, 0.0009626565
, 0.0007496775
, 0.0005826680
, 0.0004520243
, 0.0003500599
, 0.0002706482
, 0.0002089243
, 0.0001610385
, 0.0001239540
, 0.0000952822
, 0.0000731495
, 0.0000560902
, 0.0000429597
, 0.0000328669
, 0.0000251189
, 0.0000191781
, 0.0000146282
, 0.0000111475
, 0.0000084875
, 0.0000064568
, 0.0000049079
, 0.0000037276
, 0.0016860943
, 0.0090198750
, 0.0181180499
, 0.0259214547
, 0.0313167237
, 0.0341950096
, 0.0349076763
, 0.0339650065
, 0.0318803750
, 0.0290989205
, 0.0259732269
, 0.0227635019
, 0.0196490604
, 0.0167437606
, 0.0141114909
, 0.0117798932
, 0.0097516486
, 0.0080132894
, 0.0065417825
, 0.0053092591
, 0.0042862673
, 0.0034439007
, 0.0027550957
, 0.0021953385
, 0.0017429644
, 0.0029356400
, 0.0094263228
, 0.0176073611
, 0.0246388223
, 0.0294819232
, 0.0320283920
, 0.0325969048
, 0.0316542685
, 0.0296711288
, 0.0288960058
, 0.0339901298
, 0.0409427546
, 0.0465737730
, 0.0497700609
, 0.0504707098
, 0.0490846187
, 0.0477278009
, 0.0506171882
, 0.0546239689
, 0.0572791621
, 0.0578104146
, 0.0562862381
, 0.0545691401
, 0.0565685146
, 0.0594477914
, 0.0609900802
, 0.0605404489
, 0.0597689711
, 0.0627785921
, 0.0664670020
, 0.0684577972
, 0.0680896044
, 0.0670915395
, 0.0696436763
, 0.0727303699
, 0.0740481392
, 0.0745476633
, 0.0781100243
, 0.0816704556
, 0.0829930007
, 0.0831319317
, 0.0860670060
, 0.0888484493
, 0.0908866003
, 0.0954130366
, 0.0992005169
, 0.1000788137
, 0.0992577970
, 0.1008915752
, 0.1021817252
, 0.1026626751
, 0.1056624055
, 0.1080089435
, 0.1091225296
, 0.1123500466
, 0.1145948321
, 0.1151601151
, 0.1169887856
, 0.1175332069
, 0.1167371124
, 0.1182137355
, 0.1189694107
, 0.1185354963
, 0.1203247383
, 0.1228312552
, 0.1276899576
, 0.1310656667
, 0.1322492212
, 0.1347072572
, 0.1355549991
, 0.1343530416
, 0.1343216449
, 0.1343440861
, 0.1360545158
, 0.1362992227
, 0.1348185986
, 0.1352288872
, 0.1361857355
, 0.1394516379
, 0.1412737072
, 0.1409967244
, 0.1421202868
, 0.1433337927
, 0.1464884728
, 0.1494948864
, 0.1539082527
, 0.1560369730
, 0.1556295156
, 0.1569317430
, 0.1582712829
, 0.1612246186
, 0.1620933264
, 0.1603758484
, 0.1597470343
, 0.1590546817
, 0.1602765024
, 0.1598573774
, 0.1573003381
, 0.1562209725
, 0.1553813368
, 0.1566762924
, 0.1564744115
, 0.1540469825
, 0.1525615305
, 0.1511315405
, 0.1519120932
, 0.1514026672
, 0.1490726620
, 0.1484607011
, 0.1466908753
, 0.1434802115
, 0.1424359083
, 0.1406103820
, 0.1376159489
, 0.1369575858
, 0.1356199831
, 0.1315994859
, 0.1262382269
, 0.1237923428
, 0.1214706376
, 0.1172323525
, 0.1122684702
, 0.1106499210
, 0.1094301865
, 0.1064397320
, 0.1012084708
, 0.0956142172
, 0.0939373076
, 0.0932183787
, 0.0911747068
, 0.0871937945
, 0.0814614594
, 0.0744756907
, 0.0667916089
, 0.0602049343
, 0.0581726432
, 0.0579525419
, 0.0573423654
, 0.0555657037
, 0.0525634661
, 0.0485906564
, 0.0439980812
, 0.0391232744
, 0.0342437625
, 0.0295641404
, 0.0252200775
, 0.0212895423
, 0.0178059749
, 0.0147707220
, 0.0121636000
, 0.0099512581
, 0.0080934418
, 0.0065474613
, 0.0052712010
, 0.0042250180
, 0.0033728138
, 0.0026825271
, 0.0021262311
, 0.0016799794
, 0.0013235032
, 0.0010398329
, 0.0008148928
, 0.0006371016
, 0.0004969976
, 0.0003868984
, 0.0003006017
, 0.0002331242
, 0.0001804805
, 0.0001394961
, 0.0001076517
, 0.0000829550
, 0.0000638351
, 0.0000490571
, 0.0000376528
, 0.0000288651
, 0.0000221030
, 0.0000169067
, 0.0000129185
, 0.0000098612
, 0.0000075203
, 0.0000057299
, 0.0000043619
, 0.0000033177
, 0.0000025214
, 0.0000019148
, 0.0000014530
, 0.0000011018
, 0.0000008349
, 0.0000006322
, 0.0000004784
, 0.0000003618
, 0.0000002735
, 0.0000002066
, 0.0000001560
, 0.0000001177
, 0.0000000888
, 0.0000000669
, 0.0000000504
, 0.0000000380
, 0.0000000286
, 0.0000000215
, 0.0000000162
, 0.0000000121
, 0.0000000091
, 0.0000000069
, 0.0000000051
, 0.0000000039
, 0.0000000029
, 0.0000000022
, 0.0000000016
, 0.0000000012
, 0.0000000009
, 0.0000000007
, 0.0000000005
, 0.0000000004
, 0.0000000003
, 0.0000000002
, -0.0018327689
, -0.0098186638
, -0.0197254848
, -0.0282224007
, -0.0340971909
, -0.0372313671
, -0.0380075201
, -0.0369812660
, -0.0347115919
, -0.0316831768
, -0.0282799285
, -0.0247851685
, -0.0213941429
, -0.0182308275
, -0.0153647857
, -0.0128261158
, -0.0106177386
, -0.0087249903
, -0.0071227937
, -0.0057808049
, -0.0046669566
, -0.0037497752
, -0.0029997937
, -0.0023903213
, -0.0018977692
, -0.0015016854
, -0.0011846080
, -0.0009318151
, -0.0022979521
, -0.0089665568
, -0.0173109807
, -0.0244767498
, -0.0294219814
, -0.0320409499
, -0.0326572061
, -0.0317429453
, -0.0297738202
, -0.0271624271
, -0.0242355838
, -0.0212344099
, -0.0198826585
, -0.0239575766
, -0.0299210977
, -0.0349676199
, -0.0380690321
, -0.0391118452
, -0.0383995920
, -0.0363784097
, -0.0353306010
, -0.0399661213
, -0.0463492349
, -0.0513634495
, -0.0539409667
, -0.0540510230
, -0.0521207936
, -0.0502757467
, -0.0527360104
, -0.0563719161
, -0.0587110110
, -0.0589759909
, -0.0572297424
, -0.0550948828
, -0.0559233576
, -0.0574141815
, -0.0577714220
, -0.0564910248
, -0.0536945723
, -0.0513130873
, -0.0534455478
, -0.0568805598
, -0.0590941831
, -0.0592780076
, -0.0590327419
, -0.0624346733
, -0.0663973391
, -0.0685686991
, -0.0698665604
, -0.0741507635
, -0.0783509314
, -0.0802318454
, -0.0808581784
, -0.0842309967
, -0.0873925760
, -0.0881939232
, -0.0877644569
, -0.0901526883
, -0.0924191549
, -0.0924218521
, -0.0912732184
, -0.0929758102
, -0.0946257114
, -0.0941057950
, -0.0925615206
, -0.0940580592
, -0.0956100821
, -0.0965144709
, -0.0998050869
, -0.1024062485
, -0.1022668779
, -0.1006344408
, -0.1016597375
, -0.1025151312
, -0.1027016714
, -0.1055180877
, -0.1077611148
, -0.1072679535
, -0.1052526012
, -0.1058739275
, -0.1063092500
, -0.1056952253
, -0.1064600199
, -0.1062783450
, -0.1052433252
, -0.1069551036
, -0.1083124354
, -0.1071665064
, -0.1047091261
, -0.1050641760
, -0.1053659767
, -0.1050875336
, -0.1075099036
, -0.1094179749
, -0.1086403280
, -0.1063711792
, -0.1067330986
, -0.1069283038
, -0.1049283743
, -0.1021314114
, -0.1030847058
, -0.1044054106
, -0.1035872474
, -0.1016084626
, -0.1024676040
, -0.1032424867
, -0.1018229127
, -0.0993632004
, -0.0999183729
, -0.1005625576
, -0.0991556868
, -0.0952582806
, -0.0907800198
, -0.0900338441
, -0.0900843665
, -0.0886710957
, -0.0852027014
, -0.0798843056
, -0.0747860223
, -0.0741434544
, -0.0748698711
, -0.0745327324
, -0.0723810047
, -0.0684887469
, -0.0632723868
, -0.0572332330
, -0.0508321226
, -0.0444387943
, -0.0383212045
, -0.0326543227
, -0.0275367610
, -0.0248150211
, -0.0287454799
, -0.0351291262
, -0.0406385735
, -0.0440256707
, -0.0451172888
, -0.0442351326
, -0.0418748669
, -0.0385402516
, -0.0346671902
, -0.0305977333
, -0.0265800338
, -0.0227802563
, -0.0192986280
, -0.0161855239
, -0.0134556610
, -0.0110997213
, -0.0090933591
, -0.0074038799
, -0.0059949714
, -0.0048299106
, -0.0038736039
, -0.0030937784
, -0.0024615745
, -0.0019517319
, -0.0015425128
, -0.0012154686
, -0.0009551214
, -0.0007486125
, -0.0005853485
, -0.0004566663
, -0.0003555263
, -0.0002762415
, -0.0002142404
, -0.0001658653
, -0.0001282018
, -0.0000989363
, -0.0000762390
, -0.0000586666
, -0.0000450845
, -0.0000346032
, -0.0000265266
, -0.0000203119
, -0.0000155362
, -0.0000118709
, -0.0000090613
, -0.0000069101
, -0.0000052647
, -0.0000040076
