StateVariable_7=[0.0000000000
, 0.0183660053
, 0.0718875155
, 0.1144143566
, 0.1564443707
, 0.1724919975
, 0.1893592626
, 0.1876889318
, 0.1945365071
, 0.1700423807
, 0.1404295713
, 0.1448990554
, 0.1323855370
, 0.1176069826
, 0.1337554306
, 0.1283486038
, 0.0986765921
, 0.0626465827
, 0.0513323322
, 0.0855266005
, 0.0998163372
, 0.0849976912
, 0.0577882454
, 0.0323207453
, 0.0145533085
, 0.0046278872
, 0.0002714632
, -0.0009907363
, -0.0009329346
, -0.0005318869
, -0.0001915559
, -0.0000044638
, 0.0000614532
, 0.0000627668
, 0.0000419167
, 0.0000209173
, 0.0000070914
, 0.0000003338
, -0.0000018463
, -0.0000018378
, -0.0000011601
, -0.0000005228
, -0.0000001309
, 0.0000000412
, 0.0000000815
, 0.0000000654
, 0.0000000370
, 0.0000000149
, 0.0000000026
, -0.0000000021
, -0.0000000029
, -0.0000000021
, -0.0000000011
, -0.0000000004
, -0.0000000000
, 0.0000000001
, 0.0000000001
, 0.0000000001
, 0.0000000000
, 0.0000000000
, -0.0000000000
, -0.0000000000
, -0.0000000000
, -0.0000000000
, -0.0000000000
, -0.0000000000
, 0.0000000000
, 0.0000000000
, 0.0197810214
, 0.0774261132
, 0.1037089080
, 0.0920911282
, 0.0637404546
, 0.0359688736
, 0.0162589848
, 0.0051542479
, 0.0002589681
, -0.0011581419
, -0.0010840987
, -0.0006213095
, -0.0002282987
, -0.0000108780
, 0.0000671598
, 0.0000703726
, 0.0000474544
, 0.0000238471
, 0.0000081634
, 0.0000004431
, -0.0000020760
, -0.0000020903
, -0.0000013283
, -0.0000006038
, -0.0000001552
, 0.0182907879
, 0.0715930238
, 0.0958956927
, 0.0851531476
, 0.0589383505
, 0.0332590267
, 0.0150340488
, 0.0047659283
, 0.0002394544
, 0.0205540024
, 0.0836409032
, 0.1128015518
, 0.1004642323
, 0.0696719140
, 0.0393837802
, 0.0178396180
, 0.0239675026
, 0.0718909875
, 0.0946275592
, 0.0839599222
, 0.0582513474
, 0.0330042168
, 0.0319219306
, 0.0709973946
, 0.0889334232
, 0.0776711777
, 0.0534887835
, 0.0485040098
, 0.0854476914
, 0.1005183458
, 0.0856391788
, 0.0581542104
, 0.0507613532
, 0.0862115026
, 0.1005623564
, 0.0854525641
, 0.0762730241
, 0.1039893627
, 0.1104819924
, 0.0897992924
, 0.0774508566
, 0.1036274731
, 0.1096778139
, 0.1073764414
, 0.1303165108
, 0.1278805435
, 0.0991183594
, 0.0813663304
, 0.1047056168
, 0.1096109673
, 0.1070694774
, 0.1301678866
, 0.1279069632
, 0.1175304651
, 0.1348837018
, 0.1293507665
, 0.1151003242
, 0.1249529645
, 0.1162245199
, 0.1060243845
, 0.1266841739
, 0.1247234792
, 0.1154960841
, 0.1338988394
, 0.1473202854
, 0.1708174795
, 0.1588238031
, 0.1365686655
, 0.1444492787
, 0.1330310106
, 0.1162756905
, 0.1262641996
, 0.1338915080
, 0.1518072486
, 0.1398402900
, 0.1220073178
, 0.1354260445
, 0.1468013376
, 0.1699473262
, 0.1582182199
, 0.1362939477
, 0.1443917006
, 0.1513747722
, 0.1717011631
, 0.1768530607
, 0.1894463301
, 0.1684478670
, 0.1431977153
, 0.1561712772
, 0.1656174958
, 0.1841715425
, 0.1672331691
, 0.1410802901
, 0.1464409381
, 0.1519771814
, 0.1717042923
, 0.1583958864
, 0.1359867156
, 0.1441149265
, 0.1512622833
, 0.1717434675
, 0.1586594135
, 0.1342146099
, 0.1363856643
, 0.1406249106
, 0.1617942154
, 0.1513702720
, 0.1318330169
, 0.1420513242
, 0.1321248263
, 0.1182598099
, 0.1347699463
, 0.1293096840
, 0.1177533790
, 0.1350056529
, 0.1295961887
, 0.0995231420
, 0.0814685076
, 0.1051436663
, 0.1102773473
, 0.0893981531
, 0.0773154944
, 0.1039792374
, 0.1102697179
, 0.0896601155
, 0.0591849424
, 0.0506045185
, 0.0857966766
, 0.1002439037
, 0.0852926001
, 0.0579216555
, 0.0323487222
, 0.0145348078
, 0.0045998259
, 0.0155732194
, 0.0589756444
, 0.0794008300
, 0.0708061010
, 0.0491859876
, 0.0278599169
, 0.0126572093
, 0.0040558646
, 0.0002426403
, -0.0008762411
, -0.0008327449
, -0.0004809998
, -0.0001787202
, -0.0000102742
, 0.0000508629
, 0.0000539921
, 0.0000366312
, 0.0000185156
, 0.0000064059
, 0.0000004089
, -0.0000015711
, -0.0000016044
, -0.0000010264
, -0.0000004699
, -0.0000001231
, 0.0000000317
, 0.0000000698
, 0.0000000571
, 0.0000000328
, 0.0000000134
, 0.0000000026
, -0.0000000018
, -0.0000000025
, -0.0000000018
, -0.0000000010
, -0.0000000003
, -0.0000000000
, 0.0000000001
, 0.0000000001
, 0.0000000001
, 0.0000000000
, 0.0000000000
, -0.0000000000
, -0.0000000000
, -0.0000000000
, -0.0000000000
, -0.0000000000
, -0.0000000000
, 0.0000000000
, 0.0000000000
, 0.0000000000
, 0.0000000000
, 0.0000000000
, 0.0000000000
, -0.0000000000
, -0.0000000000
, -0.0000000000
, -0.0000000000
, -0.0000000000
, 0.0000000000
, 0.0000000000
, 0.0000000000
, 0.0000000000
, 0.0000000000
, 0.0000000000
, -0.0000000000
, -0.0000000000
, -0.0000000000
, -0.0000000000
, -0.0000000000
, -0.0000000000
, 0.0000000000
, 0.0000000000
, 0.0000000000
, 0.0000000000
, 0.0000000000
, 0.0000000000
, -0.0000000000
, -0.0000000000
, -0.0000000000
, -0.0000000000
, -0.0000000000
, 0.0000000000
, -0.0215379260
, -0.0843029246
, -0.1129200980
, -0.1002704576
, -0.0694017410
, -0.0391635485
, -0.0177030694
, -0.0056120353
, -0.0002819683
, 0.0012610058
, 0.0011803861
, 0.0006764928
, 0.0002485757
, 0.0000118441
, -0.0000731249
, -0.0000766230
, -0.0000516692
, -0.0000259651
, -0.0000088884
, -0.0000004824
, 0.0000022604
, 0.0000022759
, 0.0000014463
, 0.0000006575
, 0.0000001690
, -0.0000000475
, -0.0000000996
, -0.0000000807
, -0.0184138995
, -0.0720748156
, -0.0965410545
, -0.0857262313
, -0.0593350157
, -0.0334828719
, -0.0151352361
, -0.0047980077
, -0.0002410680
, 0.0010780969
, 0.0010091708
, 0.0005783673
, -0.0180928782
, -0.0716401562
, -0.0960349515
, -0.0852868259
, -0.0590297207
, -0.0333078653
, -0.0150536932
, -0.0047701611
, -0.0217988677
, -0.0833201408
, -0.1120374054
, -0.0998030603
, -0.0692651644
, -0.0391957499
, -0.0177843925
, -0.0239719320
, -0.0719109699
, -0.0946443677
, -0.0839692652
, -0.0582547784
, -0.0330044515
, -0.0291695073
, -0.0602265373
, -0.0745069683
, -0.0648610666
, -0.0446224399
, -0.0251659974
, -0.0297262408
, -0.0753252506
, -0.0962175280
, -0.0844564289
, -0.0582532212
, -0.0511517264
, -0.0864751190
, -0.1006471366
, -0.0854292288
, -0.0761991888
, -0.1038782150
, -0.1103702262
, -0.0897135660
, -0.0774738938
, -0.1038995385
, -0.1100679860
, -0.0894558579
, -0.0773723200
, -0.1039851010
, -0.1102429256
, -0.0896256566
, -0.0772810429
, -0.1032218784
, -0.1091590226
, -0.0886450261
, -0.0769468695
, -0.1042068973
, -0.1108227745
, -0.1076366305
, -0.1277598441
, -0.1238404810
, -0.0953308269
, -0.0786816925
, -0.1032102779
, -0.1089745834
, -0.1069235876
, -0.1302663237
, -0.1280716360
, -0.0993633941
, -0.0816249475
, -0.1050701663
, -0.1099959835
, -0.1029894426
, -0.1131866500
, -0.1049991623
, -0.0972303674
, -0.1211090088
, -0.1218473464
, -0.0960446000
, -0.0803052709
, -0.1048382446
, -0.1101881415
, -0.1076523885
, -0.1306201220
, -0.1281992644
, -0.0993831009
, -0.0814556330
, -0.1044535413
, -0.1091841906
, -0.0883594006
, -0.0788723975
, -0.1125716418
, -0.1221601143
, -0.1003314033
, -0.0849006996
, -0.1080915481
, -0.1119403690
, -0.0900238752
, -0.0773248896
, -0.1036413983
, -0.1098529249
, -0.0893242061
, -0.0589739084
, -0.0505150743
, -0.0858222023
, -0.1003244817
, -0.0853751078
, -0.0579816811
, -0.0323832706
, -0.0328251757
, -0.0761348531
, -0.0960613415
, -0.0840741247
, -0.0579474680
, -0.0326962322
, -0.0148295956
, -0.0047580977
, -0.0003013794
, 0.0010067910
, 0.0009594684
, 0.0005530508
, 0.0002038454
, -0.0212142020
, -0.0831341445
, -0.1113371253
, -0.0988513976
, -0.0684115142
, -0.0386000350
, -0.0174454451
, -0.0055283862
, -0.0002759920
, 0.0012438126
, 0.0011637209
, 0.0006667713
, 0.0002449135
, 0.0000115896
, -0.0000721253
, -0.0000755440
, -0.0000509315
, -0.0000255895
, -0.0000087568
, -0.0000004725
, 0.0000022296
, 0.0000022438
, 0.0000014256
, 0.0000006479
, 0.0000001664
, -0.0000000469
, -0.0000000982
, -0.0000000796
, -0.0000000454
, -0.0000000185
, -0.0000000034
, 0.0000000025
, 0.0000000035
, 0.0000000025
, 0.0000000013
, 0.0000000005
, 0.0000000000
, -0.0000000001
, -0.0000000001
, -0.0000000001
, -0.0000000000
, -0.0000000000
, 0.0000000000
, 0.0000000000
, 0.0000000000
, 0.0000000000
, 0.0000000000
