time=[0.0000000000
, 0.9966999888
, 1.9967000484
, 2.9992001057
, 3.9983999729
, 5.3112998009
, 6.0687999725
, 7.1560997963
, 7.9974999428
, 8.9967002869
, 9.9967002869
, 10.9983997345
, 11.9967002869
, 12.9967002869
, 13.9975004196
, 14.9975004196
, 15.9975004196
, 16.9974994659
, 17.9992008209
, 19.0016994476
, 19.9974994659
, 21.3087997437
, 22.0781002045
, 23.1543998718
, 23.9974994659
, 24.9983997345
, 25.9974994659
, 26.9974994659
, 27.9967002869
, 28.9974994659
, 29.9967002869
, 30.9974994659
, 31.9974994659
, 32.9975013733
, 33.9984016418
, 34.9975013733
, 35.9975013733
, 37.3188018799
, 38.0839004517
, 39.1552009583
, 40.0000000000
, 40.9967002869
, 41.9967002869
, 42.9975013733
, 43.9975013733
, 44.9991989136
, 45.9991989136
, 46.9975013733
, 47.9975013733
, 48.9975013733
, 49.9984016418
, 50.9991989136
, 51.9975013733
, 53.2818984985
, 54.2148017883
, 55.0227012634
, 56.0201988220
, 57.0260009766
, 58.0234985352
, 59.0227012634
, 60.0227012634
, 61.0167999268
, 62.0227012634
, 63.0143013000
, 64.0243988037
, 65.0234985352
, 66.0167999268
, 67.0185012817
, 68.0118026733
, 69.4119033813
, 70.1493988037
, 71.0177001953
, 72.0159988403
, 73.0109024048
, 74.0159988403
, 74.9983978271
, 75.9983978271
, 77.0042037964
, 78.0026016235
, 78.9983978271
, 79.9991989136
, 81.0134963989
, 82.0017013550
, 82.9974975586
, 83.9983978271
, 85.4421005249
, 86.1276016235
, 87.0026016235
, 87.9974975586
, 89.0017013550
, 90.0042037964
, 90.9974975586
, 92.0017013550
, 93.0075988770
, 93.9983978271
, 94.9966964722
, 95.9966964722
, 96.9974975586
, 97.9966964722
, 98.9966964722
, 99.9966964722
, 100.9966964722
, 101.9983978271
, 102.9991989136
, 103.9966964722
, 104.9966964722
, 105.9974975586
, 106.9974975586
, 107.9966964722
, 108.9966964722
, 109.9966964722
, 110.9966964722
, 111.9966964722
, 112.9966964722
, 113.9966964722
, 114.9974975586
, 115.9974975586
, 116.9974975586
, 118.2358016968
, 119.0234985352
, 120.0210037231
, 121.0243988037
, 122.0193023682
, 123.0226974487
, 124.0210037231
, 125.0167999268
, 126.0210037231
, 127.0150985718
, 128.0234985352
, 129.0209960938
, 130.0151062012
, 131.0059051514
, 131.9967041016
, 132.9967041016
, 134.0050964355
, 134.9983978271
, 135.9967041016
, 136.9974975586
, 137.9967041016
, 138.9967041016
, 139.9967041016
, 140.9967041016
, 141.9974975586
, 142.9967041016
, 143.9967041016
, 144.9967041016
, 145.9974975586
, 146.9974975586
, 147.9967041016
, 148.9967041016
, 150.0066986084
, 150.9992065430
, 151.9967041016
, 152.9967041016
, 153.9967041016
, 154.9967041016
, 155.9974975586
, 156.9974975586
, 157.9967041016
, 158.9967041016
, 160.0000000000
, 160.9967041016
, 161.9967041016
, 162.9967041016
, 163.9967041016
, 164.9967041016
, 166.0059051514
, 167.0009002686
, 167.9967041016
, 168.9967041016
, 169.9967041016
, 170.9974975586
, 171.9974975586
, 172.9967041016
, 173.9967041016
, 174.9967041016
, 175.9974975586
, 176.9974975586
, 177.9967041016
, 178.9967041016
, 179.9974975586
, 181.0025939941
, 182.0218048096
, 183.0227050781
, 184.0218048096
, 185.0269012451
, 186.0193023682
, 187.0218048096
, 188.0243988037
, 189.0193023682
, 190.0193023682
, 191.0142974854
, 192.0234985352
, 193.0227050781
, 194.0151062012
, 195.0059051514
, 195.9992065430
, 197.4665069580
, 197.9992065430
, 199.1477050781
, 199.9983978271
, 200.9992065430
, 201.9974975586
, 202.9974975586
, 203.9983978271
, 204.9974975586
, 205.9992065430
, 206.9983978271
, 207.9974975586
, 208.9967041016
, 209.9974975586
, 210.9974975586
, 211.9983978271
, 212.9983978271
, 214.0066986084
, 215.1434936523
, 216.0000000000
, 217.0016937256
, 217.9992065430
, 218.9983978271
, 220.0009002686
, 220.9983978271
, 221.9974975586
, 222.9974975586
, 223.9974975586
, 224.9974975586
, 225.9992065430
, 226.9983978271
, 227.9983978271
, 228.9974975586
, 230.0084075928
, 231.0126037598
, 232.0160064697
, 233.0009002686
, 233.9983978271
, 234.9974975586
, 236.0009002686
, 236.9974975586
, 237.9974975586
, 238.9967041016
, 239.9974975586
, 240.9967041016
, 241.9967041016
, 242.9992065430
, 243.9967041016
, 244.9967041016
, 246.0227050781
, 247.0269012451
, 248.0227050781
, 249.0193023682
, 250.0184936523
, 251.0218048096
, 252.0234985352
, 253.0193023682
, 254.0209960938
, 255.0142974854
, 256.0227050781
, 257.0252075195
, 258.0143127441
, 259.0042114258
, 259.9967041016
, 260.9967041016
, 262.0083923340
, 263.1467895508
, 263.9967041016
, 264.9967041016
, 266.0008850098
, 266.9974975586
, 267.9974975586
, 268.9967041016
, 269.9984130859
, 270.9974975586
, 271.9967041016
, 272.9967041016
, 273.9967041016
, 274.9967041016
, 275.9974975586
, 276.9974975586
, 278.0067138672
, 279.1434936523
, 279.9974975586
, 280.9967041016
, 281.9967041016
, 282.9967041016
, 283.9967041016
, 284.9967041016
, 285.9984130859
, 286.9974975586
, 288.0008850098
, 288.9967041016
, 289.9967041016
, 290.9967041016
, 292.0017089844
, 292.9967041016
, 294.0083923340
, 295.1484985352
, 295.9992065430
, 296.9992065430
, 298.0000000000
, 298.9967041016
, 299.9967041016
, 300.9967041016
, 301.9967041016
, 302.9967041016
, 303.9967041016
, 304.9967041016
, 306.0067138672
, 307.0067138672
, 308.0083923340
, 309.0101013184
, 310.0202026367
, 311.0252075195
, 312.0227050781
, 313.0184936523
, 314.0159912109
, 315.0217895508
, 316.0252075195
, 317.0177001953
, 318.0227050781
, 319.0143127441
, 320.0217895508
, 321.0252075195
, 322.0151062012
, 323.0126037598
, 324.0093078613
, 325.0083923340
, 326.0075988770
, 327.0101013184
, 328.0093078613
, 329.0058898926
, 331.0747070313
, 331.1141052246
, 332.0093078613
, 333.0101013184
, 334.0101013184
, 335.0093078613
, 336.0033874512
, 337.0050964355
, 338.0277099609
, 339.0033874512
, 339.9984130859
, 341.0000000000
, 342.0101013184
, 343.0260009766
, 343.9992065430
, 344.9967041016
, 345.9967041016
, 346.9974975586
, 347.9967041016
, 348.9974975586
, 349.9974975586
, 350.9967041016
, 351.9974975586
, 352.9967041016
, 353.9967041016
, 354.9974975586
, 355.9974975586
, 356.9974975586
, 358.0075988770
, 358.9992065430
, 359.9984130859
, 360.9974975586
, 361.9974975586
, 362.9974975586
, 363.9984130859
, 364.9974975586
, 365.9974975586
, 366.9974975586
, 367.9974975586
, 368.9984130859
, 369.9967041016
, 370.9967041016
, 371.9967041016
, 373.0067138672
, 374.0101013184
, 375.0008850098
, 376.0075988770
, 376.9992065430
, 377.9974975586
, 378.9967041016
, 379.9974975586
, 380.9974975586
, 382.0017089844
, 383.0050964355
, 384.0033874512
, 384.9984130859
, 385.9984130859
, 386.9974975586
, 387.9974975586
, 389.0033874512
, 390.0108947754
, 391.0008850098
, 391.9992065430
, 392.9967041016
, 393.9967041016
, 395.0101013184
, 396.0075988770
, 397.0067138672
, 398.0260009766
, 399.0260009766
, 400.0217895508
, 401.0260009766
, 402.0234985352
, 403.0184936523
, 404.0202026367
, 405.0126037598
, 406.0177001953
, 407.0177001953
, 408.0209960938
, 409.0151062012
, 410.0143127441
, 411.0101013184
, 412.0217895508
, 413.0101013184
, 414.1452026367
, 415.0101013184
, 416.0093078613
, 428.6116027832
, 428.6527099609
, 429.0033874512
, 430.0101013184
, 431.0093078613
, 432.0134887695
, 433.0108947754
, 434.0083923340
, 435.0083923340
, 436.0118103027
, 437.0101013184
, 438.0101013184
, 439.0083923340
, 440.0101013184
, 441.0042114258
, 442.0025939941
, 443.0067138672
, 444.3406066895
, 445.0192871094
, 446.0017089844
, 447.0017089844
, 447.9974975586
, 448.9967041016
, 449.9974975586
, 450.9967041016
, 451.9967041016
, 452.9967041016
, 454.0227050781
, 455.0277099609
, 456.0244140625
, 457.0177001953
, 458.0151062012
, 459.0234985352
, 460.0209960938
, 461.0957031250
, 462.0252075195
, 463.0192871094
, 464.0209960938
, 465.0143127441
, 466.0151062012
, 467.0118103027
, 468.0033874512
, 468.9967041016
, 470.0093078613
, 471.1459960938
, 471.9967041016
, 472.9967041016
, 473.9967041016
, 474.9967041016
, 476.0000000000
, 476.9974975586
, 477.9992065430
, 479.0000000000
, 479.9967041016
, 480.9967041016
, 481.9967041016
, 482.9967041016
, 483.9967041016
, 484.9967041016
