position=[0.0057119867
, 0.0057119867
, 0.0057119867
, 0.0060927859
, 0.0060927859
, 0.0064735850
, 0.0064735850
, 0.0068543837
, 0.0068543837
, 0.0068543837
, 0.0072351829
, 0.0079967817
, 0.0087583791
, 0.0099007767
, 0.0110431742
, 0.0129471701
, 0.0148511650
, 0.0171359591
, 0.0198015533
, 0.0224671476
, 0.0258943401
, 0.0304639284
, 0.0331295207
, 0.0376991108
, 0.0411263034
, 0.0456958935
, 0.0506462827
, 0.0559774674
, 0.0613086559
, 0.0670206398
, 0.0731134266
, 0.0792062134
, 0.0860605985
, 0.0929149836
, 0.0997693688
, 0.1070045531
, 0.1146205291
, 0.1252829134
, 0.1313757002
, 0.1401340663
, 0.1473692507
, 0.1561276317
, 0.1648860127
, 0.1740251929
, 0.1835451722
, 0.1926843524
, 0.2022043318
, 0.2121051103
, 0.2220058739
, 0.2319066525
, 0.2418074310
, 0.2520890236
, 0.2623705864
, 0.2756985426
, 0.2852185369
, 0.2939769030
, 0.3042584956
, 0.3149208724
, 0.3255832493
, 0.3362456262
, 0.3469080031
, 0.3571895659
, 0.3678519428
, 0.3785143197
, 0.3891766965
, 0.3998390734
, 0.4101206362
, 0.4204022288
, 0.4306837916
, 0.4451541603
, 0.4527701437
, 0.4615285099
, 0.4718101025
, 0.4817108810
, 0.4916116595
, 0.5011316538
, 0.5106515884
, 0.5205523968
, 0.5300723314
, 0.5392115116
, 0.5483506918
, 0.5578706861
, 0.5666290522
, 0.5753874779
, 0.5841458440
, 0.5967122316
, 0.6024242043
, 0.6096593738
, 0.6180369258
, 0.6260337234
, 0.6340305209
, 0.6420273185
, 0.6500240564
, 0.6576400399
, 0.6648752689
, 0.6724912524
, 0.6797264218
, 0.6869615912
, 0.6941967607
, 0.7010511756
, 0.7079055309
, 0.7147599459
, 0.7223759294
, 0.7280879021
, 0.7345615029
, 0.7410350442
, 0.7475086451
, 0.7539822459
, 0.7600750327
, 0.7661678195
, 0.7726414204
, 0.7783533931
, 0.7844461799
, 0.7905389667
, 0.7966317534
, 0.8023437262
, 0.8080556989
, 0.8141484857
, 0.8213836551
, 0.8259532452
, 0.8316652775
, 0.8373772502
, 0.8430892229
, 0.8488011956
, 0.8545132279
, 0.8602252007
, 0.8659371734
, 0.8716491461
, 0.8773611188
, 0.8830731511
, 0.8887851238
, 0.8944970965
, 0.9002090693
, 0.9059211016
, 0.9120138884
, 0.9177258611
, 0.9238186479
, 0.9295306206
, 0.9356234074
, 0.9417161942
, 0.9478089809
, 0.9539017677
, 0.9599945545
, 0.9660873413
, 0.9725609422
, 0.9786537290
, 0.9851272702
, 0.9912200570
, 0.9976936579
, 1.0041671991
, 1.0110216141
, 1.0174952745
, 1.0239688158
, 1.0304423571
, 1.0372967720
, 1.0441511869
, 1.0506247282
, 1.0574791431
, 1.0647143126
, 1.0715687275
, 1.0784230232
, 1.0856583118
, 1.0925126076
, 1.0997477770
, 1.1066021919
, 1.1138373613
, 1.1210725307
, 1.1283078194
, 1.1355429888
, 1.1427781582
, 1.1500133276
, 1.1576292515
, 1.1648644209
, 1.1724804640
, 1.1797156334
, 1.1869508028
, 1.1945668459
, 1.2021827698
, 1.2094179392
, 1.2170339823
, 1.2246499062
, 1.2322659492
, 1.2398818731
, 1.2474979162
, 1.2551138401
, 1.2627298832
, 1.2703458071
, 1.2779618502
, 1.2855777740
, 1.2928129435
, 1.3004289865
, 1.3080449104
, 1.3156609535
, 1.3232768774
, 1.3305120468
, 1.3381280899
, 1.3453632593
, 1.3564064503
, 1.3605952263
, 1.3689727783
, 1.3754464388
, 1.3830623627
, 1.3902975321
, 1.3979135752
, 1.4051487446
, 1.4123839140
, 1.4199998379
, 1.4272350073
, 1.4344702959
, 1.4417054653
, 1.4493213892
, 1.4565565586
, 1.4637917280
, 1.4710270166
, 1.4782621861
, 1.4862589836
, 1.4923516512
, 1.4995869398
, 1.5068221092
, 1.5140572786
, 1.5209116936
, 1.5281468630
, 1.5350011587
, 1.5422364473
, 1.5490907431
, 1.5563259125
, 1.5631803274
, 1.5700347424
, 1.5768891573
, 1.5841243267
, 1.5909786224
, 1.5978330374
, 1.6050682068
, 1.6115418673
, 1.6183961630
, 1.6252505779
, 1.6321049929
, 1.6389594078
, 1.6458137035
, 1.6526681185
, 1.6595225334
, 1.6659960747
, 1.6728504896
, 1.6797049046
, 1.6865592003
, 1.6934136152
, 1.7002680302
, 1.7071224451
, 1.7139767408
, 1.7208311558
, 1.7273048162
, 1.7341591120
, 1.7410135269
, 1.7478679419
, 1.7543414831
, 1.7611958981
, 1.7680503130
, 1.7749046087
, 1.7817590237
, 1.7882325649
, 1.7950869799
, 1.8019413948
, 1.8087958097
, 1.8164117336
, 1.8221237659
, 1.8289781809
, 1.8358324766
, 1.8426868916
, 1.8495413065
, 1.8563956022
, 1.8632500172
, 1.8704851866
, 1.8773396015
, 1.8841940165
, 1.8910484314
, 1.8979027271
, 1.9047571421
, 1.9116115570
, 1.9188467264
, 1.9264626503
, 1.9325554371
, 1.9394098520
, 1.9466450214
, 1.9534994364
, 1.9603538513
, 1.9675890207
, 1.9744434357
, 1.9812977314
, 1.9885329008
, 1.9953873158
, 2.0026226044
, 2.0094769001
, 2.0167121887
, 2.0235664845
, 2.0308015347
, 2.0387983322
, 2.0448911190
, 2.0521264076
, 2.0589807034
, 2.0662159920
, 2.0730702877
, 2.0803055763
, 2.0871598721
, 2.0943951607
, 2.1016302109
, 2.1084847450
, 2.1157197952
, 2.1229550838
, 2.1298093796
, 2.1370446682
, 2.1442797184
, 2.1515150070
, 2.1583693027
, 2.1656045914
, 2.1728396416
, 2.1796941757
, 2.1869292259
, 2.1937837601
, 2.2010188103
, 2.2082540989
, 2.2151083946
, 2.2223436832
, 2.2291979790
, 2.2364332676
, 2.2432875633
, 2.2505228519
, 2.2573771477
, 2.2646121979
, 2.2714667320
, 2.2787017822
, 2.2931721210
, 2.2935531139
, 2.2996459007
, 2.3068809509
, 2.3137354851
, 2.3209705353
, 2.3278250694
, 2.3350601196
, 2.3419144154
, 2.3487689495
, 2.3560039997
, 2.3628585339
, 2.3700935841
, 2.3769481182
, 2.3838024139
, 2.3906567097
, 2.3978919983
, 2.4047462940
, 2.4116008282
, 2.4184551239
, 2.4256904125
, 2.4325447083
, 2.4393990040
, 2.4462535381
, 2.4531078339
, 2.4599621296
, 2.4668166637
, 2.4736709595
, 2.4809062481
, 2.4873797894
, 2.4946150780
, 2.5010886192
, 2.5079429150
, 2.5147972107
, 2.5216517448
, 2.5285060406
, 2.5353605747
, 2.5422148705
, 2.5490691662
, 2.5559237003
, 2.5627779961
, 2.5696322918
, 2.5764868259
, 2.5833411217
, 2.5905764103
, 2.5970499516
, 2.6042850018
, 2.6107587814
, 2.6179938316
, 2.6248483658
, 2.6317026615
, 2.6385569572
, 2.6454114914
, 2.6522657871
, 2.6591200829
, 2.6659746170
, 2.6728289127
, 2.6796834469
, 2.6869184971
, 2.6937727928
, 2.7006273270
, 2.7074816227
, 2.7143361568
, 2.7215712070
, 2.7284255028
, 2.7356607914
, 2.7425150871
, 2.7493696213
, 2.7566046715
, 2.7634592056
, 2.7706942558
, 2.7775487900
, 2.7844030857
, 2.7916383743
, 2.7984926701
, 2.8053469658
, 2.8125822544
, 2.8194365501
, 2.8266718388
, 2.8335261345
, 2.8403806686
, 2.8476157188
, 2.8548510075
, 2.8617053032
, 2.8697021008
, 2.8757948875
, 2.8826491833
, 2.9717562199
, 2.9721369743
, 2.9744217396
, 2.9816570282
, 2.9888923168
, 2.9957466125
, 3.0029816628
, 3.0098361969
, 3.0170712471
, 3.0243065357
, 3.0311608315
, 3.0383961201
, 3.0456311703
, 3.0524857044
, 3.0597207546
, 3.0665752888
, 3.0738103390
, 3.0833303928
, 3.0878999233
, 3.0947544575
, 3.1019895077
, 3.1088440418
, 3.1160790920
, 3.1229333878
, 3.1297879219
, 3.1370229721
, 3.1438775063
, 3.1511125565
, 3.1583478451
, 3.1652021408
, 3.1720566750
, 3.1789109707
, 3.1861462593
, 3.1930005550
, 3.2006165981
, 3.2070901394
, 3.2139444351
, 3.2207989693
, 3.2276532650
, 3.2348885536
, 3.2417428493
, 3.2485971451
, 3.2554516792
, 3.2626867294
, 3.2703027725
, 3.2763955593
, 3.2832498550
, 3.2901043892
, 3.2969586849
, 3.3041939735
, 3.3110482693
, 3.3179025650
, 3.3247570992
, 3.3316113949
, 3.3388466835
, 3.3457009792
, 3.3525552750
, 3.3594098091
, 3.3662641048
, 3.3734993935
, 3.3814961910
, 3.3872079849
, 3.3940625191
, 3.4012975693
, 3.4081521034
, 3.4150063992
, 3.4218606949
, 3.4287152290
, 3.4359502792
, 3.4428048134
, 3.4496591091
, 3.4565134048
, 3.4637486935
, 3.4706029892
, 3.4778382778
, 3.4846925735
, 3.4926893711
, 3.4984014034
, 3.5052556992
, 3.5124909878
, 3.5193452835
, 3.5261998177
, 3.5334348679
, 3.5402894020
, 3.5471436977
, 3.5543789864
, 3.5612332821
, 3.5680875778
, 3.5753228664
, 3.5821771622
, 3.5890316963
, 3.5962667465
, 3.6042635441
, 3.6099755764
, 3.6172106266
, 3.6240651608
, 3.6313002110
, 3.6385354996
, 3.6453897953
, 3.6522443295
, 3.6594793797
, 3.6663339138
, 3.6735689640
, 3.6804234982
, 3.6876585484
, 3.6945128441
, 3.7013673782
, 3.7086024284
, 3.7154569626
, 3.7223112583
, 3.7295465469
, 3.7364008427
, 3.7436361313
, 3.7504904270
, 3.7573447227
