velocity=[0.0000000000
, 0.0000000000
, 0.0000000000
, 0.0015538125
, 0.0083242152
, 0.0179096237
, 0.0302829910
, 0.0431094840
, 0.0575095229
, 0.0697145239
, 0.0790729150
, 0.0921407491
, 0.1164510995
, 0.1550070792
, 0.2105933428
, 0.2842361033
, 0.3815357387
, 0.5020413995
, 0.6455365419
, 0.8108500242
, 0.9945188761
, 1.1986196041
, 1.4187835455
, 1.6491683722
, 1.8904762268
, 2.1379997730
, 2.3915560246
, 2.6528863907
, 2.9220440388
, 3.1949131489
, 3.4703040123
, 3.7478697300
, 4.0256528854
, 4.3073101044
, 4.5899863243
, 4.8683772087
, 5.1423387527
, 5.4149465561
, 5.6886959076
, 5.9596405029
, 6.2255015373
, 6.4875812531
, 6.7456903458
, 6.9971294403
, 7.2434635162
, 7.4857473373
, 7.7178483009
, 7.9403972626
, 8.1570806503
, 8.3669347763
, 8.5666151047
, 8.7541694641
, 8.9323549271
, 9.1020545959
, 9.2621726990
, 9.4114313126
, 9.5539674759
, 9.6857185364
, 9.8072471619
, 9.9200382233
, 10.0239772797
, 10.1171007156
, 10.1956434250
, 10.2623462677
, 10.3209190369
, 10.3714294434
, 10.4140443802
, 10.4451894760
, 10.4633245468
, 10.4706592560
, 10.4698266983
, 10.4621992111
, 10.4474143982
, 10.4276161194
, 10.4005517960
, 10.3643245697
, 10.3175153732
, 10.2610874176
, 10.2007369995
, 10.1359376907
, 10.0629453659
, 9.9827280045
, 9.8995599747
, 9.8108634949
, 9.7159690857
, 9.6166391373
, 9.5140676498
, 9.4061164856
, 9.2938747406
, 9.1806659698
, 9.0646982193
, 8.9473495483
, 8.8323373795
, 8.7203979492
, 8.6070623398
, 8.4899120331
, 8.3729143143
, 8.2555904388
, 8.1390781403
, 8.0245122910
, 7.9092555046
, 7.7936739922
, 7.6832966805
, 7.5834517479
, 7.4768486023
, 7.3652749062
, 7.2542676926
, 7.1479721069
, 7.0477590561
, 6.9501638412
, 6.8558149338
, 6.7680292130
, 6.6813116074
, 6.5980162621
, 6.5210533142
, 6.4503550529
, 6.3811883926
, 6.3134226799
, 6.2520055771
, 6.1964974403
, 6.1452746391
, 6.0967278481
, 6.0502743721
, 6.0065670013
, 5.9658393860
, 5.9287590981
, 5.8957238197
, 5.8664641380
, 5.8410663605
, 5.8187160492
, 5.7996630669
, 5.7842769623
, 5.7726459503
, 5.7641930580
, 5.7589540482
, 5.7594175339
, 5.7640328407
, 5.7735667229
, 5.7846236229
, 5.7994141579
, 5.8187756538
, 5.8418254852
, 5.8670883179
, 5.8930754662
, 5.9202194214
, 5.9512853622
, 5.9836058617
, 6.0176391602
, 6.0502638817
, 6.0838947296
, 6.1208319664
, 6.1636180878
, 6.2086048126
, 6.2519302368
, 6.2928018570
, 6.3354406357
, 6.3797326088
, 6.4210500717
, 6.4629063606
, 6.5101647377
, 6.5587158203
, 6.6062450409
, 6.6549229622
, 6.7018418312
, 6.7476048470
, 6.7893557549
, 6.8295707703
, 6.8692378998
, 6.9091973305
, 6.9489998817
, 6.9873089790
, 7.0245742798
, 7.0637483597
, 7.1025590897
, 7.1418972015
, 7.1772212982
, 7.2073330879
, 7.2369866371
, 7.2670345306
, 7.2938432693
, 7.3199262619
, 7.3466267586
, 7.3729691505
, 7.3972368240
, 7.4202160835
, 7.4423332214
, 7.4633188248
, 7.4836807251
, 7.5025734901
, 7.5180273056
, 7.5267953873
, 7.5324182510
, 7.5376596451
, 7.5425744057
, 7.5464916229
, 7.5467720032
, 7.5456700325
, 7.5411186218
, 7.5365061760
, 7.5359110832
, 7.5349988937
, 7.5347881317
, 7.5348773003
, 7.5318698883
, 7.5273189545
, 7.5181713104
, 7.5048961639
, 7.4919061661
, 7.4773626328
, 7.4601945877
, 7.4422903061
, 7.4281110764
, 7.4150700569
, 7.4011964798
, 7.3859691620
, 7.3683915138
, 7.3471832275
, 7.3240203857
, 7.3021044731
, 7.2835102081
, 7.2670841217
, 7.2487525940
, 7.2303781509
, 7.2105622292
, 7.1916990280
, 7.1725006104
, 7.1552562714
, 7.1368069649
, 7.1156973839
, 7.0938057899
, 7.0755476952
, 7.0575504303
, 7.0397915840
, 7.0250587463
, 7.0081315041
, 6.9898929596
, 6.9717803001
, 6.9544677734
, 6.9388470650
, 6.9251060486
, 6.9132189751
, 6.9014353752
, 6.8859992027
, 6.8702530861
, 6.8567409515
, 6.8466491699
, 6.8391809464
, 6.8320031166
, 6.8259654045
, 6.8224053383
, 6.8199157715
, 6.8140687943
, 6.8074502945
, 6.8025455475
, 6.7989449501
, 6.7927722931
, 6.7872748375
, 6.7836475372
, 6.7827248573
, 6.7840728760
, 6.7837710381
, 6.7841334343
, 6.7858757973
, 6.7874903679
, 6.7872004509
, 6.7853870392
, 6.7841987610
, 6.7845678329
, 6.7870755196
, 6.7913694382
, 6.7968487740
, 6.8043856621
, 6.8173670769
, 6.8319344521
, 6.8449692726
, 6.8552613258
, 6.8626041412
, 6.8672542572
, 6.8710455894
, 6.8769416809
, 6.8821053505
, 6.8887715340
, 6.8965010643
, 6.9073839188
, 6.9174838066
, 6.9257946014
, 6.9354076385
, 6.9430680275
, 6.9483690262
, 6.9547104836
, 6.9611992836
, 6.9694991112
, 6.9771471024
, 6.9853758812
, 6.9923338890
, 6.9994387627
, 7.0065736771
, 7.0154128075
, 7.0258769989
, 7.0342998505
, 7.0421247482
, 7.0472297668
, 7.0515165329
, 7.0533852577
, 7.0565690994
, 7.0616378784
, 7.0647120476
, 7.0678987503
, 7.0720510483
, 7.0739026070
, 7.0762310028
, 7.0803270340
, 7.0852766037
, 7.0879354477
, 7.0916547775
, 7.0965285301
, 7.0982012749
, 7.0982737541
, 7.0959239006
, 7.0947227478
, 7.0958733559
, 7.0949296951
, 7.0933957100
, 7.0906701088
, 7.0887775421
, 7.0858521461
, 7.0836114883
, 7.0800895691
, 7.0770092010
, 7.0729470253
, 7.0707859993
, 7.0798811913
, 7.1239476204
, 7.1765756607
, 7.2215476036
, 7.2508387566
, 7.2661857605
, 7.2683095932
, 7.2610454559
, 7.2431306839
, 7.2201862335
, 7.1980094910
, 7.1755528450
, 7.1542387009
, 7.1314783096
, 7.1090354919
, 7.0880031586
, 7.0716590881
, 7.0567326546
, 7.0410995483
, 7.0258302689
, 7.0150160789
, 7.0057444572
, 6.9957323074
, 6.9845113754
, 6.9722676277
, 6.9594349861
, 6.9465980530
, 6.9355106354
, 6.9281611443
, 6.9202842712
, 6.9149618149
, 6.9065318108
, 6.8964190483
, 6.8866095543
, 6.8779883385
, 6.8709754944
, 6.8655366898
, 6.8614649773
, 6.8584899902
, 6.8563628197
, 6.8550434113
, 6.8542919159
, 6.8536219597
, 6.8536973000
, 6.8571953773
, 6.8594646454
, 6.8629040718
, 6.8642554283
, 6.8686399460
, 6.8741970062
, 6.8787722588
, 6.8815369606
, 6.8821048737
, 6.8808469772
, 6.8788170815
, 6.8768463135
, 6.8749251366
, 6.8746051788
, 6.8793530464
, 6.8849806786
, 6.8888664246
, 6.8915181160
, 6.8944468498
, 6.9013700485
, 6.9098758698
, 6.9201545715
, 6.9289727211
, 6.9353055954
, 6.9411258698
, 6.9463133812
, 6.9537353516
, 6.9595046043
, 6.9633941650
, 6.9691205025
, 6.9734182358
, 6.9761152267
, 6.9799132347
, 6.9833407402
, 6.9882755280
, 6.9917516708
, 6.9932050705
, 6.9974479675
, 7.0044479370
, 7.0109186172
, 7.0164122581
, 7.0203394890
, 7.0211424828
, 7.0299835205
, 7.0672879219
, 7.1079583168
, 7.1427221298
, 7.1690573692
, 7.1834836006
, 7.1894125938
, 7.1872081757
, 7.1821393967
, 7.1760730743
, 7.1670188904
, 7.1588654518
, 7.1525716782
, 7.1448721886
, 7.1378130913
, 7.1293754578
, 7.1222529411
, 7.1157288551
, 7.1051363945
, 7.0927777290
, 7.0826334953
, 7.0736250877
, 7.0674314499
, 7.0602064133
, 7.0514550209
, 7.0447583199
, 7.0381112099
, 7.0330395699
, 7.0310516357
, 7.0285229683
, 7.0235567093
, 7.0168747902
, 7.0118050575
, 7.0071763992
, 7.0040564537
, 7.0013360977
, 6.9971408844
, 6.9904675484
, 6.9834575653
, 6.9801106453
, 6.9778151512
, 6.9749217033
, 6.9718880653
, 6.9702920914
, 6.9672746658
, 6.9656224251
, 6.9634032249
, 6.9592261314
, 6.9544396400
, 6.9530072212
, 6.9522914886
, 6.9499349594
, 6.9454827309
, 6.9410629272
, 6.9407391548
, 6.9413490295
, 6.9405097961
, 6.9375700951
, 6.9338521957
, 6.9331712723
, 6.9345178604
, 6.9340415001
, 6.9327716827
, 6.9347815514
, 6.9370055199
, 6.9373011589
, 6.9348978996
, 6.9320015907
, 6.9329113960
, 6.9346585274
, 6.9348621368
, 6.9344320297
, 6.9372487068
, 6.9408798218
, 6.9453296661
, 6.9499154091
, 6.9534153938
, 6.9533791542
, 6.9513945580
, 6.9519782066
, 6.9525833130
, 6.9527635574
, 6.9557766914
, 6.9582309723
, 6.9595532417
, 6.9629745483
, 6.9655661583
, 6.9667801857
, 6.9699454308
, 6.9719099998
, 6.9715461731
, 6.9710884094
, 6.9702887535
, 6.9704499245
, 6.9739074707
, 6.9766006470
, 6.9784002304
, 6.9850802422
, 6.9920535088
, 6.9968857765
, 7.0017900467
, 7.0057435036
, 7.0097413063
, 7.0122923851
, 7.0159659386
, 7.0175576210
, 7.0169310570
, 7.0171461105
, 7.0157856941
, 7.0136308670
, 7.0145568848
, 7.0161123276
, 7.0194249153
