torque=[0.0000000000
, 0.0000000000
, 0.0000000000
, 0.0000000000
, 0.0000000000
, 0.0000000000
, 0.0000000000
, 0.0000000000
, 0.0000000000
, 5.0000000000
, 5.0000000000
, 5.0000000000
, 5.0000000000
, 5.0000000000
, 5.0000000000
, 5.0000000000
, 5.0000000000
, 5.0000000000
, 5.0000000000
, 5.0000000000
, 5.0000000000
, 5.0000000000
, 5.0000000000
, 5.0000000000
, 4.9594507217
, 4.9646873474
, 4.9516696930
, 4.9204154015
, 4.8714551926
, 4.8065752983
, 4.7455191612
, 4.6347465515
, 4.5333652496
, 4.4073843956
, 4.2832956314
, 4.1518130302
, 4.0117263794
, 3.8628222942
, 3.7081599236
, 3.5484356880
, 3.3840065002
, 3.2162008286
, 3.0423452854
, 2.8645291328
, 2.6865859032
, 2.5087399483
, 2.3345949650
, 2.1470956802
, 1.9629127979
, 1.7771425247
, 1.5924731493
, 1.4077471495
, 1.2249838114
, 1.0431042910
, 0.8613785505
, 0.6844009757
, 0.5118314028
, 0.3410204649
, 0.1727654636
, 0.0095984936
, -0.1469056904
, -0.2985903621
, -0.4529538751
, -0.5935848951
, -0.7244592309
, -0.8573266268
, -0.9841178656
, -1.1046129465
, -1.2201044559
, -1.3303803205
, -1.4336512089
, -1.5276509523
, -1.6132777929
, -1.6943659782
, -1.7697528601
, -1.8396612406
, -1.9019182920
, -1.9545917511
, -2.0157036781
, -2.0444729328
, -2.0734362602
, -2.1021933556
, -2.1269450188
, -2.1465032101
, -2.1581053734
, -2.1621568203
, -2.1587848663
, -2.1515924931
, -2.1403295994
, -2.1224520206
, -2.0988621712
, -2.0712904930
, -2.0389382839
, -2.0011548996
, -1.9723055363
, -1.9175189734
, -1.8632057905
, -1.8078030348
, -1.7506374121
, -1.6900887489
, -1.6269800663
, -1.5644880533
, -1.5029729605
, -1.4388556480
, -1.3707610369
, -1.3014633656
, -1.2305933237
, -1.1589539051
, -1.0874249935
, -1.0140706301
, -0.9391534328
, -0.8667660356
, -0.8008815646
, -0.7288411260
, -0.6519200206
, -0.5741388798
, -0.4985605776
, -0.4262534678
, -0.3547296822
, -0.2844829261
, -0.2179999053
, -0.1512979865
, -0.0861278921
, -0.0246780012
, 0.0330340639
, 0.0904215649
, 0.1475684643
, 0.2028510571
, 0.2504707277
, 0.2974966168
, 0.3431939781
, 0.3878120184
, 0.4310295880
, 0.4724895954
, 0.5116920471
, 0.5484379530
, 0.5826447606
, 0.6145241261
, 0.6442987919
, 0.6718478203
, 0.6968604326
, 0.7192753553
, 0.7396064401
, 0.7577806711
, 0.7715889812
, 0.7823973298
, 0.7895555496
, 0.7954574227
, 0.7984862328
, 0.7979696989
, 0.7945071459
, 0.7891560793
, 0.7829597592
, 0.7756208777
, 0.7650741339
, 0.7532535791
, 0.7397879362
, 0.7269631028
, 0.7130294442
, 0.6963689327
, 0.6747922897
, 0.6511486173
, 0.6282381415
, 0.6066424251
, 0.5832725167
, 0.5581979156
, 0.5348058939
, 0.5105367899
, 0.4818027616
, 0.4515883327
, 0.4215396047
, 0.3901118934
, 0.3594244421
, 0.3290519714
, 0.3011170328
, 0.2738550901
, 0.2465105802
, 0.2184980214
, 0.1901469976
, 0.1624419689
, 0.1350677758
, 0.1058564559
, 0.0764647126
, 0.0462370701
, 0.0185221285
, -0.0057510072
, -0.0300295074
, -0.0549371839
, -0.0778001621
, -0.1004378423
, -0.1238483116
, -0.1473627985
, -0.1695693731
, -0.1910946220
, -0.2122772038
, -0.2328117490
, -0.2531809211
, -0.2726999521
, -0.2898510098
, -0.3022724986
, -0.3124413490
, -0.3224804401
, -0.3322767317
, -0.3413500786
, -0.3477725387
, -0.3531931937
, -0.3589984775
, -0.3589258790
, -0.3655584753
, -0.3701196313
, -0.3761102259
, -0.3823044002
, -0.3862233460
, -0.3889733553
, -0.3882657588
, -0.3844203353
, -0.3806186318
, -0.3755201995
, -0.3683174253
, -0.3603820801
, -0.3549880683
, -0.3502761126
, -0.3447953761
, -0.3381924331
, -0.3302207291
, -0.3182157278
, -0.3051020801
, -0.2926284373
, -0.2823621929
, -0.2734939754
, -0.2630152404
, -0.2522991300
, -0.2403100133
, -0.2287969738
, -0.2168198526
, -0.2060684562
, -0.1942249537
, -0.1802063733
, -0.1653670073
, -0.1529700458
, -0.1405494362
, -0.1280970722
, -0.1176696047
, -0.1054566056
, -0.0920812711
, -0.0785883293
, -0.0654812381
, -0.0534230098
, -0.0425742641
, -0.0329354107
, -0.0232382100
, -0.0107074967
, 0.0022330217
, 0.0136966994
, 0.0227937382
, 0.0301171783
, 0.0372719876
, 0.0436507650
, 0.0482706055
, 0.0521460362
, 0.0585381612
, 0.0655638278
, 0.0713866502
, 0.0763161033
, 0.0831664577
, 0.0896255076
, 0.0947522819
, 0.0978899971
, 0.0993635803
, 0.1020464748
, 0.1042609438
, 0.1054809093
, 0.1070841178
, 0.1093709990
, 0.1131528914
, 0.1165043041
, 0.1187005639
, 0.1193216294
, 0.1185929254
, 0.1169454083
, 0.1137094870
, 0.1063667834
, 0.0977055207
, 0.0900088027
, 0.0841879398
, 0.0804281309
, 0.0785712823
, 0.0773088932
, 0.0746282339
, 0.0720299855
, 0.0684594437
, 0.0640281439
, 0.0571794473
, 0.0507840328
, 0.0455938876
, 0.0393479317
, 0.0344317555
, 0.0311726071
, 0.0270800721
, 0.0228081085
, 0.0171242543
, 0.0118278060
, 0.0060125133
, 0.0010430696
, -0.0041148285
, -0.0093661053
, -0.0159690771
, -0.0238738209
, -0.0303896647
, -0.0365619138
, -0.0408154130
, -0.0445232503
, -0.0464946255
, -0.0494586341
, -0.0538511761
, -0.0568363629
, -0.0599325076
, -0.0637796894
, -0.0659755468
, -0.0685521886
, -0.0724566951
, -0.0770314708
, -0.0799696073
, -0.0837230310
, -0.0883807316
, -0.0907279179
, -0.0919002295
, -0.0912985057
, -0.0915034637
, -0.0934487134
, -0.0938560963
, -0.0938021466
, -0.0928588361
, -0.0924986601
, -0.0913564861
, -0.0906865448
, -0.0890477598
, -0.0876916200
, -0.0855729133
, -0.0856828690
, -0.0923312008
, -0.1256411821
, -0.1659302860
, -0.2011680305
, -0.2253398001
, -0.2395345271
, -0.2441637367
, -0.2419470251
, -0.2316460013
, -0.2174803168
, -0.2036343962
, -0.1893439293
, -0.1756472141
, -0.1605692059
, -0.1455017626
, -0.1312214434
, -0.1201625317
, -0.1099617332
, -0.0990686193
, -0.0882643610
, -0.0805746764
, -0.0739002004
, -0.0665724203
, -0.0582370050
, -0.0490172096
, -0.0392222330
, -0.0292767826
, -0.0204684790
, -0.0143076805
, -0.0076668630
, -0.0028221777
, 0.0043793567
, 0.0129203405
, 0.0213546436
, 0.0290215574
, 0.0356009677
, 0.0410984829
, 0.0456488617
, 0.0494375564
, 0.0526300035
, 0.0552531704
, 0.0574720912
, 0.0596562400
, 0.0612865649
, 0.0603676103
, 0.0603418872
, 0.0594019406
, 0.0599750541
, 0.0582941957
, 0.0556994528
, 0.0537648164
, 0.0531204417
, 0.0540654734
, 0.0563453846
, 0.0592052564
, 0.0620516874
, 0.0648828000
, 0.0665548146
, 0.0644961819
, 0.0617351122
, 0.0601731054
, 0.0594885014
, 0.0585679226
, 0.0546669327
, 0.0495315939
, 0.0429732315
, 0.0373770371
, 0.0335299857
, 0.0299744625
, 0.0268168151
, 0.0219543520
, 0.0182237886
, 0.0158141740
, 0.0120061971
, 0.0091845589
, 0.0074994168
, 0.0049688411
, 0.0026689065
, -0.0007848917
, -0.0032174401
, -0.0041963910
, -0.0072513400
, -0.0123907793
, -0.0172372311
, -0.0213940516
, -0.0244824402
, -0.0281247254
, -0.0345663093
, -0.0619574711
, -0.0927724242
, -0.1196827218
, -0.1407771558
, -0.1533657759
, -0.1598449796
, -0.1603913307
, -0.1588042527
, -0.1564117223
, -0.1517465413
, -0.1476394981
, -0.1448182911
, -0.1408739537
, -0.1373213828
, -0.1326784492
, -0.1293722838
, -0.1255308688
, -0.1190157905
, -0.1110960394
, -0.1046657339
, -0.0989610925
, -0.0952329785
, -0.0906709358
, -0.0848993286
, -0.0805446059
, -0.0761610121
, -0.0728550926
, -0.0717651248
, -0.0702520013
, -0.0669112429
, -0.0622488149
, -0.0586982928
, -0.0554217882
, -0.0531968698
, -0.0512344167
, -0.0481516197
, -0.0431914143
, -0.0379051156
, -0.0352443457
, -0.0333230086
, -0.0309335217
, -0.0284013022
, -0.0268533994
, -0.0243401583
, -0.0227443594
, -0.0207109079
, -0.0172061175
, -0.0132016269
, -0.0116221774
, -0.0105532585
, -0.0082649095
, -0.0044043977
, -0.0005146618
, 0.0004009760
, 0.0006308515
, 0.0019238623
, 0.0047776578
, 0.0082506565
, 0.0096216053
, 0.0092776362
, 0.0103804870
, 0.0120753581
, 0.0113641061
, 0.0104691582
, 0.0109769581
, 0.0134695871
, 0.0163557585
, 0.0164637342
, 0.0159436241
, 0.0165433176
, 0.0176080633
, 0.0162812322
, 0.0143388575
, 0.0117214033
, 0.0090468824
, 0.0069523272
, 0.0075138342
, 0.0095150881
, 0.0096415132
, 0.0097458968
, 0.0101566566
, 0.0084746145
, 0.0071693803
, 0.0066731721
, 0.0046101711
, 0.0031213367
, 0.0026200691
