time=[0.0000000000
, 0.9965999722
, 1.9958000183
, 3.0629000664
, 4.0192999840
, 5.0226001740
, 6.0192999840
, 7.0176000595
, 8.0218000412
, 9.0150995255
, 10.0193004608
, 11.0167999268
, 12.0326995850
, 13.0193004608
, 14.0208997726
, 15.0218000412
, 16.0142002106
, 17.0058002472
, 17.9965991974
, 19.1282997131
, 19.9974994659
, 21.0007991791
, 21.9965991974
, 22.9983005524
, 23.9965991974
, 24.9958000183
, 25.9958000183
, 26.9965991974
, 27.9965991974
, 28.9990997314
, 29.9965991974
, 30.9965991974
, 31.9965991974
, 32.9966011047
, 33.9958000183
, 35.1031990051
, 35.9975013733
, 36.9982986450
, 37.9966011047
, 38.9975013733
, 39.9966011047
, 40.9958000183
, 41.9966011047
, 42.9966011047
, 43.9975013733
, 44.9958000183
, 45.9966011047
, 46.9966011047
, 47.9966011047
, 48.9975013733
, 49.9975013733
, 51.0863990784
, 52.0000000000
, 52.9982986450
, 53.9958000183
, 54.9966011047
, 55.9958000183
, 56.9958000183
, 57.9966011047
, 59.0057983398
, 59.9990997314
, 60.9990997314
, 61.9975013733
, 62.9975013733
, 63.9982986450
, 64.9974975586
, 65.9974975586
, 67.1610031128
, 68.0176010132
, 69.0208969116
, 70.0193023682
, 71.0234985352
, 72.0217971802
, 73.0141983032
, 74.0193023682
, 75.0133972168
, 76.0242996216
, 77.0225982666
, 78.0158996582
, 79.0201034546
, 80.0109024048
, 80.9990997314
, 81.9974975586
, 83.1056976318
, 84.0017013550
, 85.0033035278
, 85.9982986450
, 86.9982986450
, 88.0008010864
, 89.0000000000
, 89.9974975586
, 90.9974975586
, 92.0057983398
, 92.9982986450
, 93.9974975586
, 94.9982986450
, 95.9974975586
, 96.9974975586
, 98.0000000000
, 99.1686019897
, 100.0141983032
, 101.0117034912
, 102.0201034546
, 103.0141983032
, 104.0150985718
, 105.0109024048
, 106.0217971802
, 106.9965972900
, 107.9965972900
, 108.9974975586
, 110.0074996948
, 110.9965972900
, 111.9965972900
, 113.0117034912
, 114.0000000000
, 115.2121963501
, 115.9974975586
, 116.9990997314
, 118.0167999268
, 119.0025024414
, 119.9982986450
, 120.9982986450
, 122.0000000000
, 122.9974975586
, 123.9974975586
, 124.9974975586
, 125.9974975586
, 126.9974975586
, 127.9982986450
, 128.9983062744
, 129.9983062744
, 131.2055053711
, 132.0007934570
, 132.9974975586
, 134.0007934570
, 134.9974975586
, 135.9983062744
, 136.9974975586
, 137.9974975586
, 138.9983062744
, 140.0084075928
, 140.9965972900
, 141.9965972900
, 143.0007934570
, 143.9990997314
, 144.9958038330
, 146.0092010498
, 147.1979980469
, 148.0158996582
, 149.0126037598
, 150.0032958984
, 150.9983062744
, 151.9990997314
, 153.0092010498
, 154.0218048096
, 155.0184020996
, 156.0193023682
, 157.0218048096
, 158.0225982666
, 159.0175933838
, 160.0209045410
, 161.0142059326
, 162.0243072510
, 163.3220977783
, 164.0142059326
, 165.0092010498
, 166.0007934570
, 166.9983062744
, 167.9990997314
, 168.9983062744
, 170.0057983398
, 170.9990997314
, 172.0007934570
, 173.0007934570
, 174.0007934570
, 174.9990997314
, 176.0007934570
, 177.0007934570
, 178.0025024414
, 179.2651062012
, 180.0032958984
, 181.0016937256
, 182.0032958984
, 183.0025024414
, 184.0032958984
, 185.0099945068
, 186.0050048828
, 186.9990997314
, 188.0000000000
, 188.9990997314
, 189.9983062744
, 190.9983062744
, 191.9983062744
, 192.9983062744
, 193.9983062744
, 195.2532958984
, 196.0057983398
, 196.9983062744
, 198.0025024414
, 199.0000000000
, 200.0000000000
, 200.9990997314
, 201.9990997314
, 203.0007934570
, 203.9990997314
, 204.9990997314
, 205.9983062744
, 206.9983062744
, 207.9990997314
, 208.9990997314
, 210.0092010498
, 211.2449035645
, 212.0494995117
, 213.0243072510
, 214.0218048096
, 215.0260009766
, 216.0234985352
, 217.0158996582
, 218.0218048096
, 219.0142059326
, 220.0243072510
, 221.0209045410
, 222.0225982666
, 223.0200958252
, 224.0117034912
, 224.9990997314
, 225.9974975586
, 227.2617034912
, 228.0319061279
, 228.9990997314
, 230.0025024414
, 230.9983062744
, 231.9990997314
, 232.9983062744
, 233.9983062744
, 234.9983062744
, 235.9983062744
, 236.9974975586
, 237.9990997314
, 238.9990997314
, 239.9983062744
, 240.9983062744
, 241.9983062744
, 243.2852020264
, 244.0435943604
, 244.9983062744
, 246.0007934570
, 246.9974975586
, 248.0000000000
, 249.0007934570
, 250.0092010498
, 250.9990997314
, 251.9983062744
, 252.9983062744
, 253.9983062744
, 254.9983062744
, 255.9983062744
, 256.9974975586
, 257.9991149902
, 259.2944030762
, 260.0578918457
, 261.0032958984
, 262.0277099609
, 262.9982910156
, 263.9982910156
, 264.9991149902
, 265.9982910156
, 266.9982910156
, 268.0000000000
, 269.0000000000
, 270.0042114258
, 270.9982910156
, 271.9991149902
, 273.0007934570
, 273.9982910156
, 275.2868957520
, 276.0931091309
, 277.0250854492
, 278.0226135254
, 279.0260009766
, 280.0250854492
, 281.0192871094
, 282.0209045410
, 283.0151062012
, 284.0201110840
, 285.0158996582
, 286.0209045410
, 287.0209045410
, 288.0158996582
, 289.0083923340
, 289.9982910156
, 291.3346862793
, 292.0805053711
, 293.0032958984
, 293.9982910156
, 294.9982910156
, 295.9982910156
, 296.9982910156
, 298.0000000000
, 299.0000000000
, 300.0083923340
, 300.9991149902
, 301.9982910156
, 302.9982910156
, 303.9982910156
, 304.9982910156
, 305.9982910156
, 307.3707885742
, 308.1015014648
, 309.0042114258
, 309.9982910156
, 310.9991149902
, 312.0000000000
, 312.9982910156
, 313.9982910156
, 314.9982910156
, 315.9982910156
, 316.9982910156
, 318.0000000000
, 318.9991149902
, 320.0133972168
, 321.0067138672
, 322.0017089844
, 323.3666076660
, 324.1090087891
, 325.0042114258
, 326.0000000000
, 326.9991149902
, 328.0007934570
, 329.0000000000
, 329.9991149902
, 330.9991149902
, 331.9982910156
, 332.9982910156
, 333.9982910156
, 334.9982910156
, 335.9982910156
, 336.9982910156
, 338.0000000000
, 339.3363952637
, 340.1492919922
, 341.0192871094
, 342.0209045410
, 343.0250854492
, 344.0201110840
, 345.0217895508
, 346.0226135254
, 347.0141906738
, 348.0209045410
, 349.0108947754
, 350.0234985352
, 351.0234985352
, 352.0176086426
, 353.0067138672
, 353.9991149902
, 355.3616027832
, 356.1325073242
, 357.0050048828
, 358.0000000000
, 359.0000000000
, 360.0126037598
, 361.0042114258
, 361.9982910156
, 362.9982910156
, 363.9982910156
, 364.9991149902
, 365.9982910156
, 366.9982910156
, 367.9982910156
, 368.9991149902
, 369.9991149902
, 371.3901062012
, 372.2868957520
, 372.9982910156
, 373.9957885742
, 374.9966125488
, 375.9957885742
, 376.9957885742
, 377.9982910156
, 378.9966125488
, 379.9966125488
, 380.9974975586
, 381.9957885742
, 382.9957885742
, 383.9957885742
, 384.9957885742
, 385.9957885742
, 386.9957885742
, 388.0007934570
, 389.1500854492
, 389.9974975586
, 390.9957885742
, 391.9957885742
, 392.9957885742
, 393.9957885742
, 394.9957885742
, 395.9957885742
, 396.9982910156
, 397.9966125488
, 398.9966125488
, 400.0964050293
, 400.9966125488
, 401.9966125488
, 402.9957885742
, 404.0184020996
, 405.0226135254
, 406.0217895508
, 407.0260009766
, 408.0242919922
, 409.0201110840
, 410.0192871094
, 411.0141906738
, 412.0184020996
, 413.0116882324
, 414.0217895508
, 415.0209045410
, 416.0141906738
, 417.0057983398
, 417.9982910156
, 418.9974975586
, 420.0100097656
, 421.1391906738
, 421.9974975586
, 423.0042114258
, 424.0133972168
, 425.0075073242
, 426.0151062012
, 427.0151062012
, 428.0141906738
, 429.0343933105
, 429.9982910156
, 431.0057983398
, 431.9957885742
, 432.9966125488
, 433.9957885742
, 434.9957885742
, 436.0116882324
, 437.1476135254
, 437.9974975586
, 438.9966125488
, 439.9966125488
, 440.9957885742
, 441.9957885742
, 442.9957885742
, 443.9957885742
, 444.9957885742
, 445.9957885742
, 446.9957885742
, 447.9966125488
, 448.9966125488
, 449.9966125488
, 451.0091857910
, 452.0083923340
, 453.1484985352
, 453.9957885742
, 454.9957885742
, 455.9957885742
, 456.9957885742
, 457.9974975586
, 458.9966125488
, 459.9982910156
, 460.9957885742
, 461.9957885742
, 462.9957885742
, 463.9957885742
, 464.9957885742
, 465.9966125488
, 466.9957885742
, 468.0201110840
, 469.0242919922
, 470.0209045410
, 471.0217895508
, 472.0201110840
, 473.0226135254
, 474.0209045410
, 475.0141906738
