StateVariable_10=[0.0000000000
, 0.0003807992
, 0.0007615983
, 0.0015231967
, 0.0026655938
, 0.0041887900
, 0.0057119867
, 0.0079967817
, 0.0102815758
, 0.0129471691
, 0.0156127634
, 0.0186591558
, 0.0224671476
, 0.0258943401
, 0.0300831273
, 0.0342719182
, 0.0388415083
, 0.0437918976
, 0.0491230860
, 0.0552158691
, 0.0601662621
, 0.0662590414
, 0.0727326274
, 0.0792062134
, 0.0860605985
, 0.0932957828
, 0.1009117663
, 0.1089085415
, 0.1169053242
, 0.1252829134
, 0.1340412796
, 0.1427996606
, 0.1519388407
, 0.1614588201
, 0.1709787995
, 0.1820219755
, 0.1911611557
, 0.2014427334
, 0.2117243111
, 0.2223866731
, 0.2330490500
, 0.2440922260
, 0.2551354170
, 0.2661785781
, 0.2776025534
, 0.2890265286
, 0.3004505038
, 0.3122552633
, 0.3240600526
, 0.3358648121
, 0.3476695716
, 0.3609975576
, 0.3720407188
, 0.3838455081
, 0.3960310817
, 0.4085974395
, 0.4207830131
, 0.4333494008
, 0.4455349445
, 0.4584821165
, 0.4706676900
, 0.4832340777
, 0.4958004355
, 0.5087476373
, 0.5213139653
, 0.5342611670
, 0.5468274951
, 0.5620594621
, 0.5731026530
, 0.5860498548
, 0.5989969969
, 0.6119441390
, 0.6248913407
, 0.6378384829
, 0.6507856846
, 0.6641136408
, 0.6770608425
, 0.6903887987
, 0.7033359408
, 0.7166638970
, 0.7296110988
, 0.7425582409
, 0.7558862567
, 0.7703565955
, 0.7821613550
, 0.7954893112
, 0.8088173270
, 0.8221452832
, 0.8354732394
, 0.8484204412
, 0.8617483974
, 0.8750763535
, 0.8887851238
, 0.9021130800
, 0.9154410362
, 0.9287690520
, 0.9420970082
, 0.9554249644
, 0.9691337347
, 0.9847465158
, 0.9961704612
, 1.0094984770
, 1.0232073069
, 1.0365352631
, 1.0498632193
, 1.0631911755
, 1.0768998861
, 1.0902279615
, 1.1035559177
, 1.1172646284
, 1.1309734583
, 1.1443014145
, 1.1576293707
, 1.1713380814
, 1.1846660376
, 1.2014212608
, 1.2120835781
, 1.2254115343
, 1.2395011187
, 1.2528290749
, 1.2661571503
, 1.2798658609
, 1.2935746908
, 1.3069026470
, 1.3206113577
, 1.3343201876
, 1.3476481438
, 1.3613568544
, 1.3750656843
, 1.3887743950
, 1.4024832249
, 1.4188575745
, 1.4299007654
, 1.4432287216
, 1.4569374323
, 1.4706462622
, 1.4843549728
, 1.4980638027
, 1.5117725134
, 1.5254813433
, 1.5391900539
, 1.5525180101
, 1.5662268400
, 1.5799355507
, 1.5936443806
, 1.6073530912
, 1.6210619211
, 1.6374362707
, 1.6488602161
, 1.6621881723
, 1.6758968830
, 1.6896057129
, 1.7033144236
, 1.7170232534
, 1.7311128378
, 1.7448215485
, 1.7585303783
, 1.7722390890
, 1.7859479189
, 1.7996566296
, 1.8133654594
, 1.8270741701
, 1.8407830000
, 1.8586804867
, 1.8682005405
, 1.8819092512
, 1.8952372074
, 1.9089460373
, 1.9226547480
, 1.9363635778
, 1.9504530430
, 1.9641618729
, 1.9778705835
, 1.9915794134
, 2.0052881241
, 2.0189969540
, 2.0327057838
, 2.0464143753
, 2.0601232052
, 2.0776400566
, 2.0879216194
, 2.1016304493
, 2.1153390408
, 2.1290478706
, 2.1427567005
, 2.1568462849
, 2.1705548763
, 2.1838829517
, 2.1979725361
, 2.2116813660
, 2.2253899574
, 2.2390987873
, 2.2528076172
, 2.2665164471
, 2.2806060314
, 2.2977418900
, 2.3080234528
, 2.3217322826
, 2.3358218670
, 2.3495304585
, 2.3632392883
, 2.3769481182
, 2.3906569481
, 2.4043655396
, 2.4180743694
, 2.4321639538
, 2.4458727837
, 2.4595816135
, 2.4732902050
, 2.4873797894
, 2.5010886192
, 2.5182244778
, 2.5292677879
, 2.5429766178
, 2.5566852093
, 2.5703940392
, 2.5841028690
, 2.5978116989
, 2.6119010448
, 2.6256098747
, 2.6393187046
, 2.6530275345
, 2.6671171188
, 2.6808257103
, 2.6945345402
, 2.7078626156
, 2.7215712070
, 2.7390880585
, 2.7497503757
, 2.7630784512
, 2.7771680355
, 2.7908766270
, 2.8045854568
, 2.8182942867
, 2.8320031166
, 2.8457117081
, 2.8598012924
, 2.8735101223
, 2.8872189522
, 2.9013085365
, 2.9150171280
, 2.9287259579
, 2.9424347878
, 2.9603323936
, 2.9706139565
, 2.9839417934
, 2.9976506233
, 3.0113594532
, 3.0254490376
, 3.0391578674
, 3.0532472134
, 3.0665752888
, 3.0806648731
, 3.0943737030
, 3.1080822945
, 3.1217911243
, 3.1354999542
, 3.1495895386
, 3.1632983685
, 3.1811957359
, 3.1918582916
, 3.2048053741
, 3.2188949585
, 3.2322227955
, 3.2463123798
, 3.2600212097
, 3.2737300396
, 3.2874388695
, 3.3015284538
, 3.3152370453
, 3.3289458752
, 3.3426547050
, 3.3563632965
, 3.3704528809
, 3.3841617107
, 3.4020593166
, 3.4131023884
, 3.4260497093
, 3.4397583008
, 3.4534671307
, 3.4675567150
, 3.4812655449
, 3.4949743748
, 3.5086829662
, 3.5223917961
, 3.5361006260
, 3.5501902103
, 3.5638990402
, 3.5776076317
, 3.5913164616
, 3.6046445370
, 3.6233036518
, 3.6335852146
, 3.6461515427
, 3.6598603725
, 3.6739499569
, 3.6876585484
, 3.7013673782
, 3.7150762081
, 3.7287850380
, 3.7428746223
, 3.7565832138
, 3.7702920437
, 3.7840008736
, 3.7980904579
, 3.8117990494
, 3.8255078793
, 3.8445479870
, 3.8544485569
, 3.8670151234
, 3.8807237148
, 3.8944325447
, 3.9081413746
, 3.9222309589
, 3.9359395504
, 3.9496483803
, 3.9633572102
, 3.9774467945
, 3.9911556244
, 4.0048642159
, 4.0189538002
, 4.0326623917
, 4.0463714600
, 4.0650305748
, 4.0753121376
, 4.0878787041
, 4.1015872955
, 4.1152958870
, 4.1290049553
, 4.1427135468
, 4.1568031311
, 4.1705117226
, 4.1842207909
, 4.1979293823
, 4.2116379738
, 4.2257275581
, 4.2394366264
, 4.2531452179
, 4.2672348022
, 4.2855134010
, 4.2969369888
, 4.3087420464
, 4.3224506378
, 4.3365402222
, 4.3502492905
, 4.3639578819
, 4.3776664734
, 4.3913755417
, 4.4054651260
, 4.4191737175
, 4.4332633018
, 4.4469718933
, 4.4606809616
, 4.4743895531
, 4.4877176285
, 4.5067577362
, 4.5174198151
, 4.5292248726
, 4.5429334641
, 4.5570230484
, 4.5707316399
, 4.5844407082
, 4.5981492996
, 4.6118578911
, 4.6259474754
, 4.6396565437
, 4.6533651352
, 4.6670737267
, 4.6811633110
, 4.6948723793
, 4.7085809708
, 4.7280015945
, 4.7401871681
, 4.7500882149
, 4.7637968063
, 4.7775058746
, 4.7912144661
, 4.8049230576
, 4.8190126419
, 4.8327217102
, 4.8464303017
, 4.8601388931
, 4.8738479614
, 4.8879375458
, 4.9016461372
, 4.9153547287
, 4.9290637970
, 4.9431533813
, 4.9568619728
, 4.9728555679
, 4.9842796326
, 4.9979882240
, 5.0120778084
, 5.0257868767
, 5.0394954681
, 5.0532040596
, 5.0672936440
, 5.0810027122
, 5.0947113037
, 5.1084198952
, 5.1236519814
, 5.1362185478
, 5.1499271393
, 5.1636362076
, 5.1796293259
, 5.1918148994
, 5.2055239677
, 5.2192325592
, 5.2333221436
, 5.2470312119
, 5.2607398033
, 5.2744483948
, 5.2881574631
, 5.3018660545
, 5.3159556389
, 5.3296642303
, 5.3433732986
, 5.3567008972
, 5.3704099655
, 5.3841185570
, 5.3982081413
, 5.4138212204
, 5.4256258011
, 5.4393343925
, 5.4534239769
, 5.4671330452
, 5.4812226295
, 5.4949312210
, 5.5086398125
, 5.5227293968
, 5.5360574722
, 5.5497660637
, 5.5634751320
, 5.5771837234
, 5.5908927917
, 5.6046013832
, 5.6186909676
, 5.6343035698
, 5.6461086273
, 5.6598172188
, 5.6735258102
, 5.6872348785
, 5.7013244629
, 5.7150330544
, 5.7287416458
, 5.7424507141
, 5.7561593056
, 5.7698683739
, 5.7839579582
, 5.7976665497
, 5.8113751411
, 5.8254647255
, 5.8391737938
, 5.8547863960
, 5.8665909767
, 5.8803000450
, 5.8940086365
, 5.9077172279
, 5.9218068123
, 5.9355158806
, 5.9492244720
, 5.9629335403
, 5.9766421318
, 5.9903507233
, 6.0044403076
, 6.0181493759
, 6.0318579674
, 6.0455665588
, 6.0596561432
, 6.0737457275
, 6.0874547958
, 6.1011633873
, 6.1148719788
, 6.1289615631
, 6.1426706314
, 6.1563792229
, 6.1700878143
, 6.1837968826
, 6.1975054741
, 6.2112145424
, 6.2249231339
, 6.2386317253
, 6.2523407936
, 6.2660493851
, 6.2801389694
, 6.2934670448
, 6.3071756363
, 6.3212652206
, 6.3349738121
, 6.3486828804
, 6.3623914719
, 6.3761005402
, 6.3898091316
, 6.4038987160
, 6.4176073074
, 6.4313163757
, 6.4450249672
, 6.4587335587
, 6.4728231430
, 6.4865322113
, 6.5002408028
, 6.5139493942
, 6.5276584625
, 6.5413670540
, 6.5554566383
, 6.5691657066
, 6.5828742981
, 6.5965828896
, 6.6102919579
, 6.6240005493
, 6.6380901337
, 6.6517987251
, 6.6655077934
, 6.6792163849
, 6.6929249763
, 6.7066340446
, 6.7207236290
, 6.7344322205
, 6.7481412888
, 6.7618498802
, 6.7755584717
, 6.7892675400
, 6.8033571243
, 6.8170657158
, 6.8307743073
, 6.8444833755
, 6.8581919670
, 6.8719005585
, 6.8859901428
, 6.8996992111
, 6.9134078026
, 6.9271168709
