StateVariable_6=[30.0000000000
, 29.9988574982
, 29.9977149963
, 29.9954299927
, 29.9920024872
, 29.9874343872
, 29.9828643799
, 29.9760093689
, 29.9691543579
, 29.9611587524
, 29.9531612396
, 29.9440231323
, 29.9325981140
, 29.9223175049
, 29.9097499847
, 29.8971843719
, 29.8834762573
, 29.8686237335
, 29.8526306152
, 29.8343524933
, 29.8195018768
, 29.8012237549
, 29.7818012238
, 29.7623806000
, 29.7418174744
, 29.7201118469
, 29.6972656250
, 29.6732749939
, 29.6492843628
, 29.6241512299
, 29.5978755951
, 29.5716018677
, 29.5441837311
, 29.5156230927
, 29.4870643616
, 29.4539337158
, 29.4265155792
, 29.3956718445
, 29.3648262024
, 29.3328399658
, 29.3008537292
, 29.2677230835
, 29.2345943451
, 29.2014636993
, 29.1671924591
, 29.1329212189
, 29.0986480713
, 29.0632343292
, 29.0278205872
, 28.9924049377
, 28.9569911957
, 28.9170074463
, 28.8838787079
, 28.8484630585
, 28.8119068146
, 28.7742080688
, 28.7376518250
, 28.6999511719
, 28.6633949280
, 28.6245536804
, 28.5879974365
, 28.5502986908
, 28.5125980377
, 28.4737567902
, 28.4360580444
, 28.3972167969
, 28.3595180511
, 28.3138217926
, 28.2806911469
, 28.2418498993
, 28.2030086517
, 28.1641674042
, 28.1253261566
, 28.0864849091
, 28.0476436615
, 28.0076599121
, 27.9688167572
, 27.9288330078
, 27.8899917603
, 27.8500080109
, 27.8111667633
, 27.7723255157
, 27.7323417664
, 27.6889305115
, 27.6535167694
, 27.6135311127
, 27.5735473633
, 27.5335636139
, 27.4935798645
, 27.4547386169
, 27.4147548676
, 27.3747711182
, 27.3336448669
, 27.2936611176
, 27.2536773682
, 27.2136936188
, 27.1737098694
, 27.1337242126
, 27.0925979614
, 27.0457611084
, 27.0114879608
, 26.9715042114
, 26.9303779602
, 26.8903942108
, 26.8504104614
, 26.8104267120
, 26.7693004608
, 26.7293167114
, 26.6893329620
, 26.6482067108
, 26.6070804596
, 26.5670967102
, 26.5271129608
, 26.4859867096
, 26.4460029602
, 26.3957366943
, 26.3637485504
, 26.3237648010
, 26.2814960480
, 26.2415122986
, 26.2015285492
, 26.1604022980
, 26.1192760468
, 26.0792922974
, 26.0381660461
, 25.9970397949
, 25.9570560455
, 25.9159297943
, 25.8748035431
, 25.8336772919
, 25.7925510406
, 25.7434272766
, 25.7102985382
, 25.6703147888
, 25.6291885376
, 25.5880622864
, 25.5469360352
, 25.5058078766
, 25.4646835327
, 25.4235553741
, 25.3824291229
, 25.3424453735
, 25.3013191223
, 25.2601928711
, 25.2190666199
, 25.1779403687
, 25.1368141174
, 25.0876922607
, 25.0534191132
, 25.0134353638
, 24.9723091125
, 24.9311828613
, 24.8900566101
, 24.8489303589
, 24.8066616058
, 24.7655353546
, 24.7244091034
, 24.6832828522
, 24.6421566010
, 24.6010303497
, 24.5599040985
, 24.5187778473
, 24.4776515961
, 24.4239578247
, 24.3953990936
, 24.3542728424
, 24.3142890930
, 24.2731628418
, 24.2320365906
, 24.1909103394
, 24.1486415863
, 24.1075153351
, 24.0663890839
, 24.0252628326
, 23.9841365814
, 23.9430084229
, 23.9018821716
, 23.8607578278
, 23.8196296692
, 23.7670803070
, 23.7362346649
, 23.6951084137
, 23.6539821625
, 23.6128559113
, 23.5717296600
, 23.5294609070
, 23.4883346558
, 23.4483509064
, 23.4060821533
, 23.3649559021
, 23.3238296509
, 23.2827033997
, 23.2415771484
, 23.2004508972
, 23.1581821442
, 23.1067752838
, 23.0759296417
, 23.0348033905
, 22.9925346375
, 22.9514083862
, 22.9102821350
, 22.8691558838
, 22.8280296326
, 22.7869033813
, 22.7457771301
, 22.7035083771
, 22.6623821259
, 22.6212558746
, 22.5801296234
, 22.5378608704
, 22.4967346191
, 22.4453258514
, 22.4121971130
, 22.3710708618
, 22.3299446106
, 22.2888183594
, 22.2476921082
, 22.2065658569
, 22.1642971039
, 22.1231708527
, 22.0820446014
, 22.0409183502
, 21.9986495972
, 21.9575233459
, 21.9163970947
, 21.8764114380
, 21.8352870941
, 21.7827358246
, 21.7507495880
, 21.7107639313
, 21.6684951782
, 21.6273708344
, 21.5862445831
, 21.5451164246
, 21.5039901733
, 21.4628658295
, 21.4205970764
, 21.3794689178
, 21.3383426666
, 21.2960739136
, 21.2549495697
, 21.2138214111
, 21.1726951599
, 21.1190032959
, 21.0881576538
, 21.0481739044
, 21.0070476532
, 20.9659214020
, 20.9236526489
, 20.8825263977
, 20.8402576447
, 20.8002738953
, 20.7580051422
, 20.7168788910
, 20.6757526398
, 20.6346263885
, 20.5935001373
, 20.5512313843
, 20.5101051331
, 20.4564132690
, 20.4244251251
, 20.3855838776
, 20.3433151245
, 20.3033313751
, 20.2610626221
, 20.2199363708
, 20.1788101196
, 20.1376838684
, 20.0954151154
, 20.0542888641
, 20.0131626129
, 19.9720363617
, 19.9309101105
, 19.8886413574
, 19.8475151062
, 19.7938213348
, 19.7606925964
, 19.7218513489
, 19.6807250977
, 19.6395988464
, 19.5973300934
, 19.5562038422
, 19.5150775909
, 19.4739513397
, 19.4328250885
, 19.3916988373
, 19.3494300842
, 19.3083038330
, 19.2671775818
, 19.2260513306
, 19.1860656738
, 19.1300888062
, 19.0992450714
, 19.0615463257
, 19.0204181671
, 18.9781494141
, 18.9370250702
, 18.8958988190
, 18.8547706604
, 18.8136444092
, 18.7713756561
, 18.7302513123
, 18.6891231537
, 18.6479969025
, 18.6057281494
, 18.5646038055
, 18.5234756470
, 18.4663562775
, 18.4366550446
, 18.3989543915
, 18.3578281403
, 18.3167018890
, 18.2755756378
, 18.2333068848
, 18.1921806335
, 18.1510543823
, 18.1099281311
, 18.0676593781
, 18.0265331268
, 17.9854068756
, 17.9431381226
, 17.9020137787
, 17.8608856201
, 17.8049087524
, 17.7740631104
, 17.7363643646
, 17.6952381134
, 17.6541118622
, 17.6129856110
, 17.5718593597
, 17.5295906067
, 17.4884643555
, 17.4473381042
, 17.4062118530
, 17.3650856018
, 17.3228168488
, 17.2816905975
, 17.2405643463
, 17.1982955933
, 17.1434593201
, 17.1091899872
, 17.0737743378
, 17.0326480865
, 16.9903793335
, 16.9492530823
, 16.9081268311
, 16.8670005798
, 16.8258743286
, 16.7836055756
, 16.7424793243
, 16.7002105713
, 16.6590843201
, 16.6179580688
, 16.5768318176
, 16.5368480682
, 16.4797267914
, 16.4477405548
, 16.4123249054
, 16.3712005615
, 16.3289318085
, 16.2878055573
, 16.2466773987
, 16.2055530548
, 16.1644268036
, 16.1221580505
, 16.0810298920
, 16.0399055481
, 15.9987792969
, 15.9565105438
, 15.9153833389
, 15.8742570877
, 15.8159952164
, 15.7794389725
, 15.7497358322
, 15.7086095810
, 15.6674823761
, 15.6263570786
, 15.5852308273
, 15.5429620743
, 15.5018348694
, 15.4607095718
, 15.4195833206
, 15.3784561157
, 15.3361873627
, 15.2950620651
, 15.2539358139
, 15.2128086090
, 15.1705398560
, 15.1294145584
, 15.0814332962
, 15.0471611023
, 15.0060358047
, 14.9637670517
, 14.9226398468
, 14.8815135956
, 14.8403882980
, 14.7981195450
, 14.7569923401
, 14.7158660889
, 14.6747407913
, 14.6290445328
, 14.5913448334
, 14.5502185822
, 14.5090913773
, 14.4611120224
, 14.4245557785
, 14.3834285736
, 14.3423023224
, 14.3000335693
, 14.2589063644
, 14.2177810669
, 14.1766548157
, 14.1355276108
, 14.0944023132
, 14.0521335602
, 14.0110073090
, 13.9698801041
, 13.9298973083
, 13.8887701035
, 13.8476448059
, 13.8053760529
, 13.7585363388
, 13.7231225967
, 13.6819972992
, 13.6397285461
, 13.5986013412
, 13.5563325882
, 13.5152063370
, 13.4740810394
, 13.4318122864
, 13.3918275833
, 13.3507022858
, 13.3095750809
, 13.2684488297
, 13.2273216248
, 13.1861963272
, 13.1439275742
, 13.0970897675
, 13.0616741180
, 13.0205488205
, 12.9794225693
, 12.9382953644
, 12.8960266113
, 12.8549013138
, 12.8137750626
, 12.7726478577
, 12.7315225601
, 12.6903953552
, 12.6481266022
, 12.6070003510
, 12.5658750534
, 12.5236063004
, 12.4824790955
, 12.4356412888
, 12.4002275467
, 12.3591003418
, 12.3179740906
, 12.2768487930
, 12.2345800400
, 12.1934528351
, 12.1523265839
, 12.1111993790
, 12.0700740814
, 12.0289478302
, 11.9866790771
, 11.9455518723
, 11.9044265747
, 11.8633003235
, 11.8210315704
, 11.7787628174
, 11.7376356125
, 11.6965103149
, 11.6553840637
, 11.6131153107
, 11.5719881058
, 11.5308628082
, 11.4897365570
, 11.4486093521
, 11.4074840546
, 11.3663568497
, 11.3252305984
, 11.2841053009
, 11.2429780960
, 11.2018518448
, 11.1595830917
, 11.1195993423
, 11.0784730911
, 11.0362043381
, 10.9950790405
, 10.9539518356
, 10.9128255844
, 10.8716983795
, 10.8305730820
, 10.7883043289
, 10.7471780777
, 10.7060508728
, 10.6649255753
, 10.6237993240
, 10.5815305710
