StateVariable_7=[10.0000000000
, 9.9996194839
, 9.9992380142
, 9.9984769821
, 9.9973344803
, 9.9958114624
, 9.9942884445
, 9.9920034409
, 9.9897184372
, 9.9870529175
, 9.9843873978
, 9.9813404083
, 9.9775323868
, 9.9741058350
, 9.9699172974
, 9.9657278061
, 9.9611587524
, 9.9562082291
, 9.9508771896
, 9.9447841644
, 9.9398336411
, 9.9337406158
, 9.9272670746
, 9.9207935333
, 9.9139394760
, 9.9067039490
, 9.8990879059
, 9.8910913467
, 9.8830947876
, 9.8747167587
, 9.8659591675
, 9.8572006226
, 9.8480615616
, 9.8385410309
, 9.8290214539
, 9.8179779053
, 9.8088388443
, 9.7985572815
, 9.7882757187
, 9.7776136398
, 9.7669506073
, 9.7559080124
, 9.7448644638
, 9.7338218689
, 9.7223978043
, 9.7109737396
, 9.6995496750
, 9.6877450943
, 9.6759395599
, 9.6641349792
, 9.6523303986
, 9.6390028000
, 9.6279592514
, 9.6161546707
, 9.6039686203
, 9.5914030075
, 9.5792169571
, 9.5666503906
, 9.5544652939
, 9.5415182114
, 9.5293321609
, 9.5167655945
, 9.5041999817
, 9.4912519455
, 9.4786863327
, 9.4657392502
, 9.4531726837
, 9.4379405975
, 9.4268970490
, 9.4139499664
, 9.4010028839
, 9.3880558014
, 9.3751087189
, 9.3621616364
, 9.3492145538
, 9.3358860016
, 9.3229389191
, 9.3096113205
, 9.2966642380
, 9.2833356857
, 9.2703886032
, 9.2574415207
, 9.2441139221
, 9.2296438217
, 9.2178382874
, 9.2045106888
, 9.1911830902
, 9.1778545380
, 9.1645269394
, 9.1515798569
, 9.1382513046
, 9.1249237061
, 9.1112146378
, 9.0978870392
, 9.0845584869
, 9.0712308884
, 9.0579032898
, 9.0445747375
, 9.0308666229
, 9.0152530670
, 9.0038299561
, 8.9905014038
, 8.9767923355
, 8.9634647369
, 8.9501371384
, 8.9368085861
, 8.9231004715
, 8.9097719193
, 8.8964443207
, 8.8827352524
, 8.8690261841
, 8.8556985855
, 8.8423709869
, 8.8286619186
, 8.8153343201
, 8.7985792160
, 8.7879161835
, 8.7745885849
, 8.7604990005
, 8.7471714020
, 8.7338428497
, 8.7201337814
, 8.7064256668
, 8.6930971146
, 8.6793889999
, 8.6656799316
, 8.6523523331
, 8.6386432648
, 8.6249341965
, 8.6112260818
, 8.5975170135
, 8.5811424255
, 8.5700988770
, 8.5567712784
, 8.5430622101
, 8.5293540955
, 8.5156450272
, 8.5019359589
, 8.4882278442
, 8.4745187759
, 8.4608097076
, 8.4474821091
, 8.4337730408
, 8.4200649261
, 8.4063558578
, 8.3926467896
, 8.3789377213
, 8.3625640869
, 8.3511400223
, 8.3378114700
, 8.3241033554
, 8.3103942871
, 8.2966852188
, 8.2829771042
, 8.2688875198
, 8.2551784515
, 8.2414693832
, 8.2277612686
, 8.2140522003
, 8.2003431320
, 8.1866350174
, 8.1729259491
, 8.1592168808
, 8.1413192749
, 8.1317996979
, 8.1180906296
, 8.1047630310
, 8.0910539627
, 8.0773448944
, 8.0636367798
, 8.0495471954
, 8.0358381271
, 8.0221290588
, 8.0084209442
, 7.9947118759
, 7.9810032845
, 7.9672942162
, 7.9535856247
, 7.9398770332
, 7.9223599434
, 7.9120783806
, 7.8983697891
, 7.8846611977
, 7.8709521294
, 7.8572435379
, 7.8431539536
, 7.8294453621
, 7.8161172867
, 7.8020277023
, 7.7883186340
, 7.7746100426
, 7.7609014511
, 7.7471923828
, 7.7334837914
, 7.7193942070
, 7.7022581100
, 7.6919765472
, 7.6782679558
, 7.6641783714
, 7.6504697800
, 7.6367607117
, 7.6230521202
, 7.6093430519
, 7.5956344604
, 7.5819258690
, 7.5678362846
, 7.5541272163
, 7.5404186249
, 7.5267100334
, 7.5126204491
, 7.4989113808
, 7.4817757607
, 7.4707322121
, 7.4570236206
, 7.4433150291
, 7.4296059608
, 7.4158973694
, 7.4021883011
, 7.3880991936
, 7.3743901253
, 7.3606815338
, 7.3469724655
, 7.3328828812
, 7.3191742897
, 7.3054656982
, 7.2921376228
, 7.2784290314
, 7.2609119415
, 7.2502498627
, 7.2369217873
, 7.2228322029
, 7.2091236115
, 7.1954145432
, 7.1817059517
, 7.1679968834
, 7.1542882919
, 7.1401987076
, 7.1264901161
, 7.1127810478
, 7.0986914635
, 7.0849828720
, 7.0712742805
, 7.0575652122
, 7.0396676064
, 7.0293860435
, 7.0160584450
, 7.0023493767
, 6.9886407852
, 6.9745512009
, 6.9608421326
, 6.9467530251
, 6.9334249496
, 6.9193353653
, 6.9056262970
, 6.8919177055
, 6.8782091141
, 6.8645000458
, 6.8504104614
, 6.8367018700
, 6.8188042641
, 6.8081417084
, 6.7951946259
, 6.7811050415
, 6.7677774429
, 6.7536878586
, 6.7399787903
, 6.7262701988
, 6.7125611305
, 6.6984715462
, 6.6847629547
, 6.6710543633
, 6.6573452950
, 6.6436367035
, 6.6295471191
, 6.6158385277
, 6.5979409218
, 6.5868978500
, 6.5739502907
, 6.5602416992
, 6.5465331078
, 6.5324435234
, 6.5187344551
, 6.5050258636
, 6.4913172722
, 6.4776082039
, 6.4638996124
, 6.4498100281
, 6.4361009598
, 6.4223923683
, 6.4086837769
, 6.3953557014
, 6.3766965866
, 6.3664150238
, 6.3538484573
, 6.3401398659
, 6.3260502815
, 6.3123416901
, 6.2986326218
, 6.2849240303
, 6.2712149620
, 6.2571253777
, 6.2434167862
, 6.2297081947
, 6.2159991264
, 6.2019095421
, 6.1882009506
, 6.1744923592
, 6.1554522514
, 6.1455516815
, 6.1329851151
, 6.1192765236
, 6.1055674553
, 6.0918588638
, 6.0777692795
, 6.0640606880
, 6.0503516197
, 6.0366430283
, 6.0225534439
, 6.0088443756
, 5.9951357841
, 5.9810461998
, 5.9673376083
, 5.9536285400
, 5.9349694252
, 5.9246878624
, 5.9121212959
, 5.8984127045
, 5.8847041130
, 5.8709950447
, 5.8572864532
, 5.8431968689
, 5.8294882774
, 5.8157792091
, 5.8020706177
, 5.7883620262
, 5.7742724419
, 5.7605633736
, 5.7468547821
, 5.7327651978
, 5.7144865990
, 5.7030630112
, 5.6912579536
, 5.6775493622
, 5.6634597778
, 5.6497507095
, 5.6360421181
, 5.6223335266
, 5.6086244583
, 5.5945348740
, 5.5808262825
, 5.5667366982
, 5.5530281067
, 5.5393190384
, 5.5256104469
, 5.5122823715
, 5.4932422638
, 5.4825801849
, 5.4707751274
, 5.4570665359
, 5.4429769516
, 5.4292683601
, 5.4155592918
, 5.4018507004
, 5.3881421089
, 5.3740525246
, 5.3603434563
, 5.3466348648
, 5.3329262733
, 5.3188366890
, 5.3051276207
, 5.2914190292
, 5.2719984055
, 5.2598128319
, 5.2499117851
, 5.2362031937
, 5.2224941254
, 5.2087855339
, 5.1950769424
, 5.1809873581
, 5.1672782898
, 5.1535696983
, 5.1398611069
, 5.1261520386
, 5.1120624542
, 5.0983538628
, 5.0846452713
, 5.0709362030
, 5.0568466187
, 5.0431380272
, 5.0271444321
, 5.0157203674
, 5.0020117760
, 4.9879221916
, 4.9742131233
, 4.9605045319
, 4.9467959404
, 4.9327063560
, 4.9189972878
, 4.9052886963
, 4.8915801048
, 4.8763480186
, 4.8637814522
, 4.8500728607
, 4.8363637924
, 4.8203706741
, 4.8081851006
, 4.7944760323
, 4.7807674408
, 4.7666778564
, 4.7529687881
, 4.7392601967
, 4.7255516052
, 4.7118425369
, 4.6981339455
, 4.6840443611
, 4.6703357697
, 4.6566267014
, 4.6432991028
, 4.6295900345
, 4.6158814430
, 4.6017918587
, 4.5861787796
, 4.5743741989
, 4.5606656075
, 4.5465760231
, 4.5328669548
, 4.5187773705
, 4.5050687790
, 4.4913601875
, 4.4772706032
, 4.4639425278
, 4.4502339363
, 4.4365248680
, 4.4228162766
, 4.4091072083
, 4.3953986168
, 4.3813090324
, 4.3656964302
, 4.3538913727
, 4.3401827812
, 4.3264741898
, 4.3127651215
, 4.2986755371
, 4.2849669456
, 4.2712583542
, 4.2575492859
, 4.2438406944
, 4.2301316261
, 4.2160420418
, 4.2023334503
, 4.1886248589
, 4.1745352745
, 4.1608262062
, 4.1452136040
, 4.1334090233
, 4.1196999550
, 4.1059913635
, 4.0922827721
, 4.0781931877
, 4.0644841194
, 4.0507755280
, 4.0370664597
, 4.0233578682
, 4.0096492767
, 3.9955596924
, 3.9818506241
, 3.9681420326
, 3.9544334412
, 3.9403438568
, 3.9262542725
, 3.9125452042
, 3.8988366127
, 3.8851280212
, 3.8710384369
, 3.8573293686
, 3.8436207771
, 3.8299121857
, 3.8162031174
, 3.8024945259
, 3.7887854576
, 3.7750768661
, 3.7613682747
, 3.7476592064
, 3.7339506149
, 3.7198610306
, 3.7065329552
, 3.6928243637
, 3.6787347794
, 3.6650261879
, 3.6513171196
, 3.6376085281
, 3.6238994598
, 3.6101908684
, 3.5961012840
, 3.5823926926
, 3.5686836243
, 3.5549750328
, 3.5412664413
, 3.5271768570
, 3.5134677887
, 3.4997591972
, 3.4860506058
, 3.4723415375
, 3.4586329460
, 3.4445433617
, 3.4308342934
, 3.4171257019
, 3.4034171104
, 3.3897080421
, 3.3759994507
, 3.3619098663
, 3.3482012749
, 3.3344922066
, 3.3207836151
, 3.3070750237
, 3.2933659554
, 3.2792763710
, 3.2655677795
, 3.2518587112
, 3.2381501198
, 3.2244415283
, 3.2107324600
, 3.1966428757
, 3.1829342842
, 3.1692256927
, 3.1555166245
, 3.1418080330
, 3.1280994415
, 3.1140098572
, 3.1003007889
, 3.0865921974
, 3.0728831291
