StateVariable_8=[30.0000000000
, 29.9964122772
, 29.9827346802
, 29.9544658661
, 29.9047546387
, 29.8246498108
, 29.7130870819
, 29.5711517334
, 29.3978137970
, 29.1977920532
, 28.9779243469
, 28.7462615967
, 28.5015544891
, 28.2432727814
, 27.9756774902
, 27.6998806000
, 27.4186801910
, 27.1315708160
, 26.8359336853
, 26.5306892395
, 26.2282676697
, 25.9241638184
, 25.6182422638
, 25.3099746704
, 25.0033569336
, 24.6977748871
, 24.3897228241
, 24.0756893158
, 23.7566204071
, 23.4373970032
, 23.1187191010
, 22.8007698059
, 22.4870052338
, 22.1764068604
, 21.8682594299
, 21.5607147217
, 21.2615966797
, 20.9615764618
, 20.6692905426
, 20.3883342743
, 20.1188068390
, 19.8595466614
, 19.6084003448
, 19.3677845001
, 19.1386222839
, 18.9181709290
, 18.7069187164
, 18.5049896240
, 18.3089656830
, 18.1193943024
, 17.9396953583
, 17.7654933929
, 17.6023864746
, 17.4452610016
, 17.3015041351
, 17.1641750336
, 17.0287132263
, 16.8967857361
, 16.7702713013
, 16.6493968964
, 16.5328063965
, 16.4237098694
, 16.3216705322
, 16.2215290070
, 16.1207370758
, 16.0214519501
, 15.9247016907
, 15.8251819611
, 15.7375640869
, 15.6452884674
, 15.5560550690
, 15.4705171585
, 15.3901720047
, 15.3138504028
, 15.2406272888
, 15.1689472198
, 15.0954427719
, 15.0239953995
, 14.9527235031
, 14.8818235397
, 14.8127889633
, 14.7478590012
, 14.6853370667
, 14.6195135117
, 14.5653657913
, 14.5091505051
, 14.4513835907
, 14.3898267746
, 14.3264465332
, 14.2671995163
, 14.2154417038
, 14.1661052704
, 14.1131820679
, 14.0542135239
, 13.9915590286
, 13.9303998947
, 13.8733377457
, 13.8205318451
, 13.7682142258
, 13.7061796188
, 13.6561336517
, 13.6007022858
, 13.5460004807
, 13.4919795990
, 13.4406442642
, 13.3947906494
, 13.3509912491
, 13.3057031631
, 13.2559928894
, 13.2054023743
, 13.1516819000
, 13.0976343155
, 13.0467281342
, 13.0010528564
, 12.9598407745
, 12.9075088501
, 12.8665542603
, 12.8158321381
, 12.7662200928
, 12.7159719467
, 12.6669168472
, 12.6210565567
, 12.5740242004
, 12.5269260406
, 12.4821567535
, 12.4361104965
, 12.3899621964
, 12.3469190598
, 12.3030405045
, 12.2556676865
, 12.2047348022
, 12.1442117691
, 12.1002101898
, 12.0483074188
, 12.0012903214
, 11.9570341110
, 11.9114456177
, 11.8642425537
, 11.8157253265
, 11.7667188644
, 11.7189025879
, 11.6769466400
, 11.6394071579
, 11.6026716232
, 11.5646514893
, 11.5233554840
, 11.4795989990
, 11.4290704727
, 11.3903665543
, 11.3414659500
, 11.2957019806
, 11.2497310638
, 11.2022371292
, 11.1559104919
, 11.1109514236
, 11.0643730164
, 11.0163116455
, 10.9696111679
, 10.9255599976
, 10.8831777573
, 10.8408813477
, 10.7992229462
, 10.7574510574
, 10.7053785324
, 10.6777086258
, 10.6356449127
, 10.5948209763
, 10.5581645966
, 10.5228061676
, 10.4865903854
, 10.4457588196
, 10.3983926773
, 10.3472557068
, 10.2975816727
, 10.2509841919
, 10.2072219849
, 10.1654872894
, 10.1257457733
, 10.0873603821
, 10.0374708176
, 10.0047292709
, 9.9562721252
, 9.9074945450
, 9.8617544174
, 9.8192577362
, 9.7766294479
, 9.7308492661
, 9.6868333817
, 9.6465139389
, 9.6041936874
, 9.5609874725
, 9.5193090439
, 9.4798393250
, 9.4422874451
, 9.4024343491
, 9.3468008041
, 9.3119840622
, 9.2699413300
, 9.2257156372
, 9.1775579453
, 9.1294088364
, 9.0847949982
, 9.0441379547
, 9.0070066452
, 8.9725408554
, 8.9353942871
, 8.8918676376
, 8.8466262817
, 8.8037424088
, 8.7606744766
, 8.7147426605
, 8.6607418060
, 8.6258831024
, 8.5828304291
, 8.5352973938
, 8.4886884689
, 8.4471149445
, 8.4088878632
, 8.3685073853
, 8.3241977692
, 8.2793436050
, 8.2399415970
, 8.2008342743
, 8.1578855515
, 8.1136779785
, 8.0726375580
, 8.0377321243
, 7.9944171906
, 7.9690861702
, 7.9319162369
, 7.8886089325
, 7.8403735161
, 7.7917966843
, 7.7472763062
, 7.7073311806
, 7.6711893082
, 7.6340427399
, 7.5917005539
, 7.5484108925
, 7.5045161247
, 7.4573268890
, 7.4110832214
, 7.3690619469
, 7.3176074028
, 7.2893481255
, 7.2547731400
, 7.2171177864
, 7.1798892021
, 7.1400847435
, 7.0957441330
, 7.0486955643
, 7.0034165382
, 6.9608139992
, 6.9169139862
, 6.8741059303
, 6.8347964287
, 6.7989225388
, 6.7618722916
, 6.7196187973
, 6.6636843681
, 6.6284017563
, 6.5839233398
, 6.5383272171
, 6.4984107018
, 6.4571080208
, 6.4123802185
, 6.3686456680
, 6.3286566734
, 6.2891449928
, 6.2465915680
, 6.2049760818
, 6.1673293114
, 6.1317272186
, 6.0947122574
, 6.0529098511
, 5.9961452484
, 5.9589076042
, 5.9176936150
, 5.8743705750
, 5.8334579468
, 5.7932939529
, 5.7491936684
, 5.7041392326
, 5.6623229980
, 5.6237349510
, 5.5892758369
, 5.5534157753
, 5.5134449005
, 5.4724497795
, 5.4316258430
, 5.3937530518
, 5.3452610970
, 5.3196673393
, 5.2855310440
, 5.2496500015
, 5.2103691101
, 5.1648516655
, 5.1183872223
, 5.0750160217
, 5.0357346535
, 4.9966845512
, 4.9544725418
, 4.9095258713
, 4.8659558296
, 4.8219456673
, 4.7744808197
, 4.7279615402
, 4.6685123444
, 4.6384778023
, 4.6049904823
, 4.5670528412
, 4.5281777382
, 4.4908432961
, 4.4519457817
, 4.4075584412
, 4.3624920845
, 4.3204665184
, 4.2784581184
, 4.2329959869
, 4.1885027885
, 4.1452498436
, 4.1025886536
, 4.0598669052
, 4.0039238930
, 3.9759681225
, 3.9393756390
, 3.8938124180
, 3.8477647305
, 3.8052699566
, 3.7675230503
, 3.7296144962
, 3.6871478558
, 3.6443345547
, 3.6043617725
, 3.5677821636
, 3.5303313732
, 3.4880416393
, 3.4451601505
, 3.4016287327
, 3.3418052197
, 3.3023073673
, 3.2599618435
, 3.2176487446
, 3.1783926487
, 3.1373713017
, 3.0960433483
, 3.0579960346
, 3.0228588581
, 2.9848883152
, 2.9422614574
, 2.8945577145
, 2.8462851048
, 2.8008873463
, 2.7580630779
, 2.7194082737
, 2.6707279682
, 2.6456148624
, 2.6155383587
, 2.5832436085
, 2.5481626987
, 2.5075681210
, 2.4679744244
, 2.4282667637
, 2.3882081509
, 2.3459136486
, 2.2990262508
, 2.2524807453
, 2.2094390392
, 2.1667582989
, 2.1208293438
, 2.0759098530
, 2.0161316395
, 1.9776788950
, 1.9492393732
, 1.9089833498
, 1.8697234392
, 1.8330236673
, 1.7984877825
, 1.7620793581
, 1.7204619646
, 1.6772924662
, 1.6362868547
, 1.5982629061
, 1.5586320162
, 1.5138908625
, 1.4686661959
, 1.4264851809
, 1.3842622042
, 1.3388172388
, 1.2871028185
, 1.2503310442
, 1.2138353586
, 1.1779056787
, 1.1369806528
, 1.0948649645
, 1.0548940897
, 1.0140644312
, 0.9691407084
, 0.9248210788
, 0.8835455775
, 0.8401953578
, 0.8031346202
, 0.7588683963
, 0.7155267596
, 0.6560747027
, 0.5827233195
, 0.5324284434
, 0.5034715533
, 0.4799701571
, 0.4507200122
, 0.4167487025
, 0.3814470172
, 0.3458940387
, 0.3116557002
, 0.2741944194
, 0.2330343127
, 0.1906263232
, 0.1511890292
, 0.1174003482
, 0.0849158168
, 0.0494305454
, 0.0037748190
, -0.0345628895
, -0.0785678029
, -0.1214974523
, -0.1659758687
, -0.2143443227
, -0.2649191022
, -0.3134120107
, -0.3592417836
, -0.4010780454
, -0.4426148534
, -0.4804013371
, -0.5175741315
, -0.5535190701
, -0.5882876515
, -0.6243785024
, -0.6681063771
, -0.7029054761
, -0.7464802861
, -0.7896783948
, -0.8306081891
, -0.8728578687
, -0.9197381139
, -0.9666507840
, -1.0101288557
, -1.0497478247
, -1.0862926245
, -1.1243661642
, -1.1677159071
, -1.2120708227
, -1.2564252615
, -1.3007730246
, -1.3491433859
, -1.3841127157
, -1.4263242483
, -1.4673441648
, -1.5057243109
, -1.5450958014
, -1.5888942480
, -1.6331423521
, -1.6743687391
, -1.7128919363
, -1.7490423918
, -1.7870711088
, -1.8306931257
, -1.8752950430
, -1.9171723127
, -1.9574698210
, -1.9982613325
, -2.0431611538
, -2.0888159275
, -2.1314961910
, -2.1742837429
, -2.2201392651
, -2.2661573887
, -2.3100259304
, -2.3495900631
, -2.3858520985
, -2.4173328876
, -2.4480302334
, -2.4811966419
, -2.5187332630
, -2.5601251125
, -2.6044194698
, -2.6482050419
, -2.6869189739
, -2.7249324322
, -2.7682631016
, -2.8130466938
, -2.8556725979
, -2.8953177929
, -2.9327881336
, -2.9723808765
, -3.0176732540
, -3.0640065670
, -3.1076805592
, -3.1480023861
, -3.1891114712
, -3.2348449230
, -3.2801287174
, -3.3205068111
, -3.3586795330
, -3.3955509663
, -3.4348461628
, -3.4800264835
, -3.5261552334
, -3.5694143772
, -3.6090614796
, -3.6455647945
, -3.6837794781
, -3.7278559208
, -3.7731964588
, -3.8160531521
