StateVariable_9=[0.0000000000
, 0.0298944227
, 0.0598531738
, 0.0918175876
, 0.1204184890
, 0.1503415704
, 0.1799566001
, 0.2094774842
, 0.2389987558
, 0.2680009007
, 0.2971005738
, 0.3257749677
, 0.3547296822
, 0.3825945258
, 0.4106149375
, 0.4383397400
, 0.4655500650
, 0.4924537241
, 0.5190427303
, 0.5490675569
, 0.5718651414
, 0.5978748202
, 0.6233854890
, 0.6487385035
, 0.6736993194
, 0.6983773708
, 0.7227671146
, 0.7468620539
, 0.7706186771
, 0.7941146493
, 0.8171755672
, 0.8399763107
, 0.8624633551
, 0.8846397996
, 0.9064905047
, 0.9303668141
, 0.9493811131
, 0.9703594446
, 0.9909936190
, 1.0114003420
, 1.0315010548
, 1.0513446331
, 1.0709687471
, 1.0903365612
, 1.1094924212
, 1.1283783913
, 1.1471003294
, 1.1656053066
, 1.1839141846
, 1.2020499706
, 1.2199896574
, 1.2393344641
, 1.2554160357
, 1.2728315592
, 1.2900898457
, 1.3072677851
, 1.3242828846
, 1.3411796093
, 1.3579633236
, 1.3747658730
, 1.3911879063
, 1.4076116085
, 1.4239072800
, 1.4401288033
, 1.4562623501
, 1.4722709656
, 1.4881956577
, 1.5066083670
, 1.5200891495
, 1.5357859135
, 1.5513172150
, 1.5668526888
, 1.5822166204
, 1.5974141359
, 1.6127325296
, 1.6278119087
, 1.6430718899
, 1.6580703259
, 1.6729229689
, 1.6878672838
, 1.7025438547
, 1.7171175480
, 1.7317794561
, 1.7479807138
, 1.7610313892
, 1.7755637169
, 1.7899428606
, 1.8043326139
, 1.8186949492
, 1.8329507113
, 1.8471305370
, 1.8612966537
, 1.8755270243
, 1.8894758224
, 1.9034562111
, 1.9173977375
, 1.9312599897
, 1.9450805187
, 1.9588831663
, 1.9749002457
, 1.9864478111
, 2.0000145435
, 2.0136742592
, 2.0270867348
, 2.0405395031
, 2.0538780689
, 2.0673744678
, 2.0803449154
, 2.0936007500
, 2.1068181992
, 2.1201014519
, 2.1330561638
, 2.1461029053
, 2.1593003273
, 2.1721086502
, 2.1877548695
, 2.1978590488
, 2.2106955051
, 2.2236876488
, 2.2362217903
, 2.2488355637
, 2.2614564896
, 2.2740519047
, 2.2865474224
, 2.2990295887
, 2.3114657402
, 2.3238558769
, 2.3362026215
, 2.3485155106
, 2.3607714176
, 2.3729760647
, 2.3876366615
, 2.3972597122
, 2.4092683792
, 2.4213092327
, 2.4332268238
, 2.4451477528
, 2.4570024014
, 2.4688181877
, 2.4805943966
, 2.4924316406
, 2.5039708614
, 2.5156102180
, 2.5272614956
, 2.5388066769
, 2.5502920151
, 2.5619254112
, 2.5755121708
, 2.5848283768
, 2.5961325169
, 2.6073231697
, 2.6185166836
, 2.6297278404
, 2.6409964561
, 2.6522474289
, 2.6632740498
, 2.6743004322
, 2.6852974892
, 2.6962316036
, 2.7070603371
, 2.7179372311
, 2.7286639214
, 2.7395300865
, 2.7534234524
, 2.7608134747
, 2.7713959217
, 2.7819018364
, 2.7924337387
, 2.8029649258
, 2.8134431839
, 2.8239672184
, 2.8342957497
, 2.8446605206
, 2.8549582958
, 2.8652091026
, 2.8753991127
, 2.8855817318
, 2.8957076073
, 2.9058122635
, 2.9184854031
, 2.9258708954
, 2.9358112812
, 2.9457345009
, 2.9555885792
, 2.9654154778
, 2.9752576351
, 2.9849400520
, 2.9945695400
, 3.0042247772
, 3.0138204098
, 3.0233738422
, 3.0328931808
, 3.0423729420
, 3.0518152714
, 3.0612175465
, 3.0729477406
, 3.0799551010
, 3.0891556740
, 3.0984199047
, 3.1075744629
, 3.1167039871
, 3.1257805824
, 3.1348247528
, 3.1438469887
, 3.1528043747
, 3.1617398262
, 3.1706244946
, 3.1794712543
, 3.1882820129
, 3.1970424652
, 3.2058453560
, 3.2165474892
, 3.2234878540
, 3.2318544388
, 3.2403683662
, 3.2488925457
, 3.2573187351
, 3.2656636238
, 3.2740814686
, 3.2823424339
, 3.2907054424
, 3.2989172935
, 3.3071320057
, 3.3152694702
, 3.3233151436
, 3.3312859535
, 3.3393108845
, 3.3494174480
, 3.3555552959
, 3.3632268906
, 3.3711423874
, 3.3789498806
, 3.3867478371
, 3.3944890499
, 3.4021964073
, 3.4098675251
, 3.4175016880
, 3.4250872135
, 3.4326477051
, 3.4401521683
, 3.4476037025
, 3.4550147057
, 3.4623837471
, 3.4718008041
, 3.4773290157
, 3.4842550755
, 3.4914901257
, 3.4986464977
, 3.5058043003
, 3.5129058361
, 3.5200138092
, 3.5269463062
, 3.5339016914
, 3.5408186913
, 3.5476927757
, 3.5545275211
, 3.5613265038
, 3.5680828094
, 3.5748133659
, 3.5834445953
, 3.5885055065
, 3.5947299004
, 3.6014277935
, 3.6077351570
, 3.6141922474
, 3.6206097603
, 3.6269731522
, 3.6333019733
, 3.6396017075
, 3.6458482742
, 3.6520795822
, 3.6582102776
, 3.6643471718
, 3.6704521179
, 3.6764898300
, 3.6842164993
, 3.6890206337
, 3.6945357323
, 3.7003955841
, 3.7062487602
, 3.7120368481
, 3.7177526951
, 3.7234659195
, 3.7290954590
, 3.7347474098
, 3.7403130531
, 3.7458944321
, 3.7514078617
, 3.7568528652
, 3.7622437477
, 3.7675828934
, 3.7747263908
, 3.7786939144
, 3.7835712433
, 3.7887947559
, 3.7940051556
, 3.7991700172
, 3.8042883873
, 3.8093719482
, 3.8144078255
, 3.8194463253
, 3.8243548870
, 3.8292603493
, 3.8341262341
, 3.8389482498
, 3.8437228203
, 3.8484506607
, 3.8548581600
, 3.8582475185
, 3.8624045849
, 3.8669445515
, 3.8714764118
, 3.8759713173
, 3.8804156780
, 3.8848230839
, 3.8891856670
, 3.8935060501
, 3.8977847099
, 3.9020247459
, 3.9062097073
, 3.9104139805
, 3.9144892693
, 3.9185287952
, 3.9239938259
, 3.9269454479
, 3.9304721355
, 3.9343495369
, 3.9381937981
, 3.9420053959
, 3.9457700253
, 3.9494962692
, 3.9531834126
, 3.9568247795
, 3.9604291916
, 3.9639968872
, 3.9675273895
, 3.9710152149
, 3.9744606018
, 3.9778678417
, 3.9823338985
, 3.9850182533
, 3.9878544807
, 3.9910774231
, 3.9942691326
, 3.9973907471
, 4.0004920959
, 4.0035524368
, 4.0065498352
, 4.0095548630
, 4.0124678612
, 4.0153985023
, 4.0182452202
, 4.0210294724
, 4.0237574577
, 4.0264563560
, 4.0300951004
, 4.0321345329
, 4.0344166756
, 4.0369868279
, 4.0395350456
, 4.0420742035
, 4.0445213318
, 4.0469355583
, 4.0493235588
, 4.0516695976
, 4.0539703369
, 4.0562210083
, 4.0584306717
, 4.0605974197
, 4.0627198219
, 4.0647954941
, 4.0676002502
, 4.0693736076
, 4.0707602501
, 4.0726647377
, 4.0745358467
, 4.0763673782
, 4.0781660080
, 4.0799322128
, 4.0816497803
, 4.0833272934
, 4.0849647522
, 4.0865602493
, 4.0881190300
, 4.0896329880
, 4.0911016464
, 4.0925283432
, 4.0939126015
, 4.0952577591
, 4.0967373848
, 4.0977969170
, 4.0990085602
, 4.1001863480
, 4.1013236046
, 4.1024184227
, 4.1034731865
, 4.1044874191
, 4.1054587364
, 4.1063818932
, 4.1072654724
, 4.1081895828
, 4.1089124680
, 4.1096715927
, 4.1103863716
, 4.1110572815
, 4.1116423607
, 4.1121745110
, 4.1126799583
, 4.1131591797
, 4.1136078835
, 4.1140246391
, 4.1144042015
, 4.1147513390
, 4.1150608063
, 4.1153378487
, 4.1155705452
, 4.1157598495
, 4.1159100533
, 4.1160264015
, 4.1161112785
, 4.1161613464
, 4.1161656380
, 4.1161360741
, 4.1160569191
, 4.1159343719
, 4.1157693863
, 4.1155533791
, 4.1152882576
, 4.1149754524
, 4.1146087646
, 4.1142220497
, 4.1137762070
, 4.1133008003
, 4.1127824783
, 4.1122293472
, 4.1116414070
, 4.1110067368
, 4.1102480888
, 4.1096506119
, 4.1089048386
, 4.1081151962
, 4.1072850227
, 4.1064124107
, 4.1054925919
, 4.1045260429
, 4.1035156250
, 4.1024661064
, 4.1013798714
, 4.1002545357
, 4.0990867615
, 4.0978746414
, 4.0966024399
, 4.0953025818
, 4.0937647820
, 4.0925917625
, 4.0911655426
, 4.0896983147
, 4.0881924629
, 4.0866446495
, 4.0850572586
, 4.0834212303
, 4.0817513466
, 4.0800380707
, 4.0782890320
, 4.0765023232
, 4.0746712685
, 4.0727944374
, 4.0708789825
, 4.0688738823
, 4.0668673515
, 4.0648312569
, 4.0627403259
, 4.0606126785
, 4.0584325790
, 4.0562162399
, 4.0539655685
, 4.0516457558
, 4.0493097305
, 4.0468978882
, 4.0444889069
, 4.0420532227
, 4.0395927429
, 4.0370993614
, 4.0345392227
, 4.0319108963
, 4.0292868614
, 4.0265974998
, 4.0238752365
, 4.0211067200
, 4.0182938576
, 4.0154356956
, 4.0125427246
, 4.0096101761
, 4.0066375732
, 4.0036201477
, 4.0005559921
, 3.9974484444
, 3.9943003654
, 3.9911112785
, 3.9878764153
, 3.9845688343
, 3.9812679291
, 3.9779145718
, 3.9745190144
, 3.9710872173
, 3.9676072598
, 3.9640810490
, 3.9605116844
, 3.9568994045
, 3.9532537460
, 3.9495732784
, 3.9458453655
, 3.9420752525
, 3.9382526875
, 3.9344038963
, 3.9305117130
, 3.9265482426
, 3.9226026535
, 3.9185924530
, 3.9145290852
, 3.9104313850
, 3.9062895775
, 3.9021146297
, 3.8978884220
, 3.8936233521
, 3.8893117905
, 3.8849606514
, 3.8805725574
, 3.8761456013
, 3.8716711998
, 3.8671512604
, 3.8626012802
