velocity=[0.0000000000
, 0.0004195924
, 0.0029861697
, 0.0091703441
, 0.0215694457
, 0.0436509214
, 0.0774981380
, 0.1252850741
, 0.1875729859
, 0.2650038302
, 0.3580262363
, 0.4657039642
, 0.5879871845
, 0.7258096337
, 0.8774466515
, 1.0426055193
, 1.2204364538
, 1.4109648466
, 1.6118975878
, 1.8229651451
, 2.0438373089
, 2.2732424736
, 2.5105824471
, 2.7540304661
, 3.0034987926
, 3.2580089569
, 3.5168907642
, 3.7795152664
, 4.0450878143
, 4.3129463196
, 4.5831632614
, 4.8562273979
, 5.1323981285
, 5.4106135368
, 5.6899857521
, 5.9688801765
, 6.2461905479
, 6.5213327408
, 6.7934827805
, 7.0614957809
, 7.3247361183
, 7.5808939934
, 7.8286085129
, 8.0651435852
, 8.2882366180
, 8.4960651398
, 8.6857614517
, 8.8543462753
, 9.0006971359
, 9.1244087219
, 9.2233953476
, 9.2972326279
, 9.3459424973
, 9.3685274124
, 9.3648519516
, 9.3364286423
, 9.2843494415
, 9.2089576721
, 9.1113996506
, 8.9940271378
, 8.8585901260
, 8.7066955566
, 8.5401277542
, 8.3592309952
, 8.1656103134
, 7.9609379768
, 7.7475280762
, 7.5273189545
, 7.3035869598
, 7.0776720047
, 6.8522300720
, 6.6287937164
, 6.4094653130
, 6.1974477768
, 5.9943180084
, 5.8030390739
, 5.6267685890
, 5.4666037560
, 5.3254570961
, 5.2047476768
, 5.1046152115
, 5.0263137817
, 4.9720959663
, 4.9412770271
, 4.9341993332
, 4.9503850937
, 4.9894895554
, 5.0511040688
, 5.1343979836
, 5.2381258011
, 5.3607306480
, 5.5011119843
, 5.6581802368
, 5.8296546936
, 6.0135140419
, 6.2073097229
, 6.4095993042
, 6.6194849014
, 6.8344621658
, 7.0506172180
, 7.2665252686
, 7.4798498154
, 7.6877503395
, 7.8875041008
, 8.0759458542
, 8.2519779205
, 8.4137964249
, 8.5595140457
, 8.6860208511
, 8.7929830551
, 8.8796110153
, 8.9444723129
, 8.9864406586
, 9.0054864883
, 9.0004158020
, 8.9718713760
, 8.9214744568
, 8.8507671356
, 8.7608480453
, 8.6523361206
, 8.5254821777
, 8.3807058334
, 8.2200927734
, 8.0454826355
, 7.8594956398
, 7.6641750336
, 7.4618463516
, 7.2545499802
, 7.0453982353
, 6.8353004456
, 6.6270046234
, 6.4232163429
, 6.2261667252
, 6.0383234024
, 5.8627781868
, 5.7015113831
, 5.5553264618
, 5.4250679016
, 5.3136372566
, 5.2222971916
, 5.1513781548
, 5.1027717590
, 5.0769577026
, 5.0739078522
, 5.0927677155
, 5.1341371536
, 5.1971988678
, 5.2811074257
, 5.3847765923
, 5.5065188408
, 5.6448788643
, 5.7986412048
, 5.9655866623
, 6.1443147659
, 6.3337826729
, 6.5317134857
, 6.7353472710
, 6.9425716400
, 7.1498727798
, 7.3552794456
, 7.5569992065
, 7.7531957626
, 7.9417285919
, 8.1193122864
, 8.2835273743
, 8.4334135056
, 8.5666055679
, 8.6806011200
, 8.7746419907
, 8.8485870361
, 8.9006490707
, 8.9304265976
, 8.9379148483
, 8.9238204956
, 8.8874006271
, 8.8293304443
, 8.7502861023
, 8.6509866714
, 8.5335874557
, 8.3994731903
, 8.2496261597
, 8.0863828659
, 7.9111208916
, 7.7248620987
, 7.5299296379
, 7.3290600777
, 7.1238665581
, 6.9166626930
, 6.7101354599
, 6.5072765350
, 6.3117551804
, 6.1248898506
, 5.9478693008
, 5.7830553055
, 5.6324443817
, 5.4981875420
, 5.3811883926
, 5.2833547592
, 5.2068834305
, 5.1523370743
, 5.1202726364
, 5.1110081673
, 5.1236190796
, 5.1574091911
, 5.2123155594
, 5.2881913185
, 5.3832859993
, 5.4965353012
, 5.6273159981
, 5.7749700546
, 5.9373493195
, 6.1113514900
, 6.2957453728
, 6.4882602692
, 6.6863150597
, 6.8887252808
, 7.0934996605
, 7.2972059250
, 7.4979085922
, 7.6934013367
, 7.8807187080
, 8.0586223602
, 8.2245655060
, 8.3753280640
, 8.5092411041
, 8.6256322861
, 8.7234239578
, 8.8022089005
, 8.8603172302
, 8.8954210281
, 8.9074287415
, 8.8975753784
, 8.8661127090
, 8.8124389648
, 8.7384433746
, 8.6445732117
, 8.5323343277
, 8.4028396606
, 8.2571325302
, 8.0972871780
, 7.9246973991
, 7.7408399582
, 7.5489525795
, 7.3503036499
, 7.1478123665
, 6.9438838959
, 6.7399897575
, 6.5388994217
, 6.3443093300
, 6.1575999260
, 5.9800953865
, 5.8142657280
, 5.6622915268
, 5.5265722275
, 5.4085278511
, 5.3096046448
, 5.2301697731
, 5.1712889671
, 5.1344847679
, 5.1209278107
, 5.1306729317
, 5.1626906395
, 5.2162632942
, 5.2901430130
, 5.3843574524
, 5.4974412918
, 5.6279802322
, 5.7737445831
, 5.9340977669
, 6.1065840721
, 6.2901053429
, 6.4817113876
, 6.6790146828
, 6.8797998428
, 7.0825877190
, 7.2850251198
, 7.4838891029
, 7.6771082878
, 7.8622918129
, 8.0386209488
, 8.2035131454
, 8.3544816971
, 8.4895734787
, 8.6076126099
, 8.7065620422
, 8.7851104736
, 8.8426856995
, 8.8782424927
, 8.8917226791
, 8.8841295242
, 8.8555984497
, 8.8055343628
, 8.7340917587
, 8.6420898438
, 8.5312576294
, 8.4032573700
, 8.2599906921
, 8.1017007828
, 7.9301080704
, 7.7477378845
, 7.5568242073
, 7.3600502014
, 7.1601114273
, 6.9584231377
, 6.7571926117
, 6.5598988533
, 6.3680639267
, 6.1832308769
, 6.0077319145
, 5.8430395126
, 5.6922364235
, 5.5561957359
, 5.4365649223
, 5.3357887268
, 5.2555994987
, 5.1952590942
, 5.1561741829
, 5.1396698952
, 5.1453461647
, 5.1729807854
, 5.2222318649
, 5.2918963432
, 5.3821983337
, 5.4918003082
, 5.6189994812
, 5.7626824379
, 5.9208555222
, 6.0912680626
, 6.2731523514
, 6.4632849693
, 6.6597876549
, 6.8609628677
, 7.0638418198
, 7.2668600082
, 7.4676561356
, 7.6630263329
, 7.8510479927
, 8.0290412903
, 8.1939630508
, 8.3449554443
, 8.4810028076
, 8.5996284485
, 8.6994533539
, 8.7798824310
, 8.8386764526
, 8.8754901886
, 8.8909835815
, 8.8842058182
, 8.8555593491
, 8.8053779602
, 8.7341556549
, 8.6436624527
, 8.5351486206
, 8.4096784592
, 8.2688856125
, 8.1131114960
, 7.9447073936
, 7.7650589943
, 7.5769448280
, 7.3813824654
, 7.1812148094
, 6.9783735275
, 6.7754721642
, 6.5762619972
, 6.3824448586
, 6.1953268051
, 6.0165772438
, 5.8489842415
, 5.6948423386
, 5.5566954613
, 5.4361042976
, 5.3345694542
, 5.2525005341
, 5.1912994385
, 5.1519560814
, 5.1344928741
, 5.1401681900
, 5.1682529449
, 5.2170619965
, 5.2866201401
, 5.3758373260
, 5.4838299751
, 5.6101245880
, 5.7539496422
, 5.9128136635
, 6.0835189819
, 6.2642226219
, 6.4540472031
, 6.6513719559
, 6.8529119492
, 7.0568523407
, 7.2598743439
, 7.4600243568
, 7.6544179916
, 7.8412537575
, 8.0184450150
, 8.1850452423
, 8.3379297256
, 8.4759435654
, 8.5963115692
, 8.6975593567
, 8.7791376114
, 8.8407869339
, 8.8810234070
, 8.8982343674
, 8.8923721313
, 8.8643531799
, 8.8146104813
, 8.7435913086
, 8.6531219482
, 8.5444641113
, 8.4187154770
, 8.2775611877
, 8.1214313507
, 7.9528584480
, 7.7729902267
, 7.5849351883
, 7.3904366493
, 7.1908049583
, 6.9892945290
, 6.7879867554
, 6.5893287659
, 6.3945498466
, 6.2059493065
, 6.0270256996
, 5.8602123260
, 5.7068219185
, 5.5677714348
, 5.4450783730
, 5.3409976959
, 5.2564930916
, 5.1928677559
, 5.1512632370
, 5.1313939095
, 5.1332659721
, 5.1571016312
, 5.2025914192
, 5.2688813210
, 5.3553519249
, 5.4613666534
, 5.5859308243
, 5.7269301414
, 5.8828930855
, 6.0526523590
, 6.2340683937
, 6.4254035950
, 6.6240205765
, 6.8266582489
, 7.0303907394
, 7.2338294983
, 7.4348969460
, 7.6302218437
, 7.8179130554
, 7.9963507652
, 8.1637525558
, 8.3184938431
, 8.4582214355
, 8.5811786652
, 8.6857309341
, 8.7707614899
, 8.8352470398
, 8.8778400421
, 8.8975477219
, 8.8949737549
, 8.8705120087
, 8.8244113922
, 8.7571697235
, 8.6699790955
, 8.5632104874
, 8.4386634827
, 8.2970504761
, 8.1399850845
, 7.9696087837
, 7.7887997627
, 7.6002058983
, 7.4044251442
, 7.2040491104
, 7.0012598038
, 6.7995123863
, 6.6006236076
, 6.4061899185
, 6.2182722092
, 6.0396742821
, 5.8717012405
, 5.7173371315
, 5.5782437325
, 5.4559726715
, 5.3524188995
, 5.2683205605
, 5.2048101425
, 5.1630549431
, 5.1430315971
, 5.1447620392
, 5.1681470871
, 5.2122645378
, 5.2776165009
, 5.3632874489
, 5.4679608345
, 5.5893054008
, 5.7264533043
, 5.8791613579
, 6.0450263023
, 6.2228326797
, 6.4098386765
, 6.6039295197
, 6.8028697968
, 7.0049371719
, 7.2069120407
, 7.4070439339
, 7.6032118797
, 7.7923383713
, 7.9730272293
, 8.1429491043
, 8.3000040054
, 8.4416809082
, 8.5666084290
, 8.6732034683
, 8.7590608597
, 8.8233880997
, 8.8661069870
, 8.8866453171
, 8.8861799240
, 8.8645105362
, 8.8215379715
, 8.7571535110
, 8.6726093292
, 8.5688028336
, 8.4463911057
, 8.3073053360
, 8.1533708572
, 7.9858708382
, 7.8071947098
