torque=[5.0000000000
, 5.0000000000
, 5.0000000000
, 5.0000000000
, 5.0000000000
, 5.0000000000
, 5.0000000000
, 5.0000000000
, 5.0000000000
, 5.0000000000
, 5.0000000000
, 5.0000000000
, 5.0000000000
, 5.0000000000
, 5.0000000000
, 5.0000000000
, 5.0000000000
, 5.0000000000
, 5.0000000000
, 5.0000000000
, 5.0000000000
, 5.0000000000
, 5.0000000000
, 5.0000000000
, 5.0000000000
, 5.0000000000
, 5.0000000000
, 5.0000000000
, 5.0000000000
, 5.0000000000
, 5.0000000000
, 5.0000000000
, 5.0000000000
, 4.5297513008
, 3.7335405350
, 2.9386916161
, 2.1483569145
, 1.3642016649
, 0.5885740519
, -0.1752629727
, -0.9254979491
, -1.6555478573
, -2.3615343571
, -3.0356593132
, -3.6714744568
, -4.2637858391
, -4.8044199944
, -5.0000000000
, -5.0000000000
, -5.0000000000
, -5.0000000000
, -5.0000000000
, -5.0000000000
, -5.0000000000
, -5.0000000000
, -5.0000000000
, -5.0000000000
, -5.0000000000
, -5.0000000000
, -5.0000000000
, -5.0000000000
, -4.8640823364
, -4.3893642426
, -3.8738083839
, -3.3219892979
, -2.7386732101
, -2.1304550171
, -1.5028589964
, -0.8652228117
, -0.2213652134
, 0.4211443067
, 1.0579378605
, 1.6830238104
, 2.2872738838
, 2.8661937714
, 3.4113385677
, 3.9137096405
, 4.3701791763
, 4.7724471092
, 5.0000000000
, 5.0000000000
, 5.0000000000
, 5.0000000000
, 5.0000000000
, 5.0000000000
, 5.0000000000
, 5.0000000000
, 5.0000000000
, 5.0000000000
, 5.0000000000
, 4.6719174385
, 4.2718310356
, 3.8241863251
, 3.3354840279
, 2.8114850521
, 2.2591671944
, 1.6826419830
, 1.0844680071
, 0.4717828333
, -0.1442590654
, -0.7595970035
, -1.3675719500
, -1.9600884914
, -2.5293867588
, -3.0664455891
, -3.5681371689
, -4.0293197632
, -4.4446148872
, -4.8051595688
, -5.0000000000
, -5.0000000000
, -5.0000000000
, -5.0000000000
, -5.0000000000
, -5.0000000000
, -5.0000000000
, -5.0000000000
, -5.0000000000
, -5.0000000000
, -4.7091579437
, -4.3476243019
, -3.9350116253
, -3.4772644043
, -2.9796254635
, -2.4495625496
, -1.8928987980
, -1.3162621260
, -0.7254674435
, -0.1293849647
, 0.4693937302
, 1.0630367994
, 1.6438333988
, 2.2054247856
, 2.7407782078
, 3.2410821915
, 3.7006926537
, 4.1173195839
, 4.4885563850
, 4.8061337471
, 5.0000000000
, 5.0000000000
, 5.0000000000
, 5.0000000000
, 5.0000000000
, 5.0000000000
, 5.0000000000
, 5.0000000000
, 4.8988437653
, 4.6033868790
, 4.2564210892
, 3.8620953560
, 3.4238724709
, 2.9480779171
, 2.4387028217
, 1.8987194300
, 1.3346165419
, 0.7542603016
, 0.1636708230
, -0.4271374345
, -1.0125464201
, -1.5874477625
, -2.1466078758
, -2.6839265823
, -3.1900401115
, -3.6580529213
, -4.0852284431
, -4.4648256302
, -4.7897133827
, -5.0000000000
, -5.0000000000
, -5.0000000000
, -5.0000000000
, -5.0000000000
, -5.0000000000
, -5.0000000000
, -5.0000000000
, -4.9883155823
, -4.7053117752
, -4.3707242012
, -3.9884986877
, -3.5614345074
, -3.0961911678
, -2.5966944695
, -2.0658569336
, -1.5102994442
, -0.9378212094
, -0.3530196846
, 0.2375113219
, 0.8261139393
, 1.4042618275
, 1.9614977837
, 2.4940638542
, 2.9985725880
, 3.4682924747
, 3.8975334167
, 4.2801656723
, 4.6136131287
, 4.8924388885
, 5.0000000000
, 5.0000000000
, 5.0000000000
, 5.0000000000
, 5.0000000000
, 5.0000000000
, 5.0000000000
, 4.8786549568
, 4.6076350212
, 4.2848744392
, 3.9121494293
, 3.4913353920
, 3.0285544395
, 2.5326483250
, 2.0071256161
, 1.4584581852
, 0.8940020800
, 0.3171329498
, -0.2664740384
, -0.8470368981
, -1.4190394878
, -1.9761937857
, -2.5100483894
, -3.0170736313
, -3.4900116920
, -3.9196848869
, -4.3013372421
, -4.6330518723
, -4.9117584229
, -5.0000000000
, -5.0000000000
, -5.0000000000
, -5.0000000000
, -5.0000000000
, -5.0000000000
, -5.0000000000
, -4.9545636177
, -4.6870336533
, -4.3671526909
, -3.9980931282
, -3.5828278065
, -3.1272685528
, -2.6353876591
, -2.1113939285
, -1.5645148754
, -0.9983654022
, -0.4212652445
, 0.1599308997
, 0.7410292029
, 1.3141366243
, 1.8687183857
, 2.4008402824
, 2.9067282677
, 3.3793425560
, 3.8124692440
, 4.1992692947
, 4.5356955528
, 4.8176269531
, 5.0000000000
, 5.0000000000
, 5.0000000000
, 5.0000000000
, 5.0000000000
, 5.0000000000
, 5.0000000000
, 4.8730926514
, 4.6045813560
, 4.2822923660
, 3.9102563858
, 3.4948279858
, 3.0378212929
, 2.5462353230
, 2.0231997967
, 1.4771225452
, 0.9148081541
, 0.3425704539
, -0.2353750020
, -0.8123216033
, -1.3790839911
, -1.9297586679
, -2.4575316906
, -2.9600696564
, -3.4300124645
, -3.8602728844
, -4.2452845573
, -4.5816960335
, -4.8637018204
, -5.0000000000
, -5.0000000000
, -5.0000000000
, -5.0000000000
, -5.0000000000
, -5.0000000000
, -5.0000000000
, -4.9421615601
, -4.6799559593
, -4.3640842438
, -3.9992835522
, -3.5909733772
, -3.1398472786
, -2.6508080959
, -2.1310529709
, -1.5869489908
, -1.0261430740
, -0.4563175738
, 0.1184940562
, 0.6920010448
, 1.2542883158
, 1.8010177612
, 2.3277919292
, 2.8279640675
, 3.2973372936
, 3.7271261215
, 4.1148419380
, 4.4557900429
, 4.7430019379
, 4.9715414047
, 5.0000000000
, 5.0000000000
, 5.0000000000
, 5.0000000000
, 5.0000000000
, 5.0000000000
, 4.8680953979
, 4.6107349396
, 4.2983689308
, 3.9358515739
, 3.5263550282
, 3.0755617619
, 2.5898859501
, 2.0715157986
, 1.5296378136
, 0.9696052074
, 0.3962558210
, -0.1819491833
, -0.7605510354
, -1.3328199387
, -1.8896250725
, -2.4254868031
, -2.9327676296
, -3.4027945995
, -3.8331229687
, -4.2208580971
, -4.5589408875
, -4.8434419632
, -5.0000000000
, -5.0000000000
, -5.0000000000
, -5.0000000000
, -5.0000000000
, -5.0000000000
, -5.0000000000
, -4.9423437119
, -4.6844377518
, -4.3751735687
, -4.0175838470
, -3.6163239479
, -3.1723678112
, -2.6924161911
, -2.1804180145
, -1.6442927122
, -1.0869400501
, -0.5164622068
, 0.0616354458
, 0.6399043202
, 1.2076532841
, 1.7600321770
, 2.2933185101
, 2.8027548790
, 3.2803950310
, 3.7196993828
, 4.1134181023
, 4.4571027756
, 4.7464771271
, 4.9803733826
, 5.0000000000
, 5.0000000000
, 5.0000000000
, 5.0000000000
, 5.0000000000
, 5.0000000000
, 4.8831324577
, 4.6288638115
, 4.3210844994
, 3.9611449242
, 3.5512435436
, 3.0984811783
, 2.6119709015
, 2.0969655514
, 1.5559654236
, 0.9935899377
, 0.4192009568
, -0.1620291770
, -0.7406418920
, -1.3110693693
, -1.8650913239
, -2.3975732327
, -2.9025683403
, -3.3773789406
, -3.8130996227
, -4.2064390182
, -4.5494880676
, -4.8380441666
, -5.0000000000
, -5.0000000000
, -5.0000000000
, -5.0000000000
, -5.0000000000
, -5.0000000000
, -5.0000000000
, -4.9692354202
, -4.7113976479
, -4.4017229080
, -4.0433392525
, -3.6410493851
, -3.1960792542
, -2.7156465054
, -2.2030222416
, -1.6670652628
, -1.1127444506
, -0.5437941551
, 0.0305105932
, 0.6042377353
, 1.1704130173
, 1.7255328894
, 2.2630443573
, 2.7729768753
, 3.2483949661
, 3.6855576038
, 4.0818514824
, 4.4315266609
, 4.7281565666
, 4.9689946175
, 5.0000000000
, 5.0000000000
, 5.0000000000
, 5.0000000000
, 5.0000000000
, 5.0000000000
, 4.9336881638
, 4.6872467995
, 4.3851051331
, 4.0300970078
, 3.6282491684
, 3.1837546825
, 2.6999406815
, 2.1829051971
, 1.6375997066
, 1.0715413094
, 0.4940239787
, -0.0866136104
, -0.6664140821
, -1.2394562960
, -1.7961322069
, -2.3310523033
, -2.8395996094
, -3.3166947365
, -3.7577073574
, -4.1559309959
, -4.5063591003
, -4.8043332100
, -5.0000000000
, -5.0000000000
, -5.0000000000
, -5.0000000000
, -5.0000000000
, -5.0000000000
, -5.0000000000
, -5.0000000000
, -4.7594404221
, -4.4551496506
, -4.1001911163
, -3.6965937614
, -3.2489573956
, -2.7633850574
, -2.2480792999
, -1.7105867863
, -1.1526116133
, -0.5815399885
, -0.0035904408
, 0.5713896751
, 1.1382226944
, 1.6923587322
, 2.2279241085
, 2.7369282246
, 3.2156515121
, 3.6555891037
, 4.0520052910
, 4.4004778862
, 4.6956062317
, 4.9352865219
, 5.0000000000
, 5.0000000000
, 5.0000000000
, 5.0000000000
, 5.0000000000
, 5.0000000000
, 4.9087929726
, 4.6646308899
, 4.3663115501
, 4.0204796791
, 3.6296081543
, 3.1943900585
, 2.7216749191
, 2.2149269581
, 1.6819597483
, 1.1288008690
, 0.5618211031
, -0.0140709402
, -0.5896993279
, -1.1600751877
, -1.7191538811
, -2.2581644058
, -2.7731275558
, -3.2574050426
, -3.7050113678
, -4.1087903976
, -4.4648342133
