time=[0.0000000000
, 0.7943999767
, 1.6576999426
, 2.6568000317
, 3.6619000435
, 4.6602001190
, 5.6602001190
, 6.6602001190
, 7.6526999474
, 8.8104000092
, 9.6485004425
, 10.6593999863
, 11.6568002701
, 12.6518001556
, 13.6416997910
, 14.6324996948
, 16.0032997131
, 16.7525005341
, 17.6341991425
, 18.6317005157
, 19.6324996948
, 20.6324996948
, 21.6324996948
, 22.6317005157
, 23.6317005157
, 24.6317005157
, 25.6317005157
, 26.6317005157
, 27.6317005157
, 28.6317005157
, 29.6324996948
, 30.6324996948
, 31.6317005157
, 32.6342010498
, 33.6342010498
, 34.6316986084
, 35.6316986084
, 36.6316986084
, 37.6316986084
, 38.6316986084
, 39.6324996948
, 40.6333999634
, 41.6316986084
, 42.6316986084
, 43.6316986084
, 44.6316986084
, 45.6316986084
, 46.6316986084
, 47.6316986084
, 48.6375999451
, 49.6349983215
, 50.6324996948
, 51.6316986084
, 52.6316986084
, 53.6316986084
, 54.6324996948
, 55.6316986084
, 56.6316986084
, 57.6316986084
, 58.6316986084
, 59.6316986084
, 60.6324996948
, 61.6324996948
, 62.6316986084
, 63.6316986084
, 64.6417007446
, 65.6342010498
, 66.6316986084
, 67.6316986084
, 68.6316986084
, 69.6324996948
, 70.6324996948
, 71.6324996948
, 72.6316986084
, 73.6316986084
, 74.6316986084
, 75.6316986084
, 76.6316986084
, 77.6324996948
, 78.6316986084
, 79.6316986084
, 80.6559982300
, 81.6610031128
, 82.6585006714
, 83.6602020264
, 84.6602020264
, 85.6576995850
, 86.6567993164
, 87.6535034180
, 88.6567993164
, 89.6475982666
, 90.6626968384
, 91.6594009399
, 92.6501007080
, 93.6400985718
, 94.6316986084
, 95.6316986084
, 96.6417007446
, 97.6333999634
, 98.6316986084
, 99.6324996948
, 100.6324996948
, 101.6316986084
, 102.6316986084
, 103.6316986084
, 104.6316986084
, 105.6316986084
, 106.6316986084
, 107.6316986084
, 108.6316986084
, 109.6316986084
, 110.6316986084
, 111.6324996948
, 112.6408996582
, 113.6333999634
, 114.6316986084
, 115.6316986084
, 116.6316986084
, 117.6316986084
, 118.6316986084
, 119.6316986084
, 120.6324996948
, 121.6324996948
, 122.6324996948
, 123.6324996948
, 124.6316986084
, 125.6324996948
, 126.6324996948
, 127.6316986084
, 128.6425933838
, 129.6358947754
, 130.6325073242
, 131.6316986084
, 132.6325073242
, 133.6334075928
, 134.6316986084
, 135.6316986084
, 136.6349945068
, 137.6325073242
, 138.6325073242
, 139.6334075928
, 140.6334075928
, 141.6334075928
, 142.6325073242
, 143.6325073242
, 144.6593933105
, 145.6602020264
, 146.6602020264
, 147.6618957520
, 148.6576995850
, 149.6593933105
, 150.6602020264
, 151.6535034180
, 152.6560058594
, 153.6542968750
, 154.6627044678
, 155.6609954834
, 156.6526947021
, 157.6434020996
, 158.6367034912
, 159.6342010498
, 160.6459045410
, 161.7944030762
, 162.6342010498
, 163.6342010498
, 164.6325073242
, 165.6325073242
, 166.6342010498
, 167.6316986084
, 168.6334075928
, 169.6325073242
, 170.6325073242
, 171.6334075928
, 172.6316986084
, 173.6316986084
, 174.6316986084
, 175.6316986084
, 176.6416931152
, 177.7792968750
, 178.6334075928
, 179.6334075928
, 180.6325073242
, 181.6316986084
, 182.6316986084
, 183.6316986084
, 184.6316986084
, 185.6316986084
, 186.6316986084
, 187.6325073242
, 188.6325073242
, 189.6325073242
, 190.6325073242
, 191.6325073242
, 192.6425933838
, 193.7767944336
, 194.6316986084
, 195.6316986084
, 196.6316986084
, 197.6316986084
, 198.6334075928
, 199.6325073242
, 200.6325073242
, 201.6316986084
, 202.6316986084
, 203.6316986084
, 204.6392059326
, 205.6316986084
, 206.6334075928
, 207.6325073242
, 208.6584930420
, 209.6593933105
, 210.6560058594
, 211.6510009766
, 212.6484985352
, 213.6584930420
, 214.6576995850
, 215.6567993164
, 216.6560058594
, 217.6510009766
, 218.6576995850
, 219.6567993164
, 220.6510009766
, 221.6468048096
, 222.6434020996
, 223.6316986084
, 224.6560058594
, 225.7801971436
, 226.6316986084
, 227.6316986084
, 228.6334075928
, 229.6325073242
, 230.6342010498
, 231.6316986084
, 232.6358947754
, 233.6334075928
, 234.6316986084
, 235.6316986084
, 236.6325073242
, 237.6316986084
, 238.6342010498
, 239.6325073242
, 240.6443023682
, 241.7801971436
, 242.6325073242
, 243.6316986084
, 244.6316986084
, 245.6316986084
, 246.6316986084
, 247.6316986084
, 248.6334075928
, 249.6325073242
, 250.6325073242
, 251.6316986084
, 252.6316986084
, 253.6316986084
, 254.6316986084
, 255.6316986084
, 256.6416931152
, 257.6325073242
, 258.6333923340
, 259.6325073242
, 260.6333923340
, 261.6317138672
, 262.6333923340
, 263.6317138672
, 264.6317138672
, 265.6317138672
, 266.6317138672
, 267.6358947754
, 268.6317138672
, 269.6325073242
, 270.6333923340
, 271.6317138672
, 272.6510009766
, 273.6618957520
, 274.6593933105
, 275.6527099609
, 276.6542968750
, 277.6567993164
, 278.6484985352
, 279.6610107422
, 280.6542968750
, 281.6585083008
, 282.6560058594
, 283.6510009766
, 284.6510009766
, 285.6426086426
, 286.6317138672
, 287.6341857910
, 288.6401062012
, 289.6333923340
, 290.6358947754
, 291.6325073242
, 292.6317138672
, 293.6333923340
, 294.6325073242
, 295.6325073242
, 296.6325073242
, 297.6325073242
, 298.6325073242
, 299.6333923340
, 300.6333923340
, 301.6317138672
, 302.6341857910
, 303.6325073242
, 304.6426086426
, 305.6325073242
, 306.6341857910
, 307.6325073242
, 308.6325073242
, 309.6325073242
, 310.6333923340
, 311.6325073242
, 312.6333923340
, 313.6325073242
, 314.6325073242
, 315.6325073242
, 316.6317138672
, 317.6317138672
, 318.6325073242
, 319.6325073242
, 320.6416931152
, 321.6325073242
, 322.6333923340
, 323.6317138672
, 324.6317138672
, 325.6317138672
, 326.6317138672
, 327.6317138672
, 328.6317138672
, 329.6317138672
, 330.6325073242
, 331.6341857910
, 332.6636047363
, 333.6510009766
, 334.6484985352
, 335.6383972168
, 336.6560058594
, 337.6610107422
, 338.6593933105
, 339.6527099609
, 340.6476135254
, 341.6552124023
, 342.6510009766
, 343.6585083008
, 344.6593933105
, 345.6535034180
, 346.6552124023
, 347.6510009766
, 348.6500854492
, 349.6492919922
, 350.6467895508
, 351.6593933105
, 352.6426086426
, 353.6325073242
, 354.6333923340
, 355.6317138672
, 356.6317138672
, 357.6333923340
, 358.6317138672
, 359.6325073242
, 360.6325073242
, 361.6325073242
, 362.6350097656
, 363.6317138672
, 364.6317138672
, 365.6317138672
, 366.6317138672
, 367.6317138672
, 368.6416931152
, 369.6333923340
, 370.6341857910
, 371.6317138672
, 372.6317138672
, 373.6325073242
, 374.6317138672
, 375.6317138672
, 376.6317138672
, 377.6317138672
, 378.6317138672
, 379.6325073242
, 380.6325073242
, 381.6325073242
, 382.6317138672
, 383.6317138672
, 384.6416931152
, 385.7760009766
, 386.6317138672
, 387.6333923340
, 388.6333923340
, 389.6333923340
, 390.6325073242
, 391.6325073242
, 392.6317138672
, 393.6317138672
, 394.6317138672
, 395.6317138672
, 396.6317138672
, 397.6317138672
, 398.6317138672
, 399.6325073242
, 400.6567993164
, 401.6585083008
, 402.6577148438
, 403.6535034180
, 404.6492919922
, 405.6577148438
, 406.6567993164
, 407.6577148438
, 408.6567993164
, 409.6535034180
, 410.6567993164
, 411.6500854492
, 412.6500854492
, 413.6434020996
, 414.6317138672
, 415.6317138672
, 416.6492919922
, 417.7701110840
, 418.6325073242
, 419.6836853027
, 420.6325073242
, 421.6333923340
, 422.6317138672
, 423.6325073242
, 424.6317138672
, 425.6317138672
, 426.6325073242
, 427.6325073242
, 428.6325073242
, 429.6333923340
, 430.6325073242
, 431.6333923340
, 432.6434020996
, 433.7802124023
, 434.6325073242
, 435.6333923340
, 436.6325073242
, 437.6325073242
, 438.6333923340
, 439.6341857910
, 440.6333923340
, 441.6333923340
, 442.6350097656
, 443.6325073242
, 444.6317138672
, 445.6325073242
, 446.6325073242
, 447.6333923340
, 448.6434020996
, 449.7843933105
, 450.6333923340
, 451.6350097656
, 452.6376037598
, 453.6341857910
, 454.6333923340
, 455.6341857910
, 456.6325073242
, 457.6408996582
, 458.6317138672
, 459.6350097656
, 460.6333923340
, 461.6333923340
, 462.6358947754
, 463.6341857910
, 464.6459045410
, 465.7810058594
, 466.6325073242
, 467.6325073242
, 468.6333923340
, 469.6333923340
, 470.6325073242
, 471.6325073242
, 472.6317138672
, 473.6317138672
, 474.6317138672
