velocity=[0.0000000000
, 0.4793544710
, 0.0000000000
, 0.0000000000
, 0.0000000000
, 0.3814473748
, 0.0000000000
, 0.0000000000
, 0.0000000000
, 0.0000000000
, 0.4543598294
, 0.0000000000
, 0.0000000000
, 0.0000000000
, 0.3846843839
, 0.0000000000
, 0.2777933776
, 0.0000000000
, 0.0000000000
, 0.3817530274
, 0.0000000000
, 0.3807991743
, 0.3807991743
, 0.3811037540
, 0.0000000000
, 0.3807991743
, 0.3807986975
, 0.3807991743
, 0.3807991743
, 0.3807996511
, 0.7609892488
, 0.3807991743
, 0.3811037540
, 0.3798493445
, 0.7615983486
, 0.3817544878
, 0.7615983486
, 0.3807991743
, 0.7615983486
, 0.7615973949
, 0.3804943562
, 0.7609133124
, 0.7628962994
, 0.7615993023
, 0.7615965009
, 0.3807991743
, 0.7615983486
, 0.7615983486
, 0.7615983486
, 0.7571302652
, 0.3817924559
, 0.7635060549
, 0.7622089386
, 0.7615983486
, 0.7615983486
, 0.3804943562
, 0.7622089386
, 0.3807991743
, 0.7615983486
, 0.3807991743
, 0.7615965009
, 0.3804943562
, 0.3807991743
, 0.7622089386
, 0.3807991743
, 0.3770280778
, 0.3836766183
, 0.0000000000
, 0.3807991743
, 0.3807991743
, 0.0000000000
, 0.3807991743
, 0.0000000000
, 0.0000000000
, 0.0000000000
, 0.0000000000
, 0.0000000000
, 0.0000000000
, 0.0000000000
, -0.3811044693
, 0.0000000000
, -0.3717654049
, 0.0000000000
, -0.3817544878
, -0.3801524043
, 0.0000000000
, -0.3817544878
, -0.3811423182
, -0.3820584118
, -0.3795482218
, -0.3843354583
, -0.3751351833
, -0.3820565343
, -0.3843739331
, -0.3846464753
, -0.3840249777
, -0.3807991743
, -0.7540561557
, -0.3839865625
, -0.3814481497
, -0.3804943562
, -0.3807991743
, -0.3811044693
, -0.3807991743
, -0.3807991743
, -0.3807991743
, -0.3807991743
, -0.3807991743
, -0.3807991743
, -0.3807991743
, 0.0000000000
, -0.3807991743
, -0.3804943562
, 0.0000000000
, 0.0000000000
, -0.3814481497
, 0.0000000000
, 0.0000000000
, 0.0000000000
, 0.0000000000
, 0.0000000000
, 0.0000000000
, 0.0000000000
, 0.3807991743
, 0.0000000000
, 0.0000000000
, 0.3804943562
, 0.0000000000
, 0.3811044693
, 0.3766951561
, 0.3833672106
, 0.0000000000
, 0.3811073899
, 0.3804914653
, 0.3804566562
, 0.3814510703
, 0.3807991743
, 0.7590964437
, 0.3817486465
, 0.3807991743
, 0.3804566562
, 0.7615983486
, 0.3807991743
, 0.3811423182
, 0.7615983486
, 0.3708272576
, 0.7609829307
, 0.3807991743
, 0.3801552951
, 0.7648075819
, 0.3801552951
, 0.7609829307
, 0.3833672106
, 0.3798504770
, 0.7629021406
, 0.3776242733
, 0.3814473450
, 0.3839865625
, 0.7687419653
, 0.3833672106
, 0.0000000000
, 0.3763940632
, 0.3315626085
, 0.4534414113
, 0.3807991743
, 0.0000000000
, 0.3807991743
, 0.0000000000
, 0.3817544878
, 0.0000000000
, 0.0000000000
, 0.0000000000
, 0.0000000000
, 0.0000000000
, 0.0000000000
, -0.3807991743
, 0.0000000000
, -0.3770309389
, 0.0000000000
, -0.4458428621
, 0.0000000000
, -0.3811423182
, -0.3811073899
, -0.3807991743
, -0.3807991743
, -0.3807991743
, -0.3807991743
, -0.3807991743
, -0.3804877400
, -0.3807991743
, -0.3807991743
, -0.3807991743
, -0.7616001964
, -0.3769967556
, -0.3357422054
, -0.4454290867
, -0.7615983486
, -0.3807991743
, -0.7615983486
, -0.3801495135
, -0.3811404407
, -0.7615983486
, -0.3811073899
, -0.3807991743
, -0.3807991743
, -0.7559233904
, -0.3836795688
, -0.3801495135
, -0.3811423182
, -0.3711544573
, -0.3804566562
, -0.3820934892
, 0.0000000000
, -0.3817544878
, -0.3770309389
, 0.0000000000
, -0.3811423182
, 0.0000000000
, 0.0000000000
, 0.0000000000
, 0.0000000000
, 0.0000000000
, 0.0000000000
, 0.0000000000
, 0.0000000000
, 0.0000000000
, 0.3387316465
, 0.0000000000
, 0.3807991743
, 0.0000000000
, 0.3811423182
, 0.3801552951
, 0.0000000000
, 0.3792079687
, 0.3817486465
, 0.3814510703
, 0.3807991743
, 0.3804914653
, 0.3811073899
, 0.3798486292
, 0.7628904581
, 0.3763599992
, 0.3352415860
, 0.4467847347
, 0.7622128725
, 0.3807991743
, 0.3807991743
, 0.3807991743
, 0.7615983486
, 0.3801495135
, 0.3811423182
, 0.7615983486
, 0.3811092377
, 0.3807991743
, 0.3807991743
, 0.3807991743
, 0.3807954490
, 0.7540618777
, 0.3843295574
, 0.3804624677
, 0.0000000000
, 0.3804624677
, 0.3814394176
, 0.3801610768
, 0.0000000000
, 0.3807991743
, 0.0000000000
, 0.0000000000
, 0.0000000000
, 0.3823979497
, 0.0000000000
, 0.0000000000
, -0.3814394176
, 0.0000000000
, 0.0000000000
, -0.3817544878
, 0.0000000000
, -0.3801958263
, 0.0000000000
, -0.3839865625
, -0.3760934174
, 0.0000000000
, -0.3792021871
, -0.3817544878
, -0.3827146292
, -0.3807991743
, -0.3840182722
, -0.3849935830
, -0.3798601925
, -0.7571177483
, -0.3833730817
, -0.3798486292
, -0.7641869783
, -0.3811015487
, -0.3801610768
, -0.7622729540
, -0.3807991743
, -0.7615965009
, -0.3807991743
, -0.3807991743
, -0.7609249353
, -0.3807991743
, -0.3814394176
, -0.7597203851
, -0.3814394176
, -0.3769910634
, -0.7693700194
, -0.3801610768
, -0.3814394176
, -0.3807991743
, -0.3807991743
, -0.3804624677
, -0.3811364770
, 0.0000000000
, -0.3811364770
, -0.3807991743
, 0.0000000000
, -0.3811015487
, 0.0000000000
, 0.0000000000
, 0.0000000000
, 0.0000000000
, 0.0000000000
, 0.0000000000
, 0.0000000000
, 0.3807991743
, 0.0000000000
, 0.0000000000
, 0.3807991743
, 0.0000000000
, 0.3807991743
, 0.3804972768
, 0.0000000000
, 0.3699166179
, 0.3856599331
, 0.3817544878
, 0.3846850097
, 0.3742098510
, 0.3789028227
, 0.3814160824
, 0.3833613098
, 0.3827498257
, 0.7558547258
, 0.3824096620
, 0.3779616952
, 0.3804624677
, 0.7661106586
, 0.3801495135
, 0.3824077845
, 0.3811481297
, 0.7622030973
, 0.3817544878
, 0.3760594130
, 0.3872998655
, 0.3846850097
, 0.7609249353
, 0.3814394176
, 0.3808010221
, 0.3801610768
, 0.0000000000
, 0.3804972768
, 0.3807991743
, 0.3807954490
, 0.0000000000
, 0.3820584118
, 0.0000000000
, 0.3807991743
, 0.0000000000
, 0.0000000000
, 0.0000000000
, 0.0000000000
, 0.0000000000
, 0.0000000000
, -0.3807991743
, 0.0000000000
, 0.0000000000
, -0.3807991743
, 0.0000000000
, -0.3807954490
, -0.3807991743
, 0.0000000000
, -0.3807991743
, -0.3807991743
, -0.3811034262
, -0.3807991743
, -0.3770366311
, -0.3357106149
, -0.4450080991
, -0.3801610768
, -0.7615983486
, -0.3807991743
, -0.3811364770
, -0.3807991743
, -0.7622012496
, -0.3807991743
, -0.7615983486
, -0.3807991743
, -0.3807991743
, -0.7615983486
, -0.3807991743
, -0.7609945536
, -0.3717681766
, -0.3801495135
, -0.7622030973
, -0.3824096620
, -0.3824096620
, -0.7552371025
, -0.3811481297
, -0.3804508746
, -0.3811481297
, -0.3820584118
, -0.3795482218
, -0.3833730817
, 0.0000000000
, -0.3833613098
, -0.3853026927
, 0.0000000000
, -0.3742192388
, 0.0000000000
, 0.0000000000
, 0.0000000000
, 0.0000000000
, 0.0000000000
, 0.0000000000
, 0.0000000000
, 0.0000000000
, 0.3807973266
, 0.0000000000
, 0.3807991743
, 0.0000000000
, 0.3804624677
, 0.3811364770
, 0.0000000000
, 0.3770252466
, 0.3349716067
, 0.4467927217
, 0.3804624677
, 0.3811364770
, 0.3807991743
, 0.3804624677
, 0.3804972768
, 0.3811015487
, 0.7615983486
, 0.3801842630
, 0.3817544878
, 0.7622030973
, 0.3804972768
, 0.3807991743
, 0.3804624677
, 0.7540504932
, 0.3337441683
, 0.4485272169
, 0.3801842630
, 0.7596260309
, 0.3821052015
, 0.3811015487
, 0.3804972768
, 0.3814394176
, 0.3776299655
, 0.3843295574
, 0.3795482218
, 0.3814160824
, 0.0000000000
, 0.3798486292
, 0.0000000000
, 0.3763883710
, 0.0000000000
, 0.4472112656
, 0.0000000000
, 0.0000000000
, 0.0000000000
, 0.0000000000
, 0.0000000000
, -0.3811034262
, 0.0000000000
, 0.0000000000
, -0.3807991743
, 0.0000000000
, -0.3801610768
, -0.3807991743
, 0.0000000000
, -0.3720563948
, -0.3785694540
, -0.3814510703
, -0.3833613098
, -0.3824096620
, -0.3776185513
, -0.3807991743
, -0.7609926462
, -0.3811015487
, -0.3840338290
, -0.3776185513
, -0.7615983486
, -0.3833730817
, -0.3811481297
, -0.7647958994
, -0.3766951561
, -0.7667461634
, -0.3792021871
, -0.7667226195
, -0.3814510703
, -0.3807991743
, -0.7719401717
, -0.3807991743
, -0.3785694540
, -0.7648193240
, -0.3814394176
, -0.3811015487
, -0.3751436174
, -0.3856580555
, -0.3814394176
, -0.3804633915
, -0.3742098510
, -0.3824096620
, 0.0000000000
, -0.3786039054
, 0.0000000000
, -0.3776414096
, 0.0000000000
, 0.0000000000
