torque=[-0.2169999927
, -0.1870642602
, -0.1546191126
, -0.1173055246
, -0.0801644325
, -0.0438143127
, -0.0080852825
, 0.0268192589
, 0.0605108999
, 0.0984383598
, 0.1248655543
, 0.1554739326
, 0.1842018664
, 0.2112912983
, 0.2365814596
, 0.2601380944
, 0.2896634042
, 0.3042255938
, 0.3198817074
, 0.3356057405
, 0.3492009044
, 0.3605498374
, 0.3696193993
, 0.3763694167
, 0.3807839751
, 0.3828393519
, 0.3825274408
, 0.3798494935
, 0.3748160303
, 0.3674469292
, 0.3577626646
, 0.3458168805
, 0.3316621184
, 0.3152880669
, 0.2968515158
, 0.2764406800
, 0.2540337741
, 0.2297679037
, 0.2037388533
, 0.1760493368
, 0.1467846185
, 0.1160787940
, 0.0841409266
, 0.0509612486
, 0.0167240500
, -0.0184355509
, -0.0543787964
, -0.0909638330
, -0.1280462742
, -0.1657014340
, -0.2032409608
, -0.2408383936
, -0.2784058750
, -0.3157612085
, -0.3527267575
, -0.3891855776
, -0.4249071479
, -0.4598371089
, -0.4938086867
, -0.5266878605
, -0.5583448410
, -0.5886783600
, -0.6175202131
, -0.6447602510
, -0.6703345776
, -0.6943483353
, -0.7160744071
, -0.7359548807
, -0.7538396120
, -0.7696056962
, -0.7832009196
, -0.7945498228
, -0.8036193848
, -0.8103693724
, -0.8147839904
, -0.8168393373
, -0.8165274262
, -0.8138495088
, -0.8088110685
, -0.8014469743
, -0.7917713523
, -0.7795092463
, -0.7652140856
, -0.7488647103
, -0.7303447723
, -0.7098285556
, -0.6874259710
, -0.6631357074
, -0.6371524334
, -0.6093338728
, -0.5803318024
, -0.5491595864
, -0.5172371864
, -0.4843403399
, -0.4504323602
, -0.4155644476
, -0.3796212077
, -0.3426674902
, -0.3058902919
, -0.2685202360
, -0.2308532000
, -0.1931615919
, -0.1555941105
, -0.1182387993
, -0.0812732428
, -0.0448433384
, -0.0090928609
, 0.0258371029
, 0.0598087013
, 0.0926878601
, 0.1243448257
, 0.1546546519
, 0.1835202277
, 0.2110033929
, 0.2363765687
, 0.2601197660
, 0.2820220292
, 0.3019548655
, 0.3198396266
, 0.3356057107
, 0.3491909206
, 0.3605498374
, 0.3696193993
, 0.3763738573
, 0.3807865679
, 0.3828393519
, 0.3825262487
, 0.3798463941
, 0.3748160303
, 0.3673539162
, 0.3577259183
, 0.3458167911
, 0.3316621482
, 0.3153175414
, 0.2968669534
, 0.2764406800
, 0.2540337741
, 0.2296849638
, 0.2037171125
, 0.1760262996
, 0.1467573941
, 0.1160785481
, 0.0840851963
, 0.0509339683
, 0.0166959688
, -0.0194210857
, -0.0554133877
, -0.0920146108
, -0.1291722506
, -0.1664564312
, -0.2041604072
, -0.2418818921
, -0.2792235315
, -0.3166649640
, -0.3535564840
, -0.3902760744
, -0.4259428382
, -0.4605607092
, -0.4942000806
, -0.5268494487
, -0.5584223866
, -0.5890749693
, -0.6220440269
, -0.6448263526
, -0.6703963280
, -0.6941382885
, -0.7160389423
, -0.7360022068
, -0.7538396120
, -0.7696307898
, -0.7832010388
, -0.7945498824
, -0.8036265969
, -0.8103693724
, -0.8147839904
, -0.8168393373
, -0.8165274262
, -0.8138108253
, -0.8078746796
, -0.8014323711
, -0.7917528152
, -0.7798168063
, -0.7656621337
, -0.7493315935
, -0.7309002280
, -0.7104406953
, -0.6880337596
, -0.6637679338
, -0.6377171278
, -0.6100263000
, -0.5807843804
, -0.5501067638
, -0.5181145668
, -0.4845936894
, -0.4456765056
, -0.4155644476
, -0.3796212077
, -0.3430361748
, -0.3059537411
, -0.2684560418
, -0.2308529168
, -0.1931613088
, -0.1555941105
, -0.1182387993
, -0.0812732428
, -0.0445722416
, -0.0090928609
, 0.0258960165
, 0.0598357506
, 0.0935525969
, 0.1252029538
, 0.1553736180
, 0.1840392798
, 0.2112041116
, 0.2369956225
, 0.2607134879
, 0.2825467885
, 0.3024141788
, 0.3201642036
, 0.3359867930
, 0.3495033681
, 0.3607384264
, 0.3697324097
, 0.3764346540
, 0.3807839751
, 0.3828598559
, 0.3822792172
, 0.3798494935
, 0.3748160303
, 0.3674323857
, 0.3577625751
, 0.3457946479
, 0.3316621482
, 0.3152586222
, 0.2968669534
, 0.2764406800
, 0.2540337741
, 0.2297475636
, 0.2037388533
, 0.1759780496
, 0.1467843801
, 0.1157368496
, 0.0792858154
, 0.0509339683
, 0.0167240500
, -0.0184355509
, -0.0543787964
, -0.0909638330
, -0.1280462742
, -0.1655439585
, -0.2031470835
, -0.2408386916
, -0.2784058750
, -0.3157612085
, -0.3527267575
, -0.3891566694
, -0.4249071479
, -0.4601815939
, -0.4938357472
, -0.5267425179
, -0.5583698750
, -0.5887047648
, -0.6174981594
, -0.6448050141
, -0.6703349352
, -0.6941201091
, -0.7160223126
, -0.7359551191
, -0.7539102435
, -0.7696059346
, -0.7832010388
, -0.7945589423
, -0.8036131859
, -0.8104768395
, -0.8148806095
, -0.8168625832
, -0.8164954782
, -0.8137617111
, -0.8086595535
, -0.8013033867
, -0.7914533019
, -0.7795315981
, -0.7652522922
, -0.7489082217
, -0.7305242419
, -0.7100263238
, -0.6877788901
, -0.6637675166
, -0.6376720071
, -0.6098098159
, -0.5807578564
, -0.5500005484
, -0.5181145668
, -0.4849607348
, -0.4506652355
, -0.4155356884
, -0.3795918524
, -0.3430063725
, -0.3059235811
, -0.2684898376
, -0.2308195680
, -0.1931279749
, -0.1555935442
, -0.1181463152
, -0.0812435448
, -0.0444493778
, -0.0090642627
, 0.0259228423
, 0.0598357506
, 0.0927139744
, 0.1243698969
, 0.1547047794
, 0.1835204363
, 0.2108049989
, 0.2363545299
, 0.2601382732
, 0.2820389569
, 0.3019551337
, 0.3198398650
, 0.3356175721
, 0.3492010236
, 0.3606436551
, 0.3696194589
, 0.3763788640
, 0.3807840049
, 0.3828393817
, 0.3825274408
, 0.3798494339
, 0.3748159409
, 0.3674468398
, 0.3577711582
, 0.3458167911
, 0.3316241801
, 0.3147756159
, 0.2965242565
, 0.2760801017
, 0.2538773119
, 0.2291557193
, 0.2029503137
, 0.1752598882
, 0.1461784244
, 0.1156329662
, 0.0833738819
, 0.0503099710
, 0.0157928523
, -0.0194210857
, -0.0551702008
, -0.0918306410
, -0.1287659854
, -0.1661704183
, -0.2037796825
, -0.2413766831
, -0.2794443667
, -0.3161668777
, -0.3527564406
, -0.3892178237
, -0.4249076843
, -0.4598376155
, -0.4938653409
, -0.5266883373
, -0.5583698750
, -0.5886785984
, -0.6175204515
, -0.6448477507
, -0.6703349352
, -0.6941201091
, -0.7160223126
, -0.7359551191
, -0.7538398504
, -0.7697523832
, -0.7832120657
, -0.7945670485
, -0.8036131859
, -0.8103694916
, -0.8147865534
, -0.8168393970
, -0.8165274262
, -0.8138494492
, -0.8088159561
, -0.8014468551
, -0.7917625904
, -0.7798168063
, -0.7656497955
, -0.7493313551
, -0.7308999300
, -0.7102262378
, -0.6846447587
, -0.6637675166
, -0.6376933455
, -0.6100010872
, -0.5807578564
, -0.5501067638
, -0.5181145668
, -0.4849607348
, -0.4507235289
, -0.4155639112
, -0.3796206415
, -0.3430356085
, -0.3059531450
, -0.2685196400
, -0.2308529168
, -0.1922462732
, -0.1545888036
, -0.1172715202
, -0.0804726556
, -0.0442080796
, -0.0081731146
, 0.0267021097
, 0.0606785044
, 0.0934979618
, 0.1250205338
, 0.1553970724
, 0.1840136051
, 0.2112460136
, 0.2366234660
, 0.2601201236
, 0.2820223272
, 0.3022874296
, 0.3221496642
, 0.3356175721
, 0.3498364985
, 0.3605498970
, 0.3696264625
, 0.3763694763
, 0.3807865679
, 0.3828393817
, 0.3825274408
, 0.3798463643
, 0.3748110235
, 0.3674400747
, 0.3577530086
, 0.3458167911
, 0.3316362798
, 0.3151279092
, 0.2939880490
, 0.2764233351
, 0.2539942265
, 0.2297475636
, 0.2037171125
, 0.1760010868
, 0.1467340589
, 0.1160790324
, 0.0840856954
, 0.0508495532
, 0.0166959688
, -0.0184360947
, -0.0544081405
, -0.0909936354
, -0.1281094253
, -0.1659193635
, -0.2088720649
, -0.2408720255
, -0.2785300612
, -0.3159807920
, -0.3528181016
, -0.3892178237
, -0.4249950945
, -0.4598649740
, -0.4941163957
, -0.5266883373
, -0.5584474802
, -0.5887047648
, -0.6175452471
, -0.6448711753
, -0.6703959703
, -0.6944442987
, -0.7191252112
, -0.7359701395
, -0.7538532019
, -0.7696305513
, -0.7832120657
, -0.7945498824
, -0.8036194444
, -0.8103694916
, -0.8147839904
, -0.8168393970
, -0.8165274262
, -0.8138494492
, -0.8088055253
, -0.8014324903
, -0.7917625904
, -0.7795091867
, -0.7652003765
, -0.7488352656
, -0.7304754257
, -0.7100630403
, -0.6874256134
, -0.6631126404
, -0.6370176673
, -0.6093077660
, -0.5802809596
, -0.5493159890
, -0.5172922015
, -0.4843099713
, -0.4500854909
, -0.4150590003
, -0.3787101507
, -0.3423583806
, -0.3051111102
, -0.2679224312
, -0.2303479761
, -0.1926566511
, -0.1555637866
, -0.1182087213
, -0.0810272694
, -0.0447535217
, -0.0090642627
, 0.0258376282
, 0.0603133291
, 0.0927681625
, 0.1243698969
