StateVariable_5=[0.0000000000
, 0.0299357399
, 0.0623808838
, 0.0996944755
, 0.1368355602
, 0.1731856912
, 0.2089147121
, 0.2438192517
, 0.2775109112
, 0.3154383600
, 0.3418655396
, 0.3724739254
, 0.4012018740
, 0.4282912910
, 0.4535814524
, 0.4771381021
, 0.5066633821
, 0.5212256312
, 0.5368816853
, 0.5526057482
, 0.5662009120
, 0.5775498152
, 0.5866193771
, 0.5933694243
, 0.5977839828
, 0.5998393297
, 0.5995274782
, 0.5968495011
, 0.5918160081
, 0.5844469666
, 0.5747626424
, 0.5628168583
, 0.5486621261
, 0.5322880745
, 0.5138515234
, 0.4934406877
, 0.4710337818
, 0.4467678964
, 0.4207388461
, 0.3930493295
, 0.3637846112
, 0.3330788016
, 0.3011409342
, 0.2679612339
, 0.2337240428
, 0.1985644549
, 0.1626212001
, 0.1260361671
, 0.0889537260
, 0.0512985699
, 0.0137590328
, -0.0238384008
, -0.0614058860
, -0.0987612009
, -0.1357267648
, -0.1721855849
, -0.2079071403
, -0.2428371012
, -0.2768087089
, -0.3096878529
, -0.3413448334
, -0.3716783524
, -0.4005202353
, -0.4277602434
, -0.4533345699
, -0.4773483276
, -0.4990743995
, -0.5189548731
, -0.5368396044
, -0.5526056886
, -0.5662009120
, -0.5775498152
, -0.5866193771
, -0.5933693647
, -0.5977839828
, -0.5998393297
, -0.5995274782
, -0.5968495011
, -0.5918110609
, -0.5844469666
, -0.5747713447
, -0.5625092387
, -0.5482140779
, -0.5318647027
, -0.5133447647
, -0.4928285778
, -0.4704259932
, -0.4461357296
, -0.4201524258
, -0.3923338950
, -0.3633317947
, -0.3321595788
, -0.3002371788
, -0.2673403621
, -0.2334323525
, -0.1985644549
, -0.1626212001
, -0.1256674826
, -0.0888902992
, -0.0515202247
, -0.0138532044
, 0.0238384008
, 0.0614058860
, 0.0987612009
, 0.1357267648
, 0.1721566617
, 0.2079071403
, 0.2428371012
, 0.2768087089
, 0.3096878529
, 0.3413448334
, 0.3716546595
, 0.4005202353
, 0.4280034006
, 0.4533765614
, 0.4771197736
, 0.4990220368
, 0.5189548731
, 0.5368396044
, 0.5526056886
, 0.5661908984
, 0.5775498152
, 0.5866193771
, 0.5933738947
, 0.5977865458
, 0.5998393297
, 0.5995262265
, 0.5968464017
, 0.5918160677
, 0.5843539238
, 0.5747259259
, 0.5628167987
, 0.5486621261
, 0.5323175192
, 0.5138669610
, 0.4934406877
, 0.4710337818
, 0.4466849566
, 0.4207171202
, 0.3930262923
, 0.3637574017
, 0.3330785632
, 0.3010852039
, 0.2679339647
, 0.2336959690
, 0.1975789219
, 0.1615866125
, 0.1249853894
, 0.0878277421
, 0.0505435616
, 0.0128395893
, -0.0248818919
, -0.0622235313
, -0.0996649489
, -0.1365564764
, -0.1732760817
, -0.2089428306
, -0.2435607016
, -0.2772000730
, -0.3098494411
, -0.3414224088
, -0.3720749319
, -0.4050440490
, -0.4278263748
, -0.4533963501
, -0.4771382511
, -0.4990389347
, -0.5190021992
, -0.5368396044
, -0.5526307821
, -0.5662010312
, -0.5775498748
, -0.5866265893
, -0.5933693647
, -0.5977839828
, -0.5998393297
, -0.5995274782
, -0.5968108177
, -0.5908747315
, -0.5844323635
, -0.5747528672
, -0.5628167987
, -0.5486621261
, -0.5323315859
, -0.5139002204
, -0.4934406877
, -0.4710337818
, -0.4467678964
, -0.4207171202
, -0.3930262923
, -0.3637843728
, -0.3331067860
, -0.3011145592
, -0.2675937116
, -0.2286764979
, -0.1985644549
, -0.1626212001
, -0.1260361671
, -0.0889537260
, -0.0514560342
, -0.0138529167
, 0.0238386877
, 0.0614058860
, 0.0987612009
, 0.1357267648
, 0.1724277586
, 0.2079071403
, 0.2428960204
, 0.2768357396
, 0.3105525970
, 0.3422029316
, 0.3723736107
, 0.4010392725
, 0.4282041192
, 0.4539956152
, 0.4777134955
, 0.4995467961
, 0.5194141865
, 0.5371642113
, 0.5529868007
, 0.5665034056
, 0.5777384639
, 0.5867324471
, 0.5934346318
, 0.5977839828
, 0.5998598337
, 0.5992792249
, 0.5968495011
, 0.5918160677
, 0.5844323635
, 0.5747625828
, 0.5627946258
, 0.5486621261
, 0.5322586298
, 0.5138669610
, 0.4934406877
, 0.4710337818
, 0.4467475712
, 0.4207388461
, 0.3929780424
, 0.3637843728
, 0.3327368498
, 0.2962858081
, 0.2679339647
, 0.2337240428
, 0.1985644549
, 0.1626212001
, 0.1260361671
, 0.0889537260
, 0.0514560342
, 0.0138529167
, -0.0238386877
, -0.0614058860
, -0.0987612009
, -0.1357267648
, -0.1721566617
, -0.2079071403
, -0.2431816012
, -0.2768357396
, -0.3097425401
, -0.3413698971
, -0.3717047870
, -0.4004981518
, -0.4278050065
, -0.4533349276
, -0.4771201313
, -0.4990223348
, -0.5189551711
, -0.5369102359
, -0.5526059270
, -0.5662010312
, -0.5775589347
, -0.5866131783
, -0.5934768319
, -0.5978806615
, -0.5998625755
, -0.5994955301
, -0.5967617035
, -0.5916595459
, -0.5843033791
, -0.5744532943
, -0.5625315905
, -0.5482522845
, -0.5319082141
, -0.5135242343
, -0.4930263460
, -0.4707788825
, -0.4467675388
, -0.4206719995
, -0.3928098083
, -0.3637578487
, -0.3330005705
, -0.3011145592
, -0.2679607272
, -0.2336652428
, -0.1985356808
, -0.1625918597
, -0.1260063648
, -0.0889235735
, -0.0514898486
, -0.0138195613
, 0.0238720253
, 0.0614064559
, 0.0988536850
, 0.1357564479
, 0.1725506186
, 0.2079357356
, 0.2429228425
, 0.2768357396
, 0.3097139597
, 0.3413698971
, 0.3717047870
, 0.4005204439
, 0.4278050065
, 0.4533545375
, 0.4771382511
, 0.4990389347
, 0.5189551711
, 0.5368398428
, 0.5526176095
, 0.5662010312
, 0.5776436329
, 0.5866194367
, 0.5933788419
, 0.5977839828
, 0.5998393893
, 0.5995274186
, 0.5968494415
, 0.5918159485
, 0.5844468474
, 0.5747711658
, 0.5628167987
, 0.5486241579
, 0.5317755938
, 0.5135242343
, 0.4930801094
, 0.4708773196
, 0.4461557269
, 0.4199503064
, 0.3922598958
, 0.3631784320
, 0.3326329589
, 0.3003738821
, 0.2673099637
, 0.2327928543
, 0.1975789219
, 0.1618297994
, 0.1251693666
, 0.0882340223
, 0.0508295819
, 0.0132203102
, -0.0243766811
, -0.0624443740
, -0.0991668701
, -0.1357564479
, -0.1722178310
, -0.2079076767
, -0.2428376228
, -0.2768653631
, -0.3096883595
, -0.3413698971
, -0.3716785908
, -0.4005204439
, -0.4278477430
, -0.4533349276
, -0.4771201313
, -0.4990223348
, -0.5189551711
, -0.5368398428
, -0.5527523756
, -0.5662120581
, -0.5775670409
, -0.5866131783
, -0.5933694839
, -0.5977866054
, -0.5998393893
, -0.5995274186
, -0.5968494415
, -0.5918159485
, -0.5844468474
, -0.5747625828
, -0.5628167987
, -0.5486497879
, -0.5323313475
, -0.5138999224
, -0.4932262301
, -0.4676447511
, -0.4467675388
, -0.4206933379
, -0.3930010796
, -0.3637578487
, -0.3331067860
, -0.3011145592
, -0.2679607272
, -0.2337235212
, -0.1985639036
, -0.1626206487
, -0.1260356009
, -0.0889531597
, -0.0515196510
, -0.0138529167
, 0.0247537233
, 0.0624111928
, 0.0997284800
, 0.1365273446
, 0.1727919281
, 0.2088268846
, 0.2437021136
, 0.2776785195
, 0.3104979694
, 0.3420205414
, 0.3723970652
, 0.4010136127
, 0.4282460213
, 0.4536234736
, 0.4771201313
, 0.4990223348
, 0.5192874074
, 0.5391496420
, 0.5526176095
, 0.5668364763
, 0.5775498748
, 0.5866264701
, 0.5933694839
, 0.5977866054
, 0.5998393893
, 0.5995274186
, 0.5968464017
, 0.5918110013
, 0.5844400525
, 0.5747529864
, 0.5628167987
, 0.5486363173
, 0.5321279168
, 0.5109880567
, 0.4934233427
, 0.4709942341
, 0.4467475712
, 0.4207171202
, 0.3930010796
, 0.3637340665
, 0.3330790401
, 0.3010857105
, 0.2678495646
, 0.2336959690
, 0.1985639036
, 0.1625918597
, 0.1260063648
, 0.0888905823
, 0.0510806292
, 0.0081279324
, -0.0238720253
, -0.0615300536
, -0.0989807770
, -0.1358180940
, -0.1722178310
, -0.2079950869
, -0.2428649813
, -0.2771164179
, -0.3096883595
, -0.3414474726
, -0.3717047870
, -0.4005452693
, -0.4278711379
, -0.4533959627
, -0.4774443209
, -0.5021252036
, -0.5189701319
, -0.5368532538
, -0.5526306033
, -0.5662120581
, -0.5775498748
, -0.5866194367
, -0.5933694839
, -0.5977839828
, -0.5998393893
, -0.5995274186
, -0.5968494415
, -0.5918055177
, -0.5844324827
, -0.5747625828
, -0.5625091791
, -0.5482004285
, -0.5318352580
, -0.5134754181
, -0.4930630624
, -0.4704256356
, -0.4461126328
, -0.4200176895
, -0.3923077583
, -0.3632809818
, -0.3323159814
, -0.3002922237
, -0.2673099637
, -0.2330854833
, -0.1980589926
, -0.1617101431
, -0.1253583878
, -0.0881111175
, -0.0509224385
, -0.0133479834
, 0.0243433435
, 0.0614362136
, 0.0987912789
, 0.1359727383
, 0.1722464859
, 0.2079357356
, 0.2428376228
, 0.2773133218
, 0.3097681701
, 0.3413698971
, 0.3717047870
, 0.4010392725
, 0.4281589687
, 0.4534389377
