StateVariable_6=[0.0000000000
, 0.0019608475
, 0.0105048167
, 0.0211039502
, 0.0301946513
, 0.0380403362
, 0.0481924191
, 0.0574570931
, 0.0635930672
, 0.0661663488
, 0.0674532205
, 0.0725713968
, 0.0780051723
, 0.0810615495
, 0.0826300904
, 0.0867013037
, 0.0914392173
, 0.0973955020
, 0.1015620679
, 0.1038575247
, 0.1079223827
, 0.1123673916
, 0.1204531565
, 0.1336141676
, 0.1496887505
, 0.1636212468
, 0.1775104702
, 0.1928821355
, 0.2097644210
, 0.2275673002
, 0.2471025735
, 0.2713626325
, 0.2962411344
, 0.3185679913
, 0.3386729062
, 0.3600749075
, 0.3811029792
, 0.4031526744
, 0.4237487614
, 0.4457426369
, 0.4689777493
, 0.4893362522
, 0.5092909932
, 0.5304784775
, 0.5528890491
, 0.5742999315
, 0.5902302265
, 0.6035614610
, 0.6165924072
, 0.6299988627
, 0.6421210766
, 0.6489934921
, 0.6538550854
, 0.6591877341
, 0.6657584906
, 0.6719556451
, 0.6737222075
, 0.6726455092
, 0.6674664021
, 0.6609296203
, 0.6520738602
, 0.6435133219
, 0.6324194670
, 0.6189516187
, 0.6072406769
, 0.5948302746
, 0.5801360607
, 0.5617440343
, 0.5367306471
, 0.5095832348
, 0.4823785722
, 0.4530951083
, 0.4242925644
, 0.3934872150
, 0.3597007990
, 0.3237473369
, 0.2870361507
, 0.2509712279
, 0.2166907936
, 0.1834319681
, 0.1479896605
, 0.1126419231
, 0.0766311809
, 0.0427903868
, 0.0085100755
, -0.0258751791
, -0.0561765656
, -0.0848695263
, -0.1136146560
, -0.1424864680
, -0.1709149927
, -0.1982183456
, -0.2237184197
, -0.2470494658
, -0.2680485547
, -0.2866646945
, -0.3029188812
, -0.3184067607
, -0.3368957043
, -0.3551045060
, -0.3704662323
, -0.3821712434
, -0.3903315067
, -0.3954682052
, -0.3982214034
, -0.3992120624
, -0.3989779949
, -0.3979524076
, -0.3964657485
, -0.3947583735
, -0.3914391994
, -0.3829453886
, -0.3729388118
, -0.3627249300
, -0.3481210470
, -0.3291574419
, -0.3103771508
, -0.2899193764
, -0.2667860091
, -0.2415199280
, -0.2152092159
, -0.1889802665
, -0.1637713164
, -0.1387017965
, -0.1105207950
, -0.0830297396
, -0.0575410537
, -0.0313360617
, -0.0063943584
, 0.0201960653
, 0.0496972613
, 0.0800092742
, 0.1061857939
, 0.1304805577
, 0.1545972526
, 0.1787610501
, 0.2025879174
, 0.2270631343
, 0.2553292215
, 0.2834537327
, 0.3084014058
, 0.3306210935
, 0.3537178636
, 0.3745298088
, 0.3924141526
, 0.4106233120
, 0.4275162220
, 0.4448578060
, 0.4589855075
, 0.4693645239
, 0.4796601534
, 0.4886720777
, 0.4983909130
, 0.5053429008
, 0.5090902448
, 0.5133380890
, 0.5153613091
, 0.5135324597
, 0.5095586777
, 0.5079798102
, 0.5045905709
, 0.4937331975
, 0.4784640372
, 0.4619412720
, 0.4471103847
, 0.4329198003
, 0.4155637324
, 0.3968672752
, 0.3757497966
, 0.3550472856
, 0.3322268426
, 0.3061527014
, 0.2774752080
, 0.2474752963
, 0.2174764723
, 0.1870243996
, 0.1532457322
, 0.1186948791
, 0.0828139558
, 0.0484230779
, 0.0140407961
, -0.0171612836
, -0.0477023982
, -0.0790554360
, -0.1110306680
, -0.1428155452
, -0.1735046506
, -0.2023398280
, -0.2287909389
, -0.2525567412
, -0.2735376954
, -0.2917827666
, -0.3090005517
, -0.3290617466
, -0.3483954370
, -0.3642938137
, -0.3786132336
, -0.3948959410
, -0.4112852514
, -0.4291165769
, -0.4443391263
, -0.4561379254
, -0.4679500461
, -0.4769233167
, -0.4813027680
, -0.4826740324
, -0.4855017662
, -0.4873321354
, -0.4863593876
, -0.4823632836
, -0.4757882655
, -0.4674993157
, -0.4567843676
, -0.4406270981
, -0.4230913520
, -0.4057221115
, -0.3860960007
, -0.3664714098
, -0.3441495895
, -0.3180255294
, -0.2888606489
, -0.2580669522
, -0.2270894051
, -0.1971309185
, -0.1690649837
, -0.1434434503
, -0.1191605702
, -0.0930205435
, -0.0665868223
, -0.0385299325
, -0.0115722921
, 0.0168535318
, 0.0463337153
, 0.0725659877
, 0.0978917032
, 0.1238890290
, 0.1505433470
, 0.1771986932
, 0.2030738443
, 0.2274989337
, 0.2515458465
, 0.2786051631
, 0.3047328591
, 0.3269835711
, 0.3470969498
, 0.3685487509
, 0.3878992796
, 0.4028309882
, 0.4144962728
, 0.4270712137
, 0.4378101528
, 0.4463563561
, 0.4561689794
, 0.4642195404
, 0.4685098231
, 0.4688488841
, 0.4658623636
, 0.4619742036
, 0.4616881609
, 0.4622693360
, 0.4599350691
, 0.4503976107
, 0.4374214113
, 0.4243214726
, 0.4110992253
, 0.3946670890
, 0.3771214783
, 0.3558627367
, 0.3299862742
, 0.3020367920
, 0.2773125470
, 0.2538095713
, 0.2284524292
, 0.1974914670
, 0.1650406718
, 0.1330177933
, 0.0993385017
, 0.0665609911
, 0.0337690897
, 0.0036333899
, -0.0266600531
, -0.0569256917
, -0.0831633136
, -0.1079817414
, -0.1331702769
, -0.1588774770
, -0.1845555454
, -0.2095338851
, -0.2331867218
, -0.2565230429
, -0.2828792930
, -0.3086074293
, -0.3324663639
, -0.3572408855
, -0.3793829978
, -0.3981198967
, -0.4167782366
, -0.4338955581
, -0.4512422681
, -0.4651678205
, -0.4751713872
, -0.4849314094
, -0.4917836785
, -0.4956609607
, -0.5003466010
, -0.5031268597
, -0.5038123131
, -0.5061685443
, -0.5072843432
, -0.5052455068
, -0.4999051988
, -0.4918983877
, -0.4821046889
, -0.4698271453
, -0.4521036446
, -0.4330629110
, -0.4143335521
, -0.3934877813
, -0.3727710247
, -0.3494785130
, -0.3225002885
, -0.2925917208
, -0.2611573040
, -0.2296331972
, -0.1992127448
, -0.1692019552
, -0.1364711076
, -0.1048880070
, -0.0757879838
, -0.0464433804
, -0.0188118611
, 0.0100669404
, 0.0399695411
, 0.0666243434
, 0.0923091620
, 0.1187142059
, 0.1458534598
, 0.1730544120
, 0.1994019747
, 0.2242202461
, 0.2470855564
, 0.2677631676
, 0.2876709998
, 0.3104121089
, 0.3325360119
, 0.3513741791
, 0.3677038848
, 0.3853788376
, 0.4013090134
, 0.4133288562
, 0.4226066172
, 0.4332817495
, 0.4425305724
, 0.4483274519
, 0.4505072832
, 0.4511437714
, 0.4546222985
, 0.4581184685
, 0.4594802260
, 0.4566590786
, 0.4462915063
, 0.4325781763
, 0.4189985096
, 0.4055935144
, 0.3892416954
, 0.3719871342
, 0.3527110517
, 0.3341153264
, 0.3135359883
, 0.2897207141
, 0.2632269561
, 0.2352701426
, 0.2071333528
, 0.1783424020
, 0.1460195780
, 0.1142680869
, 0.0846213847
, 0.0545073859
, 0.0259992983
, -0.0037830786
, -0.0345652029
, -0.0620840304
, -0.0886823237
, -0.1158899665
, -0.1436636746
, -0.1713225693
, -0.1978613287
, -0.2224708050
, -0.2457432896
, -0.2686922252
, -0.2945374548
, -0.3195527196
, -0.3409749866
, -0.3595071435
, -0.3789553940
, -0.3978498876
, -0.4177469611
, -0.4347243309
, -0.4480285943
, -0.4611365199
, -0.4727768898
, -0.4848482311
, -0.4937408268
, -0.4991199374
, -0.5047940016
, -0.5081398487
, -0.5090414882
, -0.5111715198
, -0.5118038058
, -0.5091702342
, -0.5032284856
, -0.4946735203
, -0.4843966067
, -0.4717293084
, -0.4536997378
, -0.4344562292
, -0.4156373143
, -0.3947199285
, -0.3738380671
, -0.3503350616
, -0.3231495619
, -0.2930592895
, -0.2614764869
, -0.2298372537
, -0.1993312240
, -0.1708170623
, -0.1432741284
, -0.1132966504
, -0.0829821229
, -0.0514003709
, -0.0214375928
, 0.0094418842
, 0.0408781804
, 0.0686233118
, 0.0948762298
, 0.1211216971
, 0.1484948248
, 0.1761290729
, 0.2029365897
, 0.2281120121
, 0.2511350513
, 0.2717388570
, 0.2914128006
, 0.3138872087
, 0.3357126117
, 0.3558360040
, 0.3771270216
, 0.3961069584
, 0.4104896188
, 0.4214491844
, 0.4329589307
, 0.4422231317
, 0.4485062957
, 0.4528920054
, 0.4592513442
, 0.4646905363
, 0.4671605527
, 0.4663391113
, 0.4627004862
, 0.4569851160
, 0.4500224590
, 0.4424580336
, 0.4332509935
, 0.4190887809
, 0.4022361636
, 0.3819771409
, 0.3614040315
, 0.3400968611
, 0.3214422762
, 0.3020010293
, 0.2798127234
, 0.2550395727
, 0.2286925465
, 0.2004043907
, 0.1675567180
, 0.1345510185
, 0.1031927839
, 0.0711312592
, 0.0406088680
, 0.0088683795
, -0.0237460248
, -0.0528966263
, -0.0808143839
, -0.1090882048
, -0.1377812773
, -0.1663091928
, -0.1938877255
, -0.2197892368
, -0.2451067567
, -0.2732526362
, -0.3005619049
, -0.3242627084
, -0.3449510336
, -0.3664019704
, -0.3856026828
, -0.4019801915
, -0.4188706875
, -0.4347002208
, -0.4512104392
, -0.4661967158
, -0.4812321961
, -0.4926235676
, -0.4999680817
, -0.5071527362
, -0.5115038157
, -0.5129534602
, -0.5153941512
, -0.5161371827
, -0.5134163499
, -0.5071812272
, -0.4982666075
, -0.4876199365
, -0.4760797918
, -0.4643089175
, -0.4513634443
, -0.4339563251
