StateVariable_7=[0.0000000000
, 0.0230430495
, 0.0901942179
, 0.1208112314
, 0.1072776020
, 0.0925882608
, 0.1136726364
, 0.1150760055
, 0.0913706049
, 0.0593876280
, 0.0538347326
, 0.0993001238
, 0.1185659617
, 0.1016580164
, 0.0877859741
, 0.1111702248
, 0.1277640760
, 0.1438945532
, 0.1299029887
, 0.1129385456
, 0.1289281100
, 0.1429741234
, 0.1863763034
, 0.2474669218
, 0.2855056226
, 0.2723581791
, 0.2714032829
, 0.2931283712
, 0.3231202364
, 0.3492555320
, 0.3851493299
, 0.4480231702
, 0.4764475524
, 0.4668608010
, 0.4587710202
, 0.4860416651
, 0.5102772117
, 0.5425458550
, 0.5543808937
, 0.5882451534
, 0.6214699149
, 0.6177072525
, 0.6299018860
, 0.6626936793
, 0.6997072697
, 0.7110216618
, 0.6765382886
, 0.6619819403
, 0.6766414642
, 0.7035702467
, 0.7101423740
, 0.6745204329
, 0.6606234312
, 0.6762280464
, 0.7039495707
, 0.7112718821
, 0.6756545901
, 0.6429224610
, 0.6046416759
, 0.5894554257
, 0.5724512935
, 0.5738452077
, 0.5485165715
, 0.5196669102
, 0.5251024365
, 0.5130170584
, 0.4797745049
, 0.4244415164
, 0.3415804207
, 0.2984344959
, 0.2810862064
, 0.2500145733
, 0.2321289182
, 0.1896789819
, 0.1306618899
, 0.0759999081
, 0.0367269665
, 0.0136933522
, 0.0027372928
, -0.0194315724
, -0.0733511969
, -0.1150062606
, -0.1556953490
, -0.1711416095
, -0.2065168172
, -0.2402642667
, -0.2367766947
, -0.2492428273
, -0.2821135521
, -0.3191660941
, -0.3487948477
, -0.3677314222
, -0.3769313991
, -0.3807321489
, -0.3823539019
, -0.3831801414
, -0.3834633231
, -0.4010230601
, -0.4527589679
, -0.4764024615
, -0.4656631351
, -0.4395802617
, -0.4140212238
, -0.3958947659
, -0.3856644034
, -0.3811283410
, -0.3797898591
, -0.3798310459
, -0.3802401125
, -0.3805932701
, -0.3624846637
, -0.3092109263
, -0.2848773599
, -0.2772597373
, -0.2318043411
, -0.1798626930
, -0.1663306803
, -0.1420033276
, -0.1024928838
, -0.0624866039
, -0.0319089331
, -0.0129718184
, -0.0033861406
, 0.0186553504
, 0.0728114322
, 0.0968568474
, 0.1039362848
, 0.1306786984
, 0.1474506259
, 0.1899287254
, 0.2489948273
, 0.2858191133
, 0.2722200751
, 0.2712153196
, 0.2929655015
, 0.3229956925
, 0.3492453992
, 0.3851278126
, 0.4478015304
, 0.4762068987
, 0.4666940868
, 0.4587509036
, 0.4860709906
, 0.4919070899
, 0.4891050160
, 0.5111970901
, 0.5253942013
, 0.5490980744
, 0.5375469923
, 0.5160002708
, 0.5248491168
, 0.5322611928
, 0.5527634621
, 0.5398545265
, 0.5174379349
, 0.5253288150
, 0.5136044621
, 0.4805867970
, 0.4622621536
, 0.4870594740
, 0.4748311043
, 0.4004791677
, 0.3422650397
, 0.3219326735
, 0.3367443085
, 0.3403135240
, 0.3024924695
, 0.2674687505
, 0.2271335423
, 0.2105150968
, 0.1742960215
, 0.1218331084
, 0.0719557330
, 0.0354250148
, 0.0136182047
, -0.0152800223
, -0.0724868104
, -0.1155796051
, -0.1571870148
, -0.1758902222
, -0.2016296983
, -0.2040528208
, -0.2274288386
, -0.2701874971
, -0.3138797879
, -0.3470884860
, -0.3674429357
, -0.3775853515
, -0.3814069629
, -0.3821022809
, -0.3817082942
, -0.3811881840
, -0.3991568983
, -0.4521785975
, -0.4737823009
, -0.4596124887
, -0.4580015540
, -0.4913349152
, -0.5172733068
, -0.5483351946
, -0.5397167206
, -0.5184307098
, -0.5262276530
, -0.5144650340
, -0.4811126292
, -0.4614795148
, -0.4840862453
, -0.4893134534
, -0.4689756930
, -0.4386725724
, -0.4109388590
, -0.3924733698
, -0.3648338020
, -0.3081029058
, -0.2832119763
, -0.2756865025
, -0.2489226460
, -0.2324776798
, -0.1902144104
, -0.1309955865
, -0.0761173740
, -0.0367182903
, -0.0136403963
, -0.0026856943
, 0.0011459413
, 0.0016610087
, 0.0173752531
, 0.0641908795
, 0.1037361771
, 0.1473562419
, 0.1666408628
, 0.2047299892
, 0.2399092317
, 0.2368467599
, 0.2490738481
, 0.2817575932
, 0.3187950552
, 0.3484644592
, 0.3673430681
, 0.3771055937
, 0.3992784619
, 0.4534452558
, 0.4748142064
, 0.4601260126
, 0.4583132863
, 0.4916400015
, 0.4992542863
, 0.4769386649
, 0.4622996449
, 0.4867007136
, 0.4915374219
, 0.4886114001
, 0.5113638639
, 0.5089088678
, 0.4801267684
, 0.4440832734
, 0.4142017066
, 0.4127627611
, 0.4550579190
, 0.4752606452
, 0.4456179142
, 0.3666642904
, 0.3173866868
, 0.3104419410
, 0.3082923591
, 0.2761429250
, 0.2504225671
, 0.1998479813
, 0.1350606978
, 0.0955962166
, 0.1085551307
, 0.1096177772
, 0.0696113706
, -0.0138483625
, -0.0644207746
, -0.0896928981
, -0.1265576631
, -0.1476300657
, -0.1730055213
, -0.1790688187
, -0.2095111310
, -0.2406070381
, -0.2359513640
, -0.2479700893
, -0.2810320854
, -0.3186225295
, -0.3488048315
, -0.3684628904
, -0.3789549768
, -0.4009177685
, -0.4541884065
, -0.4777629375
, -0.4847374260
, -0.5118268728
, -0.5105060935
, -0.4997383356
, -0.5165115595
, -0.5288402438
, -0.5518049598
, -0.5396157503
, -0.5172886848
, -0.5250889063
, -0.5136794448
, -0.4989784658
, -0.5147208571
, -0.5088762045
, -0.4972810447
, -0.5154359937
, -0.5107347369
, -0.4809680879
, -0.4445068538
, -0.4144193530
, -0.3949083686
, -0.3664075136
, -0.3089578748
, -0.2836979032
, -0.2763978839
, -0.2497671247
, -0.2332092375
, -0.1907186061
, -0.1312813759
, -0.0762482733
, -0.0367613696
, -0.0136441812
, -0.0026775873
, 0.0194593947
, 0.0733160153
, 0.0970662907
, 0.1039827466
, 0.1306959093
, 0.1474621594
, 0.1900854409
, 0.2312318534
, 0.2323768884
, 0.2462364435
, 0.2801336348
, 0.3182782829
, 0.3487166464
, 0.3670792580
, 0.3761475086
, 0.3800444305
, 0.3816502988
, 0.4002123177
, 0.4526982903
, 0.4763473272
, 0.4650618434
, 0.4572023153
, 0.4856373966
, 0.4923051000
, 0.4716286361
, 0.4592435360
, 0.4855258167
, 0.4913706183
, 0.4702512324
, 0.4404363334
, 0.4328133166
, 0.4682644010
, 0.4824818075
, 0.4670622349
, 0.4208725989
, 0.3415944278
, 0.2992577553
, 0.3000171185
, 0.3036220372
, 0.2748342454
, 0.2507311106
, 0.2189270258
, 0.2073855996
, 0.1736032665
, 0.1220189333
, 0.0722853616
, 0.0356497504
, 0.0137138898
, -0.0152667267
, -0.0725078061
, -0.0974813327
, -0.1045702174
, -0.1310961097
, -0.1476447731
, -0.1901408434
, -0.2312664688
, -0.2329401970
, -0.2480897456
, -0.2819611132
, -0.3191990852
, -0.3485656679
, -0.3646125793
, -0.3708258271
, -0.3808882236
, -0.4056386352
, -0.4602523148
, -0.4829545021
, -0.4698914289
, -0.4600805342
, -0.4866051674
, -0.5104293823
, -0.5425084233
, -0.5359891653
, -0.5165228844
, -0.5254700184
, -0.5325293541
, -0.5522026420
, -0.5375681520
, -0.5144103765
, -0.5228155851
, -0.5125944614
, -0.4986748695
, -0.5142514706
, -0.5083197355
, -0.4785428941
, -0.4427962899
, -0.4135865867
, -0.3946918845
, -0.3667316735
, -0.3096144199
, -0.2848391235
, -0.2781566679
, -0.2512643635
, -0.2333521992
, -0.1899008304
, -0.1302215606
, -0.0753801838
, -0.0362109654
, -0.0133651877
, -0.0025715749
, 0.0011735681
, 0.0199592914
, 0.0727278069
, 0.1147224978
, 0.1569262147
, 0.1731443256
, 0.2082927078
, 0.2415444255
, 0.2373351455
, 0.2465400547
, 0.2755155265
, 0.3187430501
, 0.3540612459
, 0.3745411336
, 0.3831129074
, 0.3848686814
, 0.3838794529
, 0.4007592201
, 0.4530335367
, 0.4767684937
, 0.4842509627
, 0.5114939213
, 0.5101753473
, 0.4811577201
, 0.4625056386
, 0.4822461605
, 0.4831863046
, 0.4689047933
, 0.4628843665
, 0.4911834598
, 0.4965053499
, 0.4740790725
, 0.4419454634
, 0.4138545394
, 0.3948657811
, 0.3849679232
, 0.3808465004
, 0.3615133166
, 0.3083010316
, 0.2659569383
, 0.2233952433
, 0.2065546364
, 0.1926683187
, 0.2039892077
, 0.1836274266
, 0.1350850016
, 0.0827846155
, 0.0421345718
, -0.0014417418
, -0.0675550848
, -0.0967753977
, -0.1052986830
, -0.1319396198
, -0.1481550783
, -0.1902554184
, -0.2311515212
, -0.2323431671
, -0.2461899072
, -0.2792622149
, -0.3168235719
, -0.3475243747
, -0.3672502637
, -0.3770685494
, -0.3991111219
, -0.4532390535
, -0.4775161743
, -0.4667177200
, -0.4583173096
, -0.4856984615
, -0.4920179248
, -0.4896901846
, -0.5125589371
, -0.5279509425
, -0.5525264740
, -0.5592013597
, -0.5724237561
, -0.5513556600
, -0.5233271718
, -0.5291064382
, -0.5166230798
, -0.5009153485
, -0.5163858533
, -0.5105080009
, -0.4801686108
, -0.4432312548
, -0.4136900604
, -0.3949025869
, -0.3846981823
, -0.3797450960
, -0.3601624668
, -0.3071305156
