time=[0.0000000000
, 0.9983000159
, 1.9974999428
, 2.9974999428
, 3.9974999428
, 4.9974999428
, 5.9983000755
, 6.9983000755
, 7.9974999428
, 8.9975004196
, 9.9975004196
, 10.9975004196
, 11.9975004196
, 13.1450996399
, 13.9991998672
, 14.9982995987
, 15.9982995987
, 16.9983005524
, 17.9974994659
, 18.9974994659
, 19.9974994659
, 20.9974994659
, 21.9974994659
, 22.9974994659
, 23.9974994659
, 24.9992008209
, 26.0000000000
, 26.9983005524
, 27.9983005524
, 29.1450996399
, 29.9992008209
, 31.1492996216
, 31.9974994659
, 32.9975013733
, 33.9975013733
, 34.9975013733
, 36.0000000000
, 37.0059013367
, 37.9991989136
, 38.9975013733
, 40.0033988953
, 40.9975013733
, 41.9982986450
, 42.9975013733
, 43.9975013733
, 45.1543998718
, 46.0008010864
, 47.1510009766
, 47.9982986450
, 48.9975013733
, 49.9991989136
, 50.9982986450
, 51.9975013733
, 52.9975013733
, 53.9975013733
, 54.9975013733
, 56.0000000000
, 56.9982986450
, 58.0688018799
, 58.9975013733
, 59.9975013733
, 61.1166000366
, 62.0611991882
, 63.0242996216
, 64.0217971802
, 65.0251998901
, 66.0234985352
, 67.0201034546
, 68.0217971802
, 69.0150985718
, 70.0193023682
, 71.0142974854
, 72.0268020630
, 73.0242996216
, 74.0176010132
, 75.0017013550
, 76.0000000000
, 77.1979980469
, 77.9991989136
, 79.1518020630
, 79.9974975586
, 81.0042037964
, 81.9974975586
, 82.9974975586
, 83.9974975586
, 84.9974975586
, 85.9991989136
, 86.9982986450
, 87.9982986450
, 88.9974975586
, 89.9974975586
, 90.9974975586
, 91.9991989136
, 93.1871032715
, 93.9991989136
, 95.1467971802
, 96.0000000000
, 96.9991989136
, 97.9991989136
, 98.9974975586
, 99.9982986450
, 100.9991989136
, 101.9982986450
, 102.9982986450
, 103.9982986450
, 104.9991989136
, 106.0000000000
, 106.9991989136
, 107.9991989136
, 109.2147979736
, 110.0008010864
, 111.1527023315
, 111.9974975586
, 112.9991989136
, 113.9991989136
, 114.9991989136
, 115.9991989136
, 116.9991989136
, 117.9991989136
, 118.9982986450
, 119.9982986450
, 120.9982986450
, 122.1215972900
, 122.9982986450
, 124.0008010864
, 125.1695022583
, 126.1082000732
, 127.0251998901
, 128.0243072510
, 129.0276947021
, 130.0267944336
, 131.0218048096
, 132.0234985352
, 133.0184936523
, 134.0243072510
, 135.0209960938
, 136.0285034180
, 137.0260009766
, 138.0167999268
, 139.0050048828
, 139.9974975586
, 141.2424011230
, 142.0066986084
, 143.0066986084
, 143.9974975586
, 144.9974975586
, 145.9974975586
, 146.9983062744
, 147.9983062744
, 148.9974975586
, 149.9974975586
, 150.9974975586
, 151.9974975586
, 152.9974975586
, 153.9974975586
, 154.9974975586
, 155.9983062744
, 157.2541961670
, 158.0252075195
, 158.9992065430
, 159.9983062744
, 160.9974975586
, 161.9974975586
, 162.9974975586
, 163.9983062744
, 164.9974975586
, 165.9983062744
, 166.9992065430
, 167.9983062744
, 168.9974975586
, 169.9974975586
, 170.9974975586
, 171.9974975586
, 173.2667999268
, 174.0343933105
, 174.9992065430
, 176.0016937256
, 176.9974975586
, 177.9983062744
, 178.9974975586
, 179.9983062744
, 180.9992065430
, 181.9974975586
, 182.9974975586
, 183.9974975586
, 185.0016937256
, 185.9983062744
, 186.9983062744
, 187.9974975586
, 189.2843933105
, 190.0906066895
, 191.0243072510
, 192.0218048096
, 193.0252075195
, 194.0243072510
, 195.0200958252
, 196.0755004883
, 197.0252075195
, 198.0260009766
, 199.0175933838
, 200.0234985352
, 201.0167999268
, 202.0175933838
, 203.0158996582
, 204.0142974854
, 205.3683013916
, 206.1022949219
, 207.0184936523
, 208.0167999268
, 209.0133972168
, 210.0209960938
, 210.9992065430
, 211.9974975586
, 213.0075073242
, 214.0000000000
, 214.9983062744
, 215.9992065430
, 217.0092010498
, 218.0041961670
, 218.9983062744
, 219.9983062744
, 221.3858947754
, 222.0805053711
, 223.0016937256
, 223.9983062744
, 225.0066986084
, 225.9983062744
, 227.0016937256
, 228.0075073242
, 229.0075073242
, 229.9992065430
, 230.9974975586
, 231.9974975586
, 232.9974975586
, 233.9974975586
, 234.9974975586
, 235.9983062744
, 237.3623962402
, 238.0863952637
, 239.0000000000
, 239.9983062744
, 240.9974975586
, 241.9983062744
, 242.9983062744
, 243.9983062744
, 244.9974975586
, 245.9983062744
, 247.0007934570
, 247.9974975586
, 248.9974975586
, 249.9974975586
, 250.9983062744
, 251.9983062744
, 253.2969970703
, 254.1383972168
, 255.0285034180
, 256.0260009766
, 257.0277099609
, 258.0267944336
, 259.0260009766
, 260.0226135254
, 261.0176086426
, 262.0217895508
, 263.0176086426
, 264.0285034180
, 265.0267944336
, 266.0192871094
, 267.0075073242
, 267.9992065430
, 269.4060058594
, 270.1158142090
, 271.1467895508
, 271.9982910156
, 272.9982910156
, 273.9982910156
, 275.0017089844
, 276.0000000000
, 277.0007934570
, 278.0007934570
, 278.9982910156
, 279.9982910156
, 280.9982910156
, 281.9992065430
, 282.9992065430
, 283.9992065430
, 285.3507080078
, 286.1224975586
, 287.1543884277
, 288.0067138672
, 288.9992065430
, 289.9992065430
, 290.9974975586
, 291.9982910156
, 292.9974975586
, 293.9992065430
, 294.9982910156
, 295.9982910156
, 296.9992065430
, 297.9982910156
, 298.9974975586
, 299.9974975586
, 300.9974975586
, 302.0000000000
, 303.1535034180
, 303.9974975586
, 304.9974975586
, 305.9992065430
, 306.9982910156
, 307.9982910156
, 308.9974975586
, 309.9974975586
, 310.9974975586
, 311.9974975586
, 312.9974975586
, 313.9992065430
, 314.9982910156
, 315.9982910156
, 316.9992065430
, 318.1601867676
, 319.0234985352
, 320.0242919922
, 321.0252075195
, 322.0267944336
, 323.0252075195
, 324.0234985352
, 325.0158996582
, 326.0209960938
, 327.0133972168
, 328.0260009766
, 329.0242919922
, 330.0168151855
, 331.0042114258
, 332.0000000000
, 333.5042114258
, 333.9982910156
, 335.1418151855
, 335.9992065430
, 337.0025024414
, 338.0176086426
, 339.0168151855
, 340.0176086426
, 341.0143127441
, 342.0075073242
, 342.9982910156
, 343.9974975586
, 344.9974975586
, 346.0000000000
, 346.9992065430
, 347.9982910156
, 348.9974975586
, 350.0101013184
, 351.1510009766
, 351.9974975586
, 352.9974975586
, 353.9974975586
, 354.9974975586
, 356.0000000000
, 356.9982910156
, 357.9982910156
, 358.9982910156
, 359.9974975586
, 360.9974975586
, 361.9974975586
, 362.9974975586
, 363.9992065430
, 365.0101013184
, 366.0176086426
, 367.1661071777
, 367.9982910156
, 368.9974975586
, 369.9974975586
, 370.9974975586
, 371.9974975586
, 372.9982910156
, 373.9974975586
, 374.9974975586
, 375.9982910156
, 376.9974975586
, 378.0000000000
, 378.9974975586
, 379.9974975586
, 380.9982910156
, 382.0226135254
, 383.0234985352
, 384.0242919922
, 385.0260009766
, 386.0234985352
, 387.0242919922
, 388.0260009766
, 389.0176086426
, 390.0192871094
, 391.0151062012
, 392.0226135254
, 393.0234985352
, 394.0151062012
, 395.0067138672
, 395.9974975586
, 396.9982910156
, 398.0067138672
, 399.0000000000
, 399.9982910156
, 400.9992065430
, 401.9982910156
, 402.9982910156
, 403.9982910156
, 404.9974975586
, 405.9982910156
, 406.9982910156
, 407.9982910156
, 408.9982910156
, 409.9982910156
, 410.9992065430
, 411.9982910156
, 412.9982910156
, 414.0075073242
, 415.0025024414
, 415.9982910156
, 416.9992065430
, 417.9992065430
, 418.9982910156
, 419.9982910156
, 420.9992065430
, 421.9982910156
, 422.9974975586
, 423.9992065430
, 424.9982910156
, 425.9982910156
, 426.9982910156
, 427.9982910156
, 428.9982910156
, 430.0067138672
, 431.0000000000
, 431.9982910156
, 432.9982910156
, 433.9982910156
, 434.9992065430
, 435.9982910156
, 436.9982910156
, 437.9992065430
, 438.9974975586
, 439.9974975586
, 440.9982910156
, 441.9982910156
, 442.9974975586
, 443.9974975586
, 444.9974975586
, 446.0226135254
, 447.0143127441
, 447.9992065430
, 448.9982910156
, 449.9982910156
, 450.9974975586
, 452.0260009766
, 453.0217895508
, 454.0168151855
, 455.0209960938
, 456.0168151855
, 457.0277099609
, 458.0293884277
, 459.0252075195
, 460.0234985352
, 461.0176086426
, 462.0242919922
, 463.0176086426
, 464.0075073242
, 464.9992065430
, 465.9974975586
, 466.9982910156
, 467.9982910156
, 468.9982910156
, 469.9974975586
, 470.9974975586
, 471.9974975586
, 472.9974975586
, 473.9974975586
, 474.9982910156
