position=[0.0045695892
, 0.0045695892
, 0.0049503883
, 0.0049503883
, 0.0053311875
, 0.0053311875
, 0.0057119867
, 0.0057119867
, 0.0060927859
, 0.0064735850
, 0.0064735850
, 0.0072351829
, 0.0079967817
, 0.0095199775
, 0.0106623750
, 0.0125663709
, 0.0144703658
, 0.0167551599
, 0.0194207542
, 0.0220863484
, 0.0255135410
, 0.0289407317
, 0.0327487253
, 0.0369375125
, 0.0411263034
, 0.0456958935
, 0.0506462827
, 0.0559774674
, 0.0613086559
, 0.0681630373
, 0.0734942257
, 0.0807294101
, 0.0864413977
, 0.0932957828
, 0.1005309671
, 0.1081469506
, 0.1157629266
, 0.1241405085
, 0.1325180829
, 0.1412764639
, 0.1500348449
, 0.1591740251
, 0.1686940044
, 0.1785947829
, 0.1884955615
, 0.2003003359
, 0.2086779177
, 0.2208634764
, 0.2300026566
, 0.2406650335
, 0.2513274252
, 0.2619898021
, 0.2730329633
, 0.2836953402
, 0.2947385013
, 0.3054008782
, 0.3160632551
, 0.3267256320
, 0.3377688229
, 0.3472887874
, 0.3575703502
, 0.3689943254
, 0.3781335056
, 0.3872726858
, 0.3967926800
, 0.4059318602
, 0.4146902263
, 0.4230678082
, 0.4314453900
, 0.4394421577
, 0.4470581412
, 0.4542933404
, 0.4615285099
, 0.4683828950
, 0.4748564959
, 0.4809492826
, 0.4870420694
, 0.4938964546
, 0.4984660447
, 0.5041780472
, 0.5083668232
, 0.5129364133
, 0.5175060034
, 0.5220755935
, 0.5262643695
, 0.5300723314
, 0.5338803530
, 0.5376883149
, 0.5411155224
, 0.5449235439
, 0.5483506918
, 0.5517778993
, 0.5552051067
, 0.5597746968
, 0.5624402761
, 0.5666290522
, 0.5696754456
, 0.5734834671
, 0.5776722431
, 0.5818610191
, 0.5860498548
, 0.5906194448
, 0.5951890349
, 0.6001393795
, 0.6050897837
, 0.6104210019
, 0.6161329746
, 0.6218449473
, 0.6279377341
, 0.6359345317
, 0.6412656903
, 0.6492624879
, 0.6553552747
, 0.6629712582
, 0.6705872416
, 0.6785840392
, 0.6869615912
, 0.6953392029
, 0.7040975690
, 0.7132367492
, 0.7223759294
, 0.7318958640
, 0.7425582409
, 0.7513166666
, 0.7612174153
, 0.7726414204
, 0.7821613550
, 0.7916813493
, 0.8019629121
, 0.8122444749
, 0.8225260973
, 0.8328076601
, 0.8430892229
, 0.8533707857
, 0.8636524081
, 0.8735531569
, 0.8838347197
, 0.8937355280
, 0.9032554626
, 0.9127754569
, 0.9219146371
, 0.9337193966
, 0.9401929975
, 0.9493321776
, 0.9577097893
, 0.9660873413
, 0.9740841389
, 0.9817001224
, 0.9893161058
, 0.9969320893
, 1.0037864447
, 1.0106408596
, 1.0171144009
, 1.0235880613
, 1.0296808481
, 1.0353927612
, 1.0411047935
, 1.0475783348
, 1.0517671108
, 1.0563367605
, 1.0612871647
, 1.0658566952
, 1.0704263449
, 1.0746151209
, 1.0788038969
, 1.0829926729
, 1.0871814489
, 1.0909894705
, 1.0951782465
, 1.0989862680
, 1.1027941704
, 1.1069830656
, 1.1107909679
, 1.1161222458
, 1.1191686392
, 1.1233574152
, 1.1279269457
, 1.1321157217
, 1.1370661259
, 1.1416357756
, 1.1465860605
, 1.1519173384
, 1.1572484970
, 1.1629605293
, 1.1686724424
, 1.1747652292
, 1.1808580160
, 1.1877124310
, 1.1941859722
, 1.2033251524
, 1.2094179392
, 1.2162723541
, 1.2242691517
, 1.2322659492
, 1.2402627468
, 1.2486402988
, 1.2577794790
, 1.2661570311
, 1.2749154568
, 1.2840546370
, 1.2935745716
, 1.3027137518
, 1.3122336864
, 1.3221344948
, 1.3316544294
, 1.3449825048
, 1.3522176743
, 1.3613568544
, 1.3712575436
, 1.3811583519
, 1.3910591602
, 1.4005790949
, 1.4104799032
, 1.4203807116
, 1.4299006462
, 1.4394205809
, 1.4485597610
, 1.4580798149
, 1.4672189951
, 1.4759773016
, 1.4847357273
, 1.4965405464
, 1.5022524595
, 1.5094876289
, 1.5174844265
, 1.5254812241
, 1.5327163935
, 1.5399515629
, 1.5471867323
, 1.5536603928
, 1.5601339340
, 1.5666075945
, 1.5727003813
, 1.5787930489
, 1.5845050812
, 1.5898362398
, 1.5951675177
, 1.6024026871
, 1.6058298349
, 1.6103994846
, 1.6153497696
, 1.6199194193
, 1.6244889498
, 1.6286778450
, 1.6332473755
, 1.6374361515
, 1.6420058012
, 1.6461945772
, 1.6507641077
, 1.6549528837
, 1.6595225334
, 1.6637113094
, 1.6682808399
, 1.6743736267
, 1.6781816483
, 1.6827512980
, 1.6877017021
, 1.6926519871
, 1.6979832649
, 1.7036951780
, 1.7090264559
, 1.7151192427
, 1.7208311558
, 1.7273048162
, 1.7337783575
, 1.7402518988
, 1.7471063137
, 1.7539607286
, 1.7611958981
, 1.7718582153
, 1.7771894932
, 1.7855670452
, 1.7924214602
, 1.8007990122
, 1.8091765642
, 1.8175541162
, 1.8263125420
, 1.8354517221
, 1.8442100286
, 1.8533492088
, 1.8628692627
, 1.8720084429
, 1.8815283775
, 1.8910484314
, 1.9005683661
, 1.9131346941
, 1.9207507372
, 1.9306514263
, 1.9386482239
, 1.9477874041
, 1.9573074579
, 1.9668273926
, 1.9759665728
, 1.9851057529
, 1.9942449331
, 2.0033841133
, 2.0121424198
, 2.0205199718
, 2.0292785168
, 2.0372753143
, 2.0456528664
, 2.0563151836
, 2.0620272160
, 2.0700240135
, 2.0761168003
, 2.0833518505
, 2.0902063847
, 2.0970606804
, 2.1035342216
, 2.1100077629
, 2.1161005497
, 2.1221933365
, 2.1282861233
, 2.1339981556
, 2.1393294334
, 2.1446604729
, 2.1499917507
, 2.1549422741
, 2.1610350609
, 2.1652238369
, 2.1697933674
, 2.1747436523
, 2.1793134212
, 2.1838829517
, 2.1884524822
, 2.1930220127
, 2.1979725361
, 2.2025420666
, 2.2071115971
, 2.2120621204
, 2.2166316509
, 2.2215819359
, 2.2265324593
, 2.2341482639
, 2.2368140221
, 2.2429068089
, 2.2474763393
, 2.2531883717
, 2.2592811584
, 2.2653739452
, 2.2714667320
, 2.2775595188
, 2.2840330601
, 2.2908873558
, 2.2977418900
, 2.3045961857
, 2.3122122288
, 2.3194472790
, 2.3270633221
, 2.3350601196
, 2.3430569172
, 2.3521962166
, 2.3594312668
, 2.3678088188
, 2.3761863708
, 2.3849449158
, 2.3937032223
, 2.4028422832
, 2.4116008282
, 2.4207398891
, 2.4298791885
, 2.4390182495
, 2.4485383034
, 2.4576773643
, 2.4668166637
, 2.4763367176
, 2.4854757786
, 2.4961380959
, 2.5037541389
, 2.5125124454
, 2.5216517448
, 2.5304100513
, 2.5391683578
, 2.5479269028
, 2.5566852093
, 2.5650627613
, 2.5734403133
, 2.5814371109
, 2.5894339085
, 2.5974307060
, 2.6050467491
, 2.6122817993
, 2.6198978424
, 2.6271331310
, 2.6339874268
, 2.6408417225
, 2.6473155022
, 2.6537890434
, 2.6602625847
, 2.6663553715
, 2.6720674038
, 2.6781601906
, 2.6838722229
, 2.6892032623
, 2.6945345402
, 2.6998655796
, 2.7051968575
, 2.7105281353
, 2.7154784203
, 2.7204289436
, 2.7253792286
, 2.7303295135
, 2.7352800369
, 2.7402303219
, 2.7451808453
, 2.7501311302
, 2.7550816536
, 2.7604126930
, 2.7653632164
, 2.7706942558
, 2.7756447792
, 2.7809758186
, 2.7866878510
, 2.7923998833
, 2.7981119156
, 2.8038239479
, 2.8099167347
, 2.8160095215
, 2.8221023083
, 2.8285758495
, 2.8354301453
, 2.8419036865
, 2.8487582207
, 2.8559932709
, 2.8632285595
, 2.8708446026
, 2.8784604073
, 2.8860764503
, 2.8940732479
, 2.9020700455
, 2.9100668430
, 2.9184443951
, 2.9268219471
, 2.9351994991
, 2.9439578056
, 2.9523355961
, 2.9610939026
, 2.9702329636
, 2.9789915085
, 2.9877498150
, 2.9968888760
, 3.0056474209
, 3.0147864819
, 3.0235450268
, 3.0326840878
, 3.0414423943
, 3.0505816936
, 3.0593400002
, 3.0680983067
, 3.0764760971
, 3.0852344036
, 3.0951352119
, 3.1023702621
, 3.1103670597
, 3.1187446117
, 3.1267414093
, 3.1343574524
, 3.1419734955
, 3.1495895386
, 3.1572053432
, 3.1644406319
, 3.1712949276
, 3.1785302162
, 3.1850037575
, 3.1918580532
, 3.1979508400
, 3.2044246197
, 3.2105174065
, 3.2166101933
, 3.2227029800
, 3.2284147739
, 3.2341268063
, 3.2398388386
, 3.2455508709
, 3.2508819103
, 3.2562131882
, 3.2615444660
, 3.2668755054
, 3.2722067833
, 3.2775378227
, 3.2824883461
, 3.2878196239
, 3.2927699089
, 3.2981011868
, 3.3034322262
, 3.3087635040
, 3.3140945435
, 3.3194258213
, 3.3251378536
, 3.3304688931
, 3.3361809254
, 3.3422737122
, 3.3479857445
, 3.3540785313
, 3.3601713181
, 3.3666448593
, 3.3727376461
, 3.3795921803
, 3.3860657215
, 3.3929200172
, 3.3997745514
, 3.4070096016
, 3.4142448902
, 3.4214799404
, 3.4290959835
, 3.4367120266
, 3.4447088242
, 3.4523246288
, 3.4607024193
, 3.4686989784
, 3.4770767689
, 3.4865965843
, 3.4938318729
, 3.5022094250
, 3.5105869770
, 3.5193452835
, 3.5281038284
, 3.5368621349
, 3.5452396870
, 3.5539979935
, 3.5627565384
, 3.5715148449
, 3.5802731514
, 3.5890316963
, 3.5974092484
, 3.6061675549
, 3.6149258614
, 3.6233034134
, 3.6316812038
, 3.6400587559
, 3.6480555534
, 3.6560523510
