velocity=[0.0000000000
, 0.0000000000
, 0.0015589445
, 0.0083517078
, 0.0183360986
, 0.0323508643
, 0.0473243333
, 0.0639938042
, 0.0796192288
, 0.0969764292
, 0.1159086153
, 0.1338848621
, 0.1586289406
, 0.1957138330
, 0.2517454922
, 0.3287127018
, 0.4295153618
, 0.5520312786
, 0.6956431866
, 0.8594462872
, 1.0403325558
, 1.2403491735
, 1.4564551115
, 1.6868427992
, 1.9296430349
, 2.1796481609
, 2.4350459576
, 2.6967058182
, 2.9647645950
, 3.2364084721
, 3.5140006542
, 3.7972393036
, 4.0825719833
, 4.3690066338
, 4.6545929909
, 4.9399228096
, 5.2255077362
, 5.5096244812
, 5.7961530685
, 6.0851831436
, 6.3750305176
, 6.6612105370
, 6.9444589615
, 7.2270307541
, 7.5103030205
, 7.7912855148
, 8.0663700104
, 8.3294754028
, 8.5842418671
, 8.8323812485
, 9.0697689056
, 9.2915449142
, 9.4961061478
, 9.6852970123
, 9.8563604355
, 10.0104913712
, 10.1440954208
, 10.2556924820
, 10.3454742432
, 10.4107847214
, 10.4520368576
, 10.4728193283
, 10.4747304916
, 10.4538822174
, 10.4096918106
, 10.3454236984
, 10.2603273392
, 10.1525506973
, 10.0217552185
, 9.8717193604
, 9.7042293549
, 9.5182647705
, 9.3146228790
, 9.0972175598
, 8.8689737320
, 8.6308193207
, 8.3840675354
, 8.1320695877
, 7.8767647743
, 7.6202363968
, 7.3588008881
, 7.0933861732
, 6.8251495361
, 6.5599141121
, 6.3028082848
, 6.0528454781
, 5.8073315620
, 5.5682168007
, 5.3383412361
, 5.1182837486
, 4.9132452011
, 4.7225923538
, 4.5462379456
, 4.3867111206
, 4.2482986450
, 4.1268873215
, 4.0232086182
, 3.9373002052
, 3.8721394539
, 3.8319873810
, 3.8158323765
, 3.8207423687
, 3.8466393948
, 3.8918495178
, 3.9562792778
, 4.0376930237
, 4.1370148659
, 4.2553877831
, 4.3901600838
, 4.5416073799
, 4.7119731903
, 4.8999466896
, 5.1018776894
, 5.3153920174
, 5.5391139984
, 5.7690210342
, 6.0044574738
, 6.2454690933
, 6.4888844490
, 6.7347908020
, 6.9839353561
, 7.2335920334
, 7.4825115204
, 7.7281093597
, 7.9710741043
, 8.2067642212
, 8.4299526215
, 8.6419382095
, 8.8447504044
, 9.0361022949
, 9.2127819061
, 9.3733310699
, 9.5172977448
, 9.6441488266
, 9.7545166016
, 9.8469896317
, 9.9194965363
, 9.9750146866
, 10.0124320984
, 10.0291004181
, 10.0251502991
, 10.0000743866
, 9.9562692642
, 9.8892002106
, 9.8058614731
, 9.7060546875
, 9.5902919769
, 9.4571828842
, 9.3059368134
, 9.1415710449
, 8.9685621262
, 8.7836618423
, 8.5878381729
, 8.3823261261
, 8.1708383560
, 7.9535436630
, 7.7298808098
, 7.5018601418
, 7.2694797516
, 7.0372319221
, 6.8035826683
, 6.5727186203
, 6.3460116386
, 6.1251163483
, 5.9090104103
, 5.6996850967
, 5.5008568764
, 5.3143639565
, 5.1390089989
, 4.9782609940
, 4.8300461769
, 4.6947627068
, 4.5762710571
, 4.4730367661
, 4.3869175911
, 4.3167924881
, 4.2658619881
, 4.2352566719
, 4.2214059830
, 4.2273526192
, 4.2492084503
, 4.2876172066
, 4.3450489044
, 4.4206089973
, 4.5140748024
, 4.6227273941
, 4.7454533577
, 4.8814334869
, 5.0334901810
, 5.1964435577
, 5.3721055984
, 5.5620737076
, 5.7618165016
, 5.9719133377
, 6.1878752708
, 6.4046702385
, 6.6223320961
, 6.8413515091
, 7.0598249435
, 7.2742404938
, 7.4866123199
, 7.6972441673
, 7.9009356499
, 8.0979309082
, 8.2901420593
, 8.4727458954
, 8.6450757980
, 8.8067817688
, 8.9577827454
, 9.0966291428
, 9.2218399048
, 9.3310766220
, 9.4234085083
, 9.5013828278
, 9.5651521683
, 9.6128177643
, 9.6426649094
, 9.6524457932
, 9.6464815140
, 9.6254911423
, 9.5871706009
, 9.5318183899
, 9.4591360092
, 9.3676996231
, 9.2572889328
, 9.1342496872
, 9.0023508072
, 8.8584318161
, 8.7034311295
, 8.5393466949
, 8.3626527786
, 8.1763792038
, 7.9850487709
, 7.7898907661
, 7.5933332443
, 7.3939366341
, 7.1896324158
, 6.9833760262
, 6.7780680656
, 6.5723433495
, 6.3716158867
, 6.1795849800
, 5.9947681427
, 5.8162956238
, 5.6428475380
, 5.4788327217
, 5.3251094818
, 5.1854758263
, 5.0592246056
, 4.9488134384
, 4.8519983292
, 4.7697205544
, 4.6989264488
, 4.6422519684
, 4.6011919975
, 4.5749940872
, 4.5679717064
, 4.5777659416
, 4.6011624336
, 4.6406259537
, 4.6979012489
, 4.7687430382
, 4.8549895287
, 4.9525747299
, 5.0649914742
, 5.1898937225
, 5.3242111206
, 5.4682202339
, 5.6204080582
, 5.7816329002
, 5.9517631531
, 6.1281762123
, 6.3127489090
, 6.5030622482
, 6.6974687576
, 6.8915047646
, 7.0810618401
, 7.2685155869
, 7.4556937218
, 7.6374177933
, 7.8148250580
, 7.9897627831
, 8.1574678421
, 8.3179740906
, 8.4704999924
, 8.6122941971
, 8.7408819199
, 8.8608388901
, 8.9701890945
, 9.0637550354
, 9.1389894485
, 9.2003622055
, 9.2502441406
, 9.2855014801
, 9.3058996201
, 9.3134450912
, 9.3097295761
, 9.2908916473
, 9.2540988922
, 9.2032022476
, 9.1358795166
, 9.0677289963
, 9.0165510178
, 8.9338359833
, 8.8124322891
, 8.6657781601
, 8.5058355331
, 8.3378105164
, 8.1661138535
, 7.9915394783
, 7.8158321381
, 7.6383328438
, 7.4615974426
, 7.2883915901
, 7.1160292625
, 6.9407253265
, 6.7641301155
, 6.5889763832
, 6.4157371521
, 6.2489562035
, 6.0869894028
, 5.9283461571
, 5.7775816917
, 5.6340808868
, 5.4983253479
, 5.3719320297
, 5.2579994202
, 5.1606516838
, 5.0767240524
, 5.0040450096
, 4.9452738762
, 4.8983278275
, 4.8654255867
, 4.8464403152
, 4.8416433334
, 4.8529605865
, 4.8780212402
, 4.9142875671
, 4.9640336037
, 5.0300784111
, 5.1112976074
, 5.2031683922
, 5.3021783829
, 5.4106874466
, 5.5317687988
, 5.6622447968
, 5.7994570732
, 5.9466233253
, 6.0991802216
, 6.2569913864
, 6.4214377403
, 6.5887107849
, 6.7569355965
, 6.9284582138
, 7.0994172096
, 7.2661838531
, 7.4296703339
, 7.5900125504
, 7.7484240532
, 7.9001131058
, 8.0453891754
, 8.1837120056
, 8.3148841858
, 8.4408941269
, 8.5569467545
, 8.6607103348
, 8.7537879944
, 8.8340253830
, 8.9026393890
, 8.9580917358
, 8.9972372055
, 9.0232982635
, 9.0353813171
, 9.0344009399
, 9.0230379105
, 9.0029907227
, 8.9718532562
, 8.9287014008
, 8.8712825775
, 8.8012790680
, 8.7217807770
, 8.6305770874
, 8.5254974365
, 8.4110717773
, 8.2892780304
, 8.1591176987
, 8.0217542648
, 7.8769507408
, 7.7275786400
, 7.5770673752
, 7.4239635468
, 7.2663307190
, 7.1097345352
, 6.9530715942
, 6.7936086655
, 6.6336770058
, 6.4775466919
, 6.3291015625
, 6.1889939308
, 6.0534868240
, 5.9227571487
, 5.7983932495
, 5.6821174622
, 5.5755004883
, 5.4794788361
, 5.3944101334
, 5.3201589584
, 5.2576756477
, 5.2098536491
, 5.1737446785
, 5.1492128372
, 5.1321954727
, 5.1255917549
, 5.1348013878
, 5.1596374512
, 5.1963868141
, 5.2432122231
, 5.3016490936
, 5.3696551323
, 5.4449648857
, 5.5304689407
, 5.6280546188
, 5.7319421768
, 5.8423757553
, 5.9619679451
, 6.0901308060
, 6.2276973724
, 6.3715438843
, 6.5180535316
, 6.6674013138
, 6.8169202805
, 6.9638085365
, 7.1107525826
, 7.2565903664
, 7.3994736671
, 7.5397171974
, 7.6727337837
, 7.8010864258
, 7.9283428192
, 8.0496082306
, 8.1624698639
, 8.2684898376
, 8.3649234772
, 8.4530267715
, 8.5307321548
, 8.5998973846
, 8.6580839157
, 8.7058849335
, 8.7440176010
, 8.7722454071
, 8.7868070602
, 8.7966356277
, 8.8099594116
, 8.7988862991
, 8.7642812729
, 8.7170820236
, 8.6585254669
, 8.5865554810
, 8.5021810532
, 8.4104557037
, 8.3155784607
, 8.2150955200
, 8.1066284180
, 7.9929485321
, 7.8720278740
, 7.7471098900
, 7.6149482727
, 7.4789638519
, 7.3395891190
, 7.1993784904
, 7.0606966019
, 6.9220161438
, 6.7844419479
, 6.6508917809
, 6.5228409767
, 6.3974394798
, 6.2745704651
, 6.1562237740
, 6.0444684029
, 5.9408483505
, 5.8457732201
, 5.7562441826
, 5.6740245819
, 5.5977492332
, 5.5312476158
, 5.4765276909
, 5.4333386421
, 5.4003648758
, 5.3774542809
, 5.3665475845
, 5.3641481400
, 5.3729057312
, 5.3960218430
, 5.4293208122
, 5.4724140167
, 5.5247950554
, 5.5880908966
, 5.6583790779
, 5.7387003899
, 5.8254551888
, 5.9186353683
, 6.0175600052
, 6.1239771843
, 6.2360706329
, 6.3514375687
, 6.4712004662
, 6.5952844620
, 6.7237253189
, 6.8524460793
, 6.9846644402
, 7.1166725159
, 7.2473855019
, 7.3761987686
, 7.5028605461
, 7.6236696243
, 7.7368488312
, 7.8455743790
, 7.9510130882
, 8.0507698059
, 8.1394710541
, 8.2192459106
, 8.2918586731
, 8.3578348160
, 8.4172458649
, 8.4685125351
, 8.5081958771
, 8.5393533707
, 8.5612907410
, 8.5723361969
, 8.5740089417
, 8.5668344498
