torque=[0.0000000000
, 0.0000000000
, 0.0000000000
, 0.0000000000
, 0.0000000000
, 0.0000000000
, 0.0000000000
, 0.0000000000
, 0.0000000000
, 5.0000000000
, 5.0000000000
, 5.0000000000
, 5.0000000000
, 5.0000000000
, 5.0000000000
, 5.0000000000
, 5.0000000000
, 5.0000000000
, 5.0000000000
, 5.0000000000
, 5.0000000000
, 5.0000000000
, 5.0000000000
, 5.0000000000
, 5.0000000000
, 5.0000000000
, 5.0000000000
, 5.0000000000
, 5.0000000000
, 5.0000000000
, 5.0000000000
, 5.0000000000
, 5.0000000000
, 5.0000000000
, 5.0000000000
, 5.0000000000
, 5.0000000000
, 5.0000000000
, 5.0000000000
, 5.0000000000
, 4.8041410446
, 4.3761420250
, 3.9464900494
, 3.5181105137
, 3.0901157856
, 2.6617383957
, 2.2355632782
, 1.8057703972
, 1.3722252846
, 0.9374542236
, 0.5081841946
, 0.0833115578
, -0.3405461311
, -0.7654545307
, -1.1869282722
, -1.5995550156
, -1.9942131042
, -2.3763628006
, -2.7485718727
, -3.1046533585
, -3.4373173714
, -3.7441592216
, -4.0279455185
, -4.2845406532
, -4.5157370567
, -4.7161431313
, -4.8835387230
, -5.0000000000
, -5.0000000000
, -5.0000000000
, -5.0000000000
, -5.0000000000
, -5.0000000000
, -5.0000000000
, -5.0000000000
, -4.8904910088
, -4.7288260460
, -4.5326328278
, -4.3075790405
, -4.0563440323
, -3.7773971558
, -3.4719343185
, -3.1458263397
, -2.8034605980
, -2.4462289810
, -2.0761013031
, -1.6981043816
, -1.3151471615
, -0.9303545952
, -0.5382013321
, -0.1400792599
, 0.2622756958
, 0.6601288319
, 1.0457875729
, 1.4207317829
, 1.7890026569
, 2.1476747990
, 2.4924881458
, 2.8225743771
, 3.1301321983
, 3.4161114693
, 3.6806430817
, 3.9199333191
, 4.1275520325
, 4.3096690178
, 4.4651870728
, 4.5940494537
, 4.6917905807
, 4.7520189285
, 4.7762513161
, 4.7688865662
, 4.7300410271
, 4.6622257233
, 4.5655813217
, 4.4434604645
, 4.2944774628
, 4.1169185638
, 3.9147598743
, 3.6875889301
, 3.4320402145
, 3.1500799656
, 2.8471834660
, 2.5269119740
, 2.1913290024
, 1.8464684486
, 1.4933137894
, 1.1317963600
, 0.7666733265
, 0.3978137970
, 0.0240969658
, -0.3503880501
, -0.7237672806
, -1.0921640396
, -1.4566111565
, -1.8101463318
, -2.1449289322
, -2.4629073143
, -2.7671256065
, -3.0541534424
, -3.3191728592
, -3.5599966049
, -3.7759466171
, -3.9662232399
, -4.1317749023
, -4.2704844475
, -4.3792448044
, -4.4625220299
, -4.5186481476
, -4.5436506271
, -4.5377254486
, -4.5001115799
, -4.4344038963
, -4.3338003159
, -4.2087922096
, -4.0590820313
, -3.8854379654
, -3.6857743263
, -3.4589052200
, -3.2123565674
, -2.9528431892
, -2.6754927635
, -2.3817572594
, -2.0734891891
, -1.7562575340
, -1.4303154945
, -1.0948212147
, -0.7527902126
, -0.4042196274
, -0.0558478832
, 0.2946259975
, 0.6409220695
, 0.9809825420
, 1.3123254776
, 1.6364843845
, 1.9504723549
, 2.2487146854
, 2.5284540653
, 2.7914865017
, 3.0326085091
, 3.2549307346
, 3.4578559399
, 3.6355934143
, 3.7904448509
, 3.9196236134
, 4.0248112679
, 4.1012067795
, 4.1471147537
, 4.1678910255
, 4.1589708328
, 4.1261873245
, 4.0685739517
, 3.9824266434
, 3.8690865040
, 3.7288877964
, 3.5659089088
, 3.3818199635
, 3.1778497696
, 2.9497647285
, 2.7053346634
, 2.4418416023
, 2.1568894386
, 1.8572752476
, 1.5421299934
, 1.2181870937
, 0.8929946423
, 0.5665018559
, 0.2379727364
, -0.0897374153
, -0.4113607407
, -0.7299184799
, -1.0458662510
, -1.3514034748
, -1.6468963623
, -1.9352130890
, -2.2091188431
, -2.4676136971
, -2.7101726532
, -2.9366741180
, -3.1449437141
, -3.3327598572
, -3.4966149330
, -3.6351127625
, -3.7520742416
, -3.8477282524
, -3.9192266464
, -3.9639973640
, -3.9786686897
, -3.9697222710
, -3.9382367134
, -3.8807559013
, -3.7977275848
, -3.6887040138
, -3.5515494347
, -3.3859333992
, -3.2013745308
, -3.0035262108
, -2.7876477242
, -2.5551466942
, -2.3090200424
, -2.0439791679
, -1.7645688057
, -1.4775731564
, -1.1848361492
, -0.8899998665
, -0.5909049511
, -0.2844486237
, 0.0249359608
, 0.3328979015
, 0.6414849758
, 0.9425761700
, 1.2306225300
, 1.5078477859
, 1.7755565643
, 2.0357286930
, 2.2817509174
, 2.5123357773
, 2.7217862606
, 2.9111630917
, 3.0767798424
, 3.2220025063
, 3.3454191685
, 3.4516103268
, 3.5366220474
, 3.5982120037
, 3.6375088692
, 3.6480424404
, 3.6333510876
, 3.5982563496
, 3.5390610695
, 3.4531481266
, 3.3468854427
, 3.2175157070
, 3.0711379051
, 2.9025127888
, 2.7151594162
, 2.5136833191
, 2.2976696491
, 2.0693879128
, 1.8275506496
, 1.5723552704
, 1.3077356815
, 1.0308766365
, 0.7454066277
, 0.4537968636
, 0.1627428532
, -0.1215927601
, -0.4027733803
, -0.6835405827
, -0.9561266899
, -1.2222375870
, -1.4846441746
, -1.7362017632
, -1.9769611359
, -2.2057499886
, -2.4184412956
, -2.6113228798
, -2.7912583351
, -2.9552836418
, -3.0956325531
, -3.2084841728
, -3.3005433083
, -3.3753662109
, -3.4282522202
, -3.4588494301
, -3.4701676369
, -3.4645943642
, -3.4363374710
, -3.3811483383
, -3.3048033714
, -3.2038192749
, -3.1015934944
, -3.0248265266
, -2.9007539749
, -2.7186484337
, -2.4986672401
, -2.2587532997
, -2.0067157745
, -1.7491707802
, -1.4873092175
, -1.2237482071
, -0.9574992657
, -0.6923961639
, -0.4325873852
, -0.1740438938
, 0.0889120102
, 0.3538048267
, 0.6165354252
, 0.8763942719
, 1.1265656948
, 1.3695158958
, 1.6074807644
, 1.8336274624
, 2.0488786697
, 2.2525119781
, 2.4421019554
, 2.6130008698
, 2.7590224743
, 2.8849139214
, 2.9939324856
, 3.0820891857
, 3.1525082588
, 3.2018616199
, 3.2303395271
, 3.2375349998
, 3.2205591202
, 3.1829681396
, 3.1285686493
, 3.0539495945
, 2.9548823833
, 2.8330535889
, 2.6952474117
, 2.5467324257
, 2.3839688301
, 2.2023468018
, 2.0066328049
, 1.8008143902
, 1.5800650120
, 1.3512296677
, 1.1145129204
, 0.8678433895
, 0.6169338226
, 0.3645966053
, 0.1073126793
, -0.1491258144
, -0.3992757797
, -0.6445055008
, -0.8850188255
, -1.1226360798
, -1.3501696587
, -1.5680837631
, -1.7755680084
, -1.9723262787
, -2.1613411903
, -2.3354201317
, -2.4910655022
, -2.6306819916
, -2.7510380745
, -2.8539590836
, -2.9371376038
, -2.9958558083
, -3.0349473953
, -3.0530719757
, -3.0516014099
, -3.0345568657
, -3.0044860840
, -2.9577798843
, -2.8930521011
, -2.8069238663
, -2.7019186020
, -2.5826711655
, -2.4458656311
, -2.2882461548
, -2.1166076660
, -1.9339170456
, -1.7386765480
, -1.5326313972
, -1.3154261112
, -1.0913679600
, -0.8656010628
, -0.6359453201
, -0.3994960785
, -0.1646018028
, 0.0703926086
, 0.3095870018
, 0.5494844913
, 0.7836799622
, 1.0063476563
, 1.2165091038
, 1.4197697639
, 1.6158642769
, 1.8024101257
, 1.9768238068
, 2.1367492676
, 2.2807817459
, 2.4083848000
, 2.5197615623
, 2.6134865284
, 2.6852195263
, 2.7393829823
, 2.7761807442
, 2.8017067909
, 2.8116123676
, 2.7977979183
, 2.7605438232
, 2.7054197788
, 2.6351816654
, 2.5475263596
, 2.4455173016
, 2.3325526714
, 2.2042965889
, 2.0579180717
, 1.9020867348
, 1.7364363670
, 1.5570480824
, 1.3648037910
, 1.1584539413
, 0.9426841736
, 0.7229197025
, 0.4988980293
, 0.2746195793
, 0.0542871952
, -0.1661288738
, -0.3848855495
, -0.5992105007
, -0.8095757961
, -1.0091006756
, -1.2016296387
, -1.3925142288
, -1.5744123459
, -1.7437047958
, -1.9027347565
, -2.0473852158
, -2.1795401573
, -2.2960982323
, -2.3998460770
, -2.4871258736
, -2.5588274002
, -2.6160264015
, -2.6583681107
, -2.6802105904
, -2.6949534416
, -2.7149391174
, -2.6983294487
, -2.6464219093
, -2.5756230354
, -2.4877882004
, -2.3798332214
, -2.2532715797
, -2.1156835556
, -1.9733676910
, -1.8226432800
, -1.6599426270
, -1.4894227982
, -1.3080418110
, -1.1206648350
, -0.9224224091
, -0.7184457779
, -0.5093836784
, -0.2990677357
, -0.0910449028
, 0.1169757843
, 0.3233370781
, 0.5236623287
, 0.7157385349
, 0.9038407803
, 1.0881443024
, 1.2656643391
, 1.4332973957
, 1.5887274742
, 1.7313401699
, 1.8656337261
, 1.9889631271
, 2.1033761501
, 2.2031285763
, 2.2852084637
, 2.3499920368
, 2.3994526863
, 2.4338185787
, 2.4501786232
, 2.4537777901
, 2.4406414032
, 2.4059672356
, 2.3560187817
, 2.2913789749
, 2.2128074169
, 2.1178636551
, 2.0124313831
, 1.8919494152
, 1.7618172169
, 1.6220469475
, 1.4736599922
, 1.3140342236
, 1.1458940506
, 0.9728436470
, 0.7931993008
, 0.6070733070
, 0.4144120216
