StateVariable_6=[7.0000000000
, 7.0000000000
, 6.9984412193
, 6.9916481972
, 6.9816637039
, 6.9676489830
, 6.9526758194
, 6.9360060692
, 6.9203805923
, 6.9030237198
, 6.8840913773
, 6.8661150932
, 6.8413710594
, 6.8042860031
, 6.7482542992
, 6.6712875366
, 6.5704846382
, 6.4479684830
, 6.3043565750
, 6.1405534744
, 5.9596672058
, 5.7596507072
, 5.5435447693
, 5.3131570816
, 5.0703568459
, 4.8203516006
, 4.5649538040
, 4.3032941818
, 4.0352354050
, 3.7635915279
, 3.4859993458
, 3.2027606964
, 2.9174280167
, 2.6309933662
, 2.3454070091
, 2.0600771904
, 1.7744922638
, 1.4903755188
, 1.2038469315
, 0.9148168564
, 0.6249694824
, 0.3387894630
, 0.0555410385
, -0.2270307541
, -0.5103030205
, -0.7912855148
, -1.0663700104
, -1.3294754028
, -1.5842418671
, -1.8323812485
, -2.0697689056
, -2.2915449142
, -2.4961061478
, -2.6852970123
, -2.8563604355
, -3.0104913712
, -3.1440954208
, -3.2556924820
, -3.3454742432
, -3.4107847214
, -3.4520368576
, -3.4728193283
, -3.4747304916
, -3.4538822174
, -3.4096918106
, -3.3454236984
, -3.2603273392
, -3.1525506973
, -3.0217552185
, -2.8717193604
, -2.7042293549
, -2.5182647705
, -2.3146228790
, -2.0972175598
, -1.8689737320
, -1.6308193207
, -1.3840675354
, -1.1320695877
, -0.8767647743
, -0.6202363968
, -0.3588008881
, -0.0933861732
, 0.1748504639
, 0.4400858879
, 0.6971917152
, 0.9471545219
, 1.1926684380
, 1.4317831993
, 1.6616587639
, 1.8817162514
, 2.0867547989
, 2.2774076462
, 2.4537620544
, 2.6132888794
, 2.7517013550
, 2.8731126785
, 2.9767913818
, 3.0626997948
, 3.1278605461
, 3.1680126190
, 3.1841676235
, 3.1792576313
, 3.1533606052
, 3.1081504822
, 3.0437207222
, 2.9623069763
, 2.8629851341
, 2.7446122169
, 2.6098399162
, 2.4583926201
, 2.2880268097
, 2.1000533104
, 1.8981223106
, 1.6846079826
, 1.4608860016
, 1.2309789658
, 0.9955425262
, 0.7545309067
, 0.5111155510
, 0.2652091980
, 0.0160646439
, -0.2335920334
, -0.4825115204
, -0.7281093597
, -0.9710741043
, -1.2067642212
, -1.4299526215
, -1.6419382095
, -1.8447504044
, -2.0361022949
, -2.2127819061
, -2.3733310699
, -2.5172977448
, -2.6441488266
, -2.7545166016
, -2.8469896317
, -2.9194965363
, -2.9750146866
, -3.0124320984
, -3.0291004181
, -3.0251502991
, -3.0000743866
, -2.9562692642
, -2.8892002106
, -2.8058614731
, -2.7060546875
, -2.5902919769
, -2.4571828842
, -2.3059368134
, -2.1415710449
, -1.9685621262
, -1.7836618423
, -1.5878381729
, -1.3823261261
, -1.1708383560
, -0.9535436630
, -0.7298808098
, -0.5018601418
, -0.2694797516
, -0.0372319221
, 0.1964173317
, 0.4272813797
, 0.6539883614
, 0.8748836517
, 1.0909895897
, 1.3003149033
, 1.4991431236
, 1.6856360435
, 1.8609910011
, 2.0217390060
, 2.1699538231
, 2.3052372932
, 2.4237289429
, 2.5269632339
, 2.6130824089
, 2.6832075119
, 2.7341380119
, 2.7647433281
, 2.7785940170
, 2.7726473808
, 2.7507915497
, 2.7123827934
, 2.6549510956
, 2.5793910027
, 2.4859251976
, 2.3772726059
, 2.2545466423
, 2.1185665131
, 1.9665098190
, 1.8035564423
, 1.6278944016
, 1.4379262924
, 1.2381834984
, 1.0280866623
, 0.8121247292
, 0.5953297615
, 0.3776679039
, 0.1586484909
, -0.0598249435
, -0.2742404938
, -0.4866123199
, -0.6972441673
, -0.9009356499
, -1.0979309082
, -1.2901420593
, -1.4727458954
, -1.6450757980
, -1.8067817688
, -1.9577827454
, -2.0966291428
, -2.2218399048
, -2.3310766220
, -2.4234085083
, -2.5013828278
, -2.5651521683
, -2.6128177643
, -2.6426649094
, -2.6524457932
, -2.6464815140
, -2.6254911423
, -2.5871706009
, -2.5318183899
, -2.4591360092
, -2.3676996231
, -2.2572889328
, -2.1342496872
, -2.0023508072
, -1.8584318161
, -1.7034311295
, -1.5393466949
, -1.3626527786
, -1.1763792038
, -0.9850487709
, -0.7898907661
, -0.5933332443
, -0.3939366341
, -0.1896324158
, 0.0166239738
, 0.2219319344
, 0.4276566505
, 0.6283841133
, 0.8204150200
, 1.0052318573
, 1.1837043762
, 1.3571524620
, 1.5211672783
, 1.6748905182
, 1.8145241737
, 1.9407753944
, 2.0511865616
, 2.1480016708
, 2.2302794456
, 2.3010735512
, 2.3577480316
, 2.3988080025
, 2.4250059128
, 2.4320282936
, 2.4222340584
, 2.3988375664
, 2.3593740463
, 2.3020987511
, 2.2312569618
, 2.1450104713
, 2.0474252701
, 1.9350085258
, 1.8101062775
, 1.6757888794
, 1.5317797661
, 1.3795919418
, 1.2183670998
, 1.0482368469
, 0.8718237877
, 0.6872510910
, 0.4969377518
, 0.3025312424
, 0.1084952354
, -0.0810618401
, -0.2685155869
, -0.4556937218
, -0.6374177933
, -0.8148250580
, -0.9897627831
, -1.1574678421
, -1.3179740906
, -1.4704999924
, -1.6122941971
, -1.7408819199
, -1.8608388901
, -1.9701890945
, -2.0637550354
, -2.1389894485
, -2.2003622055
, -2.2502441406
, -2.2855014801
, -2.3058996201
, -2.3134450912
, -2.3097295761
, -2.2908916473
, -2.2540988922
, -2.2032022476
, -2.1358795166
, -2.0677289963
, -2.0165510178
, -1.9338359833
, -1.8124322891
, -1.6657781601
, -1.5058355331
, -1.3378105164
, -1.1661138535
, -0.9915394783
, -0.8158321381
, -0.6383328438
, -0.4615974426
, -0.2883915901
, -0.1160292625
, 0.0592746735
, 0.2358698845
, 0.4110236168
, 0.5842628479
, 0.7510437965
, 0.9130105972
, 1.0716538429
, 1.2224183083
, 1.3659191132
, 1.5016746521
, 1.6280679703
, 1.7420005798
, 1.8393483162
, 1.9232759476
, 1.9959549904
, 2.0547261238
, 2.1016721725
, 2.1345744133
, 2.1535596848
, 2.1583566666
, 2.1470394135
, 2.1219787598
, 2.0857124329
, 2.0359663963
, 1.9699215889
, 1.8887023926
, 1.7968316078
, 1.6978216171
, 1.5893125534
, 1.4682312012
, 1.3377552032
, 1.2005429268
, 1.0533766747
, 0.9008197784
, 0.7430086136
, 0.5785622597
, 0.4112892151
, 0.2430644035
, 0.0715417862
, -0.0994172096
, -0.2661838531
, -0.4296703339
, -0.5900125504
, -0.7484240532
, -0.9001131058
, -1.0453891754
, -1.1837120056
, -1.3148841858
, -1.4408941269
, -1.5569467545
, -1.6607103348
, -1.7537879944
, -1.8340253830
, -1.9026393890
, -1.9580917358
, -1.9972372055
, -2.0232982635
, -2.0353813171
, -2.0344009399
, -2.0230379105
, -2.0029907227
, -1.9718532562
, -1.9287014008
, -1.8712825775
, -1.8012790680
, -1.7217807770
, -1.6305770874
, -1.5254974365
, -1.4110717773
, -1.2892780304
, -1.1591176987
, -1.0217542648
, -0.8769507408
, -0.7275786400
, -0.5770673752
, -0.4239635468
, -0.2663307190
, -0.1097345352
, 0.0469284058
, 0.2063913345
, 0.3663229942
, 0.5224533081
, 0.6708984375
, 0.8110060692
, 0.9465131760
, 1.0772428513
, 1.2016067505
, 1.3178825378
, 1.4244995117
, 1.5205211639
, 1.6055898666
, 1.6798410416
, 1.7423243523
, 1.7901463509
, 1.8262553215
, 1.8507871628
, 1.8678045273
, 1.8744082451
, 1.8651986122
, 1.8403625488
, 1.8036131859
, 1.7567877769
, 1.6983509064
, 1.6303448677
, 1.5550351143
, 1.4695310593
, 1.3719453812
, 1.2680578232
, 1.1576242447
, 1.0380320549
, 0.9098691940
, 0.7723026276
, 0.6284561157
, 0.4819464684
, 0.3325986862
, 0.1830797195
, 0.0361914635
, -0.1107525826
, -0.2565903664
, -0.3994736671
, -0.5397171974
, -0.6727337837
, -0.8010864258
, -0.9283428192
, -1.0496082306
, -1.1624698639
, -1.2684898376
, -1.3649234772
, -1.4530267715
, -1.5307321548
, -1.5998973846
, -1.6580839157
, -1.7058849335
, -1.7440176010
, -1.7722454071
, -1.7868070602
, -1.7966356277
, -1.8099594116
, -1.7988862991
, -1.7642812729
, -1.7170820236
, -1.6585254669
, -1.5865554810
, -1.5021810532
, -1.4104557037
, -1.3155784607
, -1.2150955200
, -1.1066284180
, -0.9929485321
, -0.8720278740
, -0.7471098900
, -0.6149482727
, -0.4789638519
, -0.3395891190
, -0.1993784904
, -0.0606966019
, 0.0779838562
, 0.2155580521
, 0.3491082191
, 0.4771590233
, 0.6025605202
, 0.7254295349
, 0.8437762260
, 0.9555315971
, 1.0591516495
, 1.1542267799
, 1.2437558174
, 1.3259754181
, 1.4022507668
, 1.4687523842
, 1.5234723091
, 1.5666613579
, 1.5996351242
, 1.6225457191
, 1.6334524155
, 1.6358518600
, 1.6270942688
, 1.6039781570
, 1.5706791878
, 1.5275859833
, 1.4752049446
, 1.4119091034
, 1.3416209221
, 1.2612996101
, 1.1745448112
, 1.0813646317
, 0.9824399948
, 0.8760228157
, 0.7639293671
, 0.6485624313
, 0.5287995338
, 0.4047155380
, 0.2762746811
, 0.1475539207
, 0.0153355598
, -0.1166725159
, -0.2473855019
, -0.3761987686
, -0.5028605461
, -0.6236696243
, -0.7368488312
