StateVariable_7=[0.0000000000
, 0.0069881002
, 0.0069928416
, 0.0069916481
, 0.0069816639
, 0.0069676493
, 0.0069582388
, 0.0069360062
, 0.0069148433
, 0.0069030267
, 0.0068840915
, 0.0068661151
, 0.0068413708
, 0.0078085936
, 0.0057636858
, 0.0066652815
, 0.0065704845
, 0.0064479751
, 0.0062993066
, 0.0061405539
, 0.0059596673
, 0.0057596508
, 0.0055435449
, 0.0053131571
, 0.0050703571
, 0.0048285532
, 0.0045686024
, 0.0042959810
, 0.0040352354
, 0.0043160832
, 0.0029773961
, 0.0036834911
, 0.0061580534
, 0.0087890513
, 0.0111344587
, 0.0131945359
, 0.0149734616
, 0.0164726321
, 0.0176684111
, 0.0185816754
, 0.0192103293
, 0.0195471216
, 0.0196027067
, 0.0193758570
, 0.0188655537
, 0.0179501176
, 0.0170475394
, 0.0155183775
, 0.0141760530
, 0.0123451324
, 0.0102718500
, 0.0079823686
, 0.0054882523
, 0.0028029555
, -0.0000534050
, -0.0030638964
, -0.0062158476
, -0.0094660008
, -0.0130473422
, -0.0126335947
, -0.0129180383
, -0.0133524286
, -0.0127482284
, -0.0127924364
, -0.0128671601
, -0.0128228087
, -0.0127207814
, -0.0158626288
, -0.0188895017
, -0.0217419844
, -0.0244575832
, -0.0269632433
, -0.0293068103
, -0.0313987806
, -0.0332552344
, -0.0348601229
, -0.0362418368
, -0.0375980549
, -0.0383005179
, -0.0390154049
, -0.0393188410
, -0.0394128524
, -0.0392391756
, -0.0387990884
, -0.0381018966
, -0.0371547416
, -0.0359600447
, -0.0345295519
, -0.0328678936
, -0.0309876837
, -0.0289009288
, -0.0266235210
, -0.0241655838
, -0.0210612472
, -0.0188266020
, -0.0155294230
, -0.0129896170
, -0.0099293701
, -0.0068015098
, -0.0036388871
, -0.0004521686
, 0.0027299512
, 0.0058804727
, 0.0089886235
, 0.0120323440
, 0.0149973184
, 0.0178625975
, 0.0206050109
, 0.0232148506
, 0.0262032691
, 0.0280016661
, 0.0304207206
, 0.0320242457
, 0.0337117203
, 0.0351726040
, 0.0364035852
, 0.0373991281
, 0.0381536558
, 0.0386647731
, 0.0389297418
, 0.0389458090
, 0.0387122147
, 0.0381702110
, 0.0375318751
, 0.0365583710
, 0.0351480246
, 0.0338057317
, 0.0323000737
, 0.0304569714
, 0.0284139719
, 0.0262031816
, 0.0238416940
, 0.0213201325
, 0.0186892170
, 0.0159186870
, 0.0130811241
, 0.0101397093
, 0.0071721398
, 0.0041874251
, 0.0011940532
, -0.0018083863
, -0.0055431896
, -0.0078026587
, -0.0106918588
, -0.0134719033
, -0.0161779579
, -0.0187682509
, -0.0212274212
, -0.0235333573
, -0.0256731957
, -0.0276417583
, -0.0294254199
, -0.0310132578
, -0.0323955864
, -0.0335664228
, -0.0345199667
, -0.0352504365
, -0.0358807184
, -0.0360884890
, -0.0361247547
, -0.0359285139
, -0.0355015770
, -0.0348475911
, -0.0339727066
, -0.0328808352
, -0.0315815695
, -0.0300812162
, -0.0283940621
, -0.0265347455
, -0.0245146416
, -0.0223446880
, -0.0200394504
, -0.0176157225
, -0.0144082420
, -0.0124024572
, -0.0098136626
, -0.0070727244
, -0.0043195826
, -0.0015387415
, 0.0012316636
, 0.0039846799
, 0.0066995043
, 0.0093499180
, 0.0119293090
, 0.0144152343
, 0.0168024823
, 0.0190493912
, 0.0211679582
, 0.0231328774
, 0.0254538674
, 0.0267662965
, 0.0281088892
, 0.0293439757
, 0.0303755607
, 0.0311869532
, 0.0317797773
, 0.0321783684
, 0.0323290378
, 0.0322691649
, 0.0319972299
, 0.0315077454
, 0.0308151711
, 0.0299135204
, 0.0288174488
, 0.0275293738
, 0.0255352706
, 0.0243277960
, 0.0226724241
, 0.0207179580
, 0.0186284631
, 0.0163897388
, 0.0141094560
, 0.0116901891
, 0.0091637680
, 0.0066178734
, 0.0040094811
, 0.0013644369
, -0.0013145187
, -0.0039477549
, -0.0065577822
, -0.0091449525
, -0.0126580745
, -0.0143662170
, -0.0165473148
, -0.0187969562
, -0.0209491178
, -0.0229346640
, -0.0247993916
, -0.0265127253
, -0.0280520730
, -0.0294034146
, -0.0305777825
, -0.0315628313
, -0.0323527232
, -0.0329460539
, -0.0333399922
, -0.0335297771
, -0.0335071012
, -0.0333464220
, -0.0329557136
, -0.0323283933
, -0.0315086432
, -0.0305025969
, -0.0293188933
, -0.0279617403
, -0.0264418032
, -0.0247655585
, -0.0229465216
, -0.0210121423
, -0.0189609565
, -0.0168129541
, -0.0145808710
, -0.0122797973
, -0.0092178117
, -0.0071994546
, -0.0050409418
, -0.0026149994
, -0.0001886257
, 0.0022080156
, 0.0045655174
, 0.0068598180
, 0.0090799080
, 0.0112338867
, 0.0132727521
, 0.0152288415
, 0.0170358550
, 0.0186990630
, 0.0202127993
, 0.0215809382
, 0.0232949369
, 0.0240389835
, 0.0249378122
, 0.0255230088
, 0.0260199457
, 0.0263224766
, 0.0264313426
, 0.0263504200
, 0.0260816906
, 0.0256259982
, 0.0249901749
, 0.0241753496
, 0.0231855866
, 0.0220270585
, 0.0207090862
, 0.0192385856
, 0.0170595665
, 0.0157159735
, 0.0137957903
, 0.0121165477
, 0.0100682862
, 0.0079292972
, 0.0057326951
, 0.0034806654
, 0.0011969772
, -0.0011128631
, -0.0034241902
, -0.0057339198
, -0.0080269091
, -0.0102789439
, -0.0124803977
, -0.0146162780
, -0.0166840069
, -0.0187056046
, -0.0209362898
, -0.0224659722
, -0.0241317507
, -0.0256401598
, -0.0269767456
, -0.0281428602
, -0.0291336123
, -0.0299494434
, -0.0305877775
, -0.0310493745
, -0.0313377678
, -0.0314539932
, -0.0313947722
, -0.0311589036
, -0.0307475030
, -0.0300691854
, -0.0294208005
, -0.0285070650
, -0.0274344310
, -0.0262100734
, -0.0248463210
, -0.0233472120
, -0.0217315163
, -0.0199806374
, -0.0181552656
, -0.0162077490
, -0.0142152058
, -0.0121758431
, -0.0101006599
, -0.0079750745
, -0.0047356654
, -0.0036692657
, -0.0012140741
, 0.0006052921
, 0.0026978788
, 0.0047646011
, 0.0067329593
, 0.0086231604
, 0.0104140695
, 0.0121003371
, 0.0136750024
, 0.0151420683
, 0.0164798237
, 0.0176833700
, 0.0187359117
, 0.0196359064
, 0.0203783251
, 0.0209641792
, 0.0214334205
, 0.0216391739
, 0.0217107143
, 0.0216112975
, 0.0213451143
, 0.0209143683
, 0.0203253645
, 0.0195769407
, 0.0186768267
, 0.0176322665
, 0.0164485555
, 0.0151336705
, 0.0136927767
, 0.0121331690
, 0.0104543660
, 0.0086874114
, 0.0065810359
, 0.0049976902
, 0.0030411521
, 0.0010439151
, -0.0009793832
, -0.0030147645
, -0.0050507798
, -0.0070722122
, -0.0090752030
, -0.0110486206
, -0.0129757924
, -0.0148517573
, -0.0166485291
, -0.0183703098
, -0.0200021807
, -0.0215647817
, -0.0229771025
, -0.0242674034
, -0.0254285019
, -0.0264477003
, -0.0273253452
, -0.0280541684
, -0.0286263917
, -0.0290510673
, -0.0293162856
, -0.0294268429
, -0.0293798726
, -0.0291752145
, -0.0288119651
, -0.0282943267
, -0.0276228972
, -0.0268050600
, -0.0258649010
, -0.0247894991
, -0.0235867929
, -0.0222701170
, -0.0208456162
, -0.0193250962
, -0.0177207794
, -0.0160396062
, -0.0142972814
, -0.0125071350
, -0.0106808795
, -0.0088300928
, -0.0069605778
, -0.0050878860
, -0.0032226872
, -0.0013653634
, 0.0004292230
, 0.0021786122
, 0.0038785180
, 0.0055088629
, 0.0070624743
, 0.0085320054
, 0.0099052070
, 0.0111721037
, 0.0123288091
, 0.0133686149
, 0.0142776519
, 0.0150499539
, 0.0156784095
, 0.0161603559
, 0.0164929554
, 0.0166775770
, 0.0167135261
, 0.0166029632
, 0.0163463727
, 0.0159468986
, 0.0154066868
, 0.0147345690
, 0.0139334826
, 0.0130042899
, 0.0119564757
, 0.0107940054
, 0.0095245093
, 0.0081595862
, 0.0067077121
, 0.0051769800
, 0.0035770824
, 0.0018773542
, 0.0001856294
, -0.0015320426
, -0.0033026654
, -0.0050894725
, -0.0068846825
, -0.0087462319
, -0.0105375424
, -0.0122930473
, -0.0140173091
, -0.0156689007
, -0.0172727406
, -0.0187774431
, -0.0201820023
, -0.0214953311
, -0.0227032714
, -0.0238172952
, -0.0248036068
, -0.0256668273
, -0.0264077354
, -0.0270216316
, -0.0275009759
, -0.0278405659
, -0.0280399434
, -0.0281005930
, -0.0280226078
, -0.0278070495
, -0.0274579413
, -0.0269807838
, -0.0263777450
, -0.0256528910
, -0.0248091146
, -0.0238455627
, -0.0227926504
, -0.0216413122
, -0.0203965697
, -0.0190716460
, -0.0176693946
, -0.0162006430
, -0.0146771707
, -0.0131105091
, -0.0115108741
, -0.0098870406
, -0.0082548847
, -0.0066190325
, -0.0049919384
, -0.0033879599
, -0.0018172808
, -0.0002744041
, 0.0011872050
, 0.0026004068
, 0.0039420277
, 0.0052053286
, 0.0063760024
, 0.0074582249
, 0.0084398855
, 0.0093159080
, 0.0100798374
, 0.0107289152
, 0.0112572946
, 0.0116623314
, 0.0119386064
, 0.0120861595
, 0.0121014835
, 0.0119835399
, 0.0117008751
, 0.0113821253
, 0.0108796638
, 0.0102559943
