time=[0.0000000000
, 0.9966999888
, 1.9958000183
, 2.9949998856
, 3.9949998856
, 4.9949998856
, 5.9958000183
, 6.9966998100
, 7.9991998672
, 8.9958000183
, 10.0242996216
, 11.0269002914
, 12.0218000412
, 13.0193004608
, 14.0193004608
, 15.0235004425
, 16.0235004425
, 17.0217990875
, 18.0200996399
, 19.0151004791
, 20.0226993561
, 21.0200996399
, 22.0151004791
, 23.0049991608
, 23.9950008392
, 24.9950008392
, 26.0083999634
, 26.9950008392
, 27.9967002869
, 28.9950008392
, 29.9950008392
, 30.9958000183
, 31.9958000183
, 32.9949989319
, 33.9949989319
, 34.9949989319
, 35.9949989319
, 36.9949989319
, 37.9949989319
, 38.9949989319
, 39.9949989319
, 40.9949989319
, 42.0041999817
, 42.9975013733
, 43.9958000183
, 44.9949989319
, 45.9949989319
, 46.9949989319
, 47.9949989319
, 48.9949989319
, 49.9949989319
, 50.9949989319
, 51.9958000183
, 52.9949989319
, 53.9949989319
, 54.9949989319
, 55.9949989319
, 56.9949989319
, 58.0050010681
, 58.9949989319
, 59.9967002869
, 60.9949989319
, 61.9967002869
, 62.9949989319
, 63.9949989319
, 64.9950027466
, 65.9957962036
, 66.9957962036
, 67.9950027466
, 68.9950027466
, 69.9950027466
, 70.9957962036
, 71.9957962036
, 72.9950027466
, 74.0234985352
, 75.0260009766
, 76.0226974487
, 77.0185012817
, 78.0176010132
, 79.0210037231
, 80.0226974487
, 81.0150985718
, 82.0210037231
, 83.0159988403
, 84.0217971802
, 85.0142974854
, 86.0142974854
, 87.0042037964
, 87.9950027466
, 88.9950027466
, 90.0049972534
, 90.9957962036
, 91.9982986450
, 92.9957962036
, 93.9957962036
, 94.9950027466
, 95.9950027466
, 96.9957962036
, 97.9950027466
, 98.9950027466
, 99.9957962036
, 100.9950027466
, 101.9957962036
, 103.0226974487
, 103.9957962036
, 104.9950027466
, 106.0058975220
, 106.9957962036
, 107.9966964722
, 108.9957962036
, 109.9957962036
, 110.9950027466
, 111.9974975586
, 112.9966964722
, 113.9957962036
, 114.9957962036
, 115.9950027466
, 116.9957962036
, 117.9957962036
, 118.9957962036
, 119.9957962036
, 120.9966964722
, 122.0066986084
, 122.9957962036
, 123.9974975586
, 124.9957962036
, 125.9957962036
, 126.9957962036
, 127.9957962036
, 128.9967041016
, 129.9958038330
, 130.9958038330
, 131.9967041016
, 132.9958038330
, 133.9958038330
, 134.9958038330
, 135.9958038330
, 136.9958038330
, 138.0209960938
, 139.0269012451
, 140.0209960938
, 141.0184936523
, 142.0142974854
, 143.0252075195
, 144.0252075195
, 145.0252075195
, 146.0218048096
, 147.0209960938
, 148.0218048096
, 149.0133972168
, 150.0335998535
, 151.0101013184
, 151.9958038330
, 152.9958038330
, 154.0084075928
, 155.1602020264
, 155.9949951172
, 157.0478057861
, 157.9949951172
, 158.9949951172
, 159.9958038330
, 160.9974975586
, 161.9958038330
, 162.9958038330
, 163.9967041016
, 164.9949951172
, 165.9949951172
, 166.9949951172
, 167.9949951172
, 168.9949951172
, 170.0059051514
, 171.1450958252
, 171.9974975586
, 172.9958038330
, 173.9949951172
, 174.9958038330
, 175.9949951172
, 176.9949951172
, 178.0025024414
, 178.9949951172
, 179.9949951172
, 180.9958038330
, 181.9958038330
, 182.9958038330
, 183.9949951172
, 184.9949951172
, 186.0066986084
, 187.1401062012
, 187.9958038330
, 188.9958038330
, 189.9958038330
, 190.9974975586
, 191.9958038330
, 192.9958038330
, 193.9967041016
, 194.9958038330
, 195.9949951172
, 196.9949951172
, 197.9949951172
, 198.9949951172
, 199.9958038330
, 200.9958038330
, 202.0101013184
, 203.1468048096
, 203.9958038330
, 204.9958038330
, 205.9949951172
, 206.9949951172
, 207.9949951172
, 208.9949951172
, 209.9949951172
, 210.9958038330
, 211.9958038330
, 212.9958038330
, 213.9949951172
, 214.9958038330
, 215.9974975586
, 216.9958038330
, 218.0243072510
, 219.0269012451
, 220.0243072510
, 221.0175933838
, 222.0117950439
, 223.0218048096
, 224.0234985352
, 225.0209960938
, 226.0218048096
, 227.0142974854
, 228.0218048096
, 229.0227050781
, 230.0142974854
, 231.0059051514
, 231.9958038330
, 232.9958038330
, 234.0066986084
, 235.1443023682
, 235.9958038330
, 236.9949951172
, 237.9949951172
, 238.9949951172
, 239.9949951172
, 240.9967041016
, 241.9958038330
, 242.9958038330
, 243.9967041016
, 244.9958038330
, 246.4613952637
, 246.9974975586
, 248.1786956787
, 249.2113952637
, 250.1871032715
, 251.2180938721
, 251.9958038330
, 252.9967041016
, 253.9949951172
, 254.9949951172
, 255.9958038330
, 256.9949951172
, 257.9949951172
, 258.9957885742
, 259.9949951172
, 260.9957885742
, 261.9967041016
, 262.9967041016
, 263.9957885742
, 264.9957885742
, 266.0075988770
, 266.9967041016
, 267.9967041016
, 268.9957885742
, 269.9957885742
, 270.9949951172
, 271.9949951172
, 272.9957885742
, 273.9957885742
, 274.9949951172
, 275.9957885742
, 276.9957885742
, 277.9957885742
, 278.9967041016
, 279.9957885742
, 280.9967041016
, 282.0201110840
, 283.0260009766
, 284.0252075195
, 285.0192871094
, 286.0143127441
, 287.0227050781
, 288.0209960938
, 289.0252075195
, 290.0217895508
, 291.0151062012
, 292.0227050781
, 293.0126037598
, 294.0151062012
, 295.0075988770
, 295.9957885742
, 296.9957885742
, 298.0075988770
, 298.9957885742
, 299.9967041016
, 300.9957885742
, 301.9957885742
, 302.9957885742
, 303.9949951172
, 304.9949951172
, 305.9949951172
, 306.9949951172
, 307.9949951172
, 308.9949951172
, 309.9949951172
, 310.9967041016
, 311.9957885742
, 312.9949951172
, 314.0075988770
, 314.9957885742
, 315.9967041016
, 316.9949951172
, 317.9949951172
, 318.9949951172
, 319.9949951172
, 320.9949951172
, 321.9957885742
, 322.9949951172
, 323.9949951172
, 324.9949951172
, 325.9949951172
, 326.9949951172
, 327.9949951172
, 328.9949951172
, 330.0042114258
, 330.9967041016
, 331.9974975586
, 332.9949951172
, 333.9949951172
, 334.9949951172
, 335.9949951172
, 336.9949951172
, 337.9949951172
, 338.9949951172
, 339.9949951172
, 340.9957885742
, 341.9957885742
, 343.0108947754
, 343.9967041016
, 344.9949951172
, 346.0159912109
, 347.0268859863
, 348.0234985352
, 349.0176086426
, 350.0133972168
, 351.0217895508
, 352.0151062012
, 353.0217895508
, 354.0217895508
, 355.0159912109
, 356.0209960938
, 357.0168151855
, 358.0176086426
, 359.0058898926
, 359.9949951172
, 360.9949951172
, 362.0058898926
, 362.9957885742
, 363.9967041016
, 364.9949951172
, 365.9949951172
, 366.9949951172
, 367.9949951172
, 368.9949951172
, 369.9949951172
, 370.9957885742
, 371.9957885742
, 372.9949951172
, 373.9949951172
, 374.9949951172
, 375.9949951172
, 376.9949951172
, 378.0058898926
, 379.1467895508
, 379.9949951172
, 380.9982910156
, 381.9957885742
, 383.0000000000
, 383.9957885742
, 384.9967041016
, 385.9949951172
, 386.9949951172
, 387.9949951172
, 388.9949951172
, 389.9949951172
, 390.9957885742
, 391.9957885742
, 392.9957885742
, 394.0091857910
, 395.1467895508
, 395.9957885742
, 397.0017089844
, 397.9949951172
, 398.9949951172
, 399.9957885742
, 400.9992065430
, 401.9974975586
, 402.9974975586
, 403.9957885742
, 404.9974975586
, 405.9949951172
, 406.9949951172
, 407.9949951172
, 408.9957885742
, 410.0159912109
, 411.0242919922
, 412.0242919922
, 413.0176086426
, 414.0143127441
, 415.0184936523
, 416.0151062012
, 417.0217895508
, 418.0217895508
, 419.0209960938
, 420.0209960938
, 421.0143127441
, 422.0143127441
, 423.0075988770
, 423.9957885742
, 425.1518859863
, 426.0101013184
, 427.1492919922
, 427.9957885742
, 428.9974975586
, 429.9992065430
, 431.0017089844
, 431.9967041016
, 432.9967041016
, 433.9974975586
, 434.9974975586
, 435.9957885742
, 436.9957885742
, 437.9957885742
, 438.9957885742
, 439.9974975586
, 440.9974975586
, 442.0108947754
, 443.1510009766
, 443.9982910156
, 444.9967041016
, 445.9967041016
, 446.9967041016
, 447.9957885742
, 448.9957885742
, 449.9967041016
, 450.9982910156
, 451.9957885742
, 452.9957885742
, 453.9949951172
, 454.9949951172
, 455.9949951172
, 456.9957885742
, 458.0091857910
, 459.1467895508
, 459.9967041016
, 460.9967041016
, 461.9974975586
, 462.9957885742
, 463.9949951172
, 464.9949951172
, 465.9967041016
, 466.9992065430
, 467.9967041016
, 468.9949951172
, 469.9949951172
, 470.9957885742
, 471.9957885742
, 472.9957885742
, 474.0143127441
, 475.0285034180
