position=[0.0095199775
, 0.0099007767
, 0.0102815758
, 0.0102815758
, 0.0106623750
, 0.0110431742
, 0.0110431742
, 0.0114239734
, 0.0118047725
, 0.0118047725
, 0.0121855717
, 0.0129471701
, 0.0140895667
, 0.0152319642
, 0.0167551599
, 0.0182783566
, 0.0205631517
, 0.0228479467
, 0.0255135410
, 0.0285599325
, 0.0316063277
, 0.0354143158
, 0.0392223075
, 0.0430302992
, 0.0475998893
, 0.0521694794
, 0.0571198650
, 0.0624510534
, 0.0677822381
, 0.0738750249
, 0.0799678117
, 0.0864413977
, 0.0929149836
, 0.1001501679
, 0.1073853523
, 0.1150013283
, 0.1226173118
, 0.1309949011
, 0.1393724680
, 0.1481308490
, 0.1568892300
, 0.1664092094
, 0.1759291887
, 0.1854491681
, 0.1953499466
, 0.2052507252
, 0.2155323029
, 0.2261946648
, 0.2368570417
, 0.2475194186
, 0.2581818104
, 0.2692249715
, 0.2798873484
, 0.2909305096
, 0.3019737005
, 0.3126360774
, 0.3232984543
, 0.3339608312
, 0.3446232080
, 0.3545239568
, 0.3648055494
, 0.3747063279
, 0.3846071064
, 0.3937462866
, 0.4028854668
, 0.4120246470
, 0.4204022288
, 0.4287798107
, 0.4367765784
, 0.4443925619
, 0.4520085454
, 0.4592437148
, 0.4657173157
, 0.4725717008
, 0.4790452719
, 0.4851380587
, 0.4904692471
, 0.4961812496
, 0.5011316538
, 0.5060819983
, 0.5106515884
, 0.5148404241
, 0.5190292001
, 0.5228371620
, 0.5266451836
, 0.5300723314
, 0.5334995389
, 0.5369267464
, 0.5399731398
, 0.5430195332
, 0.5460659266
, 0.5494931340
, 0.5525395274
, 0.5555859208
, 0.5590130687
, 0.5620594621
, 0.5658674836
, 0.5692946911
, 0.5731026530
, 0.5772914290
, 0.5814802647
, 0.5860498548
, 0.5910001993
, 0.5963314176
, 0.6016625762
, 0.6069937944
, 0.6130865812
, 0.6195601225
, 0.6260337234
, 0.6328881383
, 0.6397424936
, 0.6473584771
, 0.6549744606
, 0.6629712582
, 0.6713488102
, 0.6797264218
, 0.6888656020
, 0.6976239681
, 0.7071439624
, 0.7166638970
, 0.7265647054
, 0.7364654541
, 0.7467470765
, 0.7570286393
, 0.7676910162
, 0.7779725790
, 0.7890157700
, 0.7996781468
, 0.8103405237
, 0.8213836551
, 0.8320460320
, 0.8427084088
, 0.8533707857
, 0.8640331626
, 0.8746955395
, 0.8849771023
, 0.8948779106
, 0.9051594734
, 0.9150602818
, 0.9245802164
, 0.9337193966
, 0.9424778223
, 0.9512361884
, 0.9596137404
, 0.9676105380
, 0.9756073356
, 0.9828425050
, 0.9900776744
, 0.9973128438
, 1.0037864447
, 1.0102599859
, 1.0159720182
, 1.0216840506
, 1.0273959637
, 1.0327272415
, 1.0384391546
, 1.0422471762
, 1.0468167067
, 1.0506247282
, 1.0548135042
, 1.0586215258
, 1.0620486736
, 1.0654759407
, 1.0689030886
, 1.0723302364
, 1.0753766298
, 1.0784230232
, 1.0814694166
, 1.0848966837
, 1.0879430771
, 1.0913702250
, 1.0951782465
, 1.0982246399
, 1.1016517878
, 1.1054598093
, 1.1096485853
, 1.1138373613
, 1.1184070110
, 1.1233574152
, 1.1283078194
, 1.1336389780
, 1.1393508911
, 1.1450629234
, 1.1515364647
, 1.1580101252
, 1.1648644209
, 1.1720997095
, 1.1804772615
, 1.1869508028
, 1.1949476004
, 1.2033251524
, 1.2117028236
, 1.2204611301
, 1.2296003103
, 1.2387394905
, 1.2482594252
, 1.2581602335
, 1.2680610418
, 1.2783426046
, 1.2886241674
, 1.2992866039
, 1.3095681667
, 1.3206113577
, 1.3327969313
, 1.3419361115
, 1.3529791832
, 1.3636416197
, 1.3746848106
, 1.3853471279
, 1.3960095644
, 1.4062911272
, 1.4165726900
, 1.4268542528
, 1.4367550611
, 1.4466558695
, 1.4561758041
, 1.4653149843
, 1.4744541645
, 1.4835933447
, 1.4919708967
, 1.4999676943
, 1.5079644918
, 1.5151996613
, 1.5228155851
, 1.5296700001
, 1.5361436605
, 1.5426172018
, 1.5487099886
, 1.5548027754
, 1.5601339340
, 1.5654650927
, 1.5704154968
, 1.5749851465
, 1.5795546770
, 1.5837434530
, 1.5883131027
, 1.5913594961
, 1.5951675177
, 1.5985946655
, 1.6020218134
, 1.6050682068
, 1.6084954739
, 1.6115418673
, 1.6145882607
, 1.6176346540
, 1.6210618019
, 1.6256314516
, 1.6275353432
, 1.6317242384
, 1.6351513863
, 1.6389594078
, 1.6431481838
, 1.6461945772
, 1.6507641077
, 1.6553337574
, 1.6602841616
, 1.6656153202
, 1.6713272333
, 1.6770392656
, 1.6831320524
, 1.6896055937
, 1.6960792542
, 1.7033144236
, 1.7105495930
, 1.7181656361
, 1.7257815599
, 1.7341591120
, 1.7425367832
, 1.7512950897
, 1.7600535154
, 1.7691926956
, 1.7787126303
, 1.7886134386
, 1.7985142469
, 1.8084149361
, 1.8186964989
, 1.8293589354
, 1.8396404982
, 1.8503028154
, 1.8613460064
, 1.8720084429
, 1.8830516338
, 1.8940948248
, 1.9051378965
, 1.9158003330
, 1.9264626503
, 1.9367442131
, 1.9474066496
, 1.9576882124
, 1.9675890207
, 1.9774898291
, 1.9870097637
, 1.9965296984
, 2.0052881241
, 2.0144271851
, 2.0228049755
, 2.0308015347
, 2.0387983322
, 2.0464143753
, 2.0536496639
, 2.0608847141
, 2.0677392483
, 2.0742127895
, 2.0803055763
, 2.0863983631
, 2.0921103954
, 2.0974414349
, 2.1027727127
, 2.1073422432
, 2.1119117737
, 2.1164815426
, 2.1202893257
, 2.1240973473
, 2.1279053688
, 2.1317133904
, 2.1351406574
, 2.1381869316
, 2.1416141987
, 2.1446604729
, 2.1477069855
, 2.1511342525
, 2.1541805267
, 2.1576077938
, 2.1606540680
, 2.1640813351
, 2.1678893566
, 2.1713166237
, 2.1755053997
, 2.1796941757
, 2.1838829517
, 2.1884524822
, 2.1934027672
, 2.1987340450
, 2.2040653229
, 2.2097771168
, 2.2158699036
, 2.2223436832
, 2.2288172245
, 2.2360522747
, 2.2432875633
, 2.2505228519
, 2.2585194111
, 2.2665162086
, 2.2748939991
, 2.2836523056
, 2.2924106121
, 2.3019306660
, 2.3114504814
, 2.3209705353
, 2.3304905891
, 2.3407721519
, 2.3510537148
, 2.3613352776
, 2.3719975948
, 2.3826599121
, 2.3933224678
, 2.4039847851
, 2.4146471024
, 2.4256904125
, 2.4363527298
, 2.4466342926
, 2.4572966099
, 2.4679589272
, 2.4782404900
, 2.4885222912
, 2.4988038540
, 2.5083236694
, 2.5182244778
, 2.5273637772
, 2.5365028381
, 2.5452611446
, 2.5540196896
, 2.5623972416
, 2.5700132847
, 2.5780100822
, 2.5852451324
, 2.5924804211
, 2.5993347168
, 2.6058082581
, 2.6130435467
, 2.6179938316
, 2.6237058640
, 2.6290371418
, 2.6339874268
, 2.6389377117
, 2.6435074806
, 2.6476962566
, 2.6518850327
, 2.6556930542
, 2.6595010757
, 2.6629281044
, 2.6663553715
, 2.6697826385
, 2.6728289127
, 2.6758754253
, 2.6796834469
, 2.6823489666
, 2.6853952408
, 2.6884417534
, 2.6918690205
, 2.6952960491
, 2.6987233162
, 2.7025313377
, 2.7063393593
, 2.7105281353
, 2.7147169113
, 2.7196671963
, 2.7242367268
, 2.7295680046
, 2.7348992825
, 2.7409920692
, 2.7470848560
, 2.7531776428
, 2.7600319386
, 2.7668862343
, 2.7741215229
, 2.7813568115
, 2.7893533707
, 2.7973501682
, 2.8057277203
, 2.8144862652
, 2.8232445717
, 2.8323838711
, 2.8415229321
, 2.8510429859
, 2.8624668121
, 2.8712253571
, 2.8826491833
, 2.8917884827
, 2.9020700455
, 2.9127323627
, 2.9237756729
, 2.9344379902
, 2.9451003075
, 2.9561433792
, 2.9668059349
, 2.9774682522
, 2.9881305695
, 2.9987928867
, 3.0090744495
, 3.0193562508
, 3.0296378136
, 3.0395383835
, 3.0505816936
, 3.0585784912
, 3.0677175522
, 3.0764760971
, 3.0852344036
, 3.0932312012
, 3.1012279987
, 3.1092247963
, 3.1164598465
, 3.1236951351
, 3.1305494308
, 3.1370229721
, 3.1434967518
, 3.1495895386
, 3.1553013325
, 3.1606326103
, 3.1663446426
, 3.1705334187
, 3.1751029491
, 3.1792917252
, 3.1834805012
, 3.1872885227
, 3.1910965443
, 3.1949045658
, 3.1983318329
, 3.2013781071
, 3.2048053741
, 3.2078516483
, 3.2108981609
, 3.2139444351
, 3.2169909477
, 3.2204179764
, 3.2238452435
, 3.2272725105
, 3.2306995392
, 3.2341268063
, 3.2379348278
, 3.2421236038
, 3.2466931343
, 3.2508819103
, 3.2558324337
, 3.2607827187
, 3.2664947510
, 3.2718260288
, 3.2779188156
, 3.2843923569
, 3.2908658981
, 3.2977201939
, 3.3049554825
, 3.3121907711
, 3.3198065758
, 3.3278033733
, 3.3361809254
, 3.3445584774
, 3.3533170223
, 3.3624560833
, 3.3719761372
, 3.3811151981
, 3.3910160065
, 3.4012975693
, 3.4111983776
, 3.4218606949
, 3.4321422577
, 3.4431855679
, 3.4538478851
, 3.4645102024
, 3.4751727581
, 3.4862158298
, 3.4968781471
, 3.5075407028
, 3.5182030201
, 3.5288653374
, 3.5395276546
, 3.5498092175
, 3.5600907803
, 3.5699915886
, 3.5798923969
, 3.5890316963
, 3.5985515118
, 3.6076908112
, 3.6160683632
, 3.6244459152
, 3.6324427128
, 3.6404395103
, 3.6476745605
, 3.6549098492
, 3.6621451378
, 3.6686186790
, 3.6750922203
