velocity=[0.0000000000
, 0.0015628546
, 0.0099317562
, 0.0251730271
, 0.0424038246
, 0.0629866123
, 0.0858640596
, 0.1063899919
, 0.1267248988
, 0.1467560977
, 0.1626950055
, 0.1789029688
, 0.2042916864
, 0.2462093383
, 0.3062410951
, 0.3854494989
, 0.4832905829
, 0.6042484045
, 0.7471370697
, 0.9113240242
, 1.0954247713
, 1.2954846621
, 1.5134178400
, 1.7447314262
, 1.9841734171
, 2.2333710194
, 2.4889860153
, 2.7496488094
, 3.0160045624
, 3.2855315208
, 3.5612630844
, 3.8412649632
, 4.1233925819
, 4.4050669670
, 4.6897730827
, 4.9761896133
, 5.2628006935
, 5.5474524498
, 5.8339414597
, 6.1213073730
, 6.4083199501
, 6.6930265427
, 6.9790086746
, 7.2632684708
, 7.5424733162
, 7.8154258728
, 8.0796899796
, 8.3370561600
, 8.5902967453
, 8.8372392654
, 9.0733251572
, 9.2956523895
, 9.5045328140
, 9.6959581375
, 9.8718652725
, 10.0316820145
, 10.1699762344
, 10.2847995758
, 10.3769083023
, 10.4452123642
, 10.4858140945
, 10.5019264221
, 10.4949140549
, 10.4652776718
, 10.4082460403
, 10.3259134293
, 10.2220516205
, 10.0940942764
, 9.9444503784
, 9.7744541168
, 9.5856266022
, 9.3830585480
, 9.1670627594
, 8.9351987839
, 8.6946563721
, 8.4472761154
, 8.1926164627
, 7.9283890724
, 7.6605501175
, 7.3880987167
, 7.1130175591
, 6.8356766701
, 6.5564618111
, 6.2783460617
, 6.0030627251
, 5.7334198952
, 5.4702634811
, 5.2168769836
, 4.9765596390
, 4.7479238510
, 4.5313405991
, 4.3303914070
, 4.1515517235
, 3.9926447868
, 3.8530220985
, 3.7350411415
, 3.6372201443
, 3.5645904541
, 3.5145823956
, 3.4887003899
, 3.4895889759
, 3.5159814358
, 3.5688450336
, 3.6496124268
, 3.7575702667
, 3.8892190456
, 4.0380873680
, 4.2063455582
, 4.3961834908
, 4.6028604507
, 4.8223462105
, 5.0505409241
, 5.2896418571
, 5.5371675491
, 5.7925524712
, 6.0551190376
, 6.3221964836
, 6.5950264931
, 6.8677086830
, 7.1415724754
, 7.4150776863
, 7.6872248650
, 7.9545693398
, 8.2159757614
, 8.4714813232
, 8.7195177078
, 8.9551582336
, 9.1812820435
, 9.3932495117
, 9.5881748199
, 9.7674875259
, 9.9272527695
, 10.0652179718
, 10.1816301346
, 10.2783441544
, 10.3560781479
, 10.4104690552
, 10.4385795593
, 10.4448213577
, 10.4268016815
, 10.3830738068
, 10.3128414154
, 10.2159318924
, 10.0960063934
, 9.9532279968
, 9.7894878387
, 9.6087236404
, 9.4094371796
, 9.1960868835
, 8.9740409851
, 8.7414417267
, 8.4978208542
, 8.2426271439
, 7.9804043770
, 7.7162756920
, 7.4505023956
, 7.1819601059
, 6.9091343880
, 6.6323566437
, 6.3538665771
, 6.0800943375
, 5.8119559288
, 5.5481548309
, 5.2917275429
, 5.0475039482
, 4.8183898926
, 4.6024518013
, 4.3997921944
, 4.2135920525
, 4.0491704941
, 3.9053726196
, 3.7841632366
, 3.6858520508
, 3.6106867790
, 3.5564088821
, 3.5255346298
, 3.5213043690
, 3.5428855419
, 3.5912272930
, 3.6666872501
, 3.7663209438
, 3.8888797760
, 4.0331425667
, 4.1960616112
, 4.3798170090
, 4.5814795494
, 4.7988457680
, 5.0297784805
, 5.2710704803
, 5.5195188522
, 5.7753181458
, 6.0381927490
, 6.3040843010
, 6.5724291801
, 6.8430633545
, 7.1126646996
, 7.3815236092
, 7.6505260468
, 7.9171452522
, 8.1805086136
, 8.4381933212
, 8.6885204315
, 8.9258537292
, 9.1518840790
, 9.3644227982
, 9.5621547699
, 9.7455387115
, 9.9111413956
, 10.0598716736
, 10.1882057190
, 10.2933740616
, 10.3714141846
, 10.4230585098
, 10.4508304596
, 10.4545612335
, 10.4359216690
, 10.3932237625
, 10.3250322342
, 10.2349929810
, 10.1246280670
, 9.9913949966
, 9.8354043961
, 9.6602296829
, 9.4652700424
, 9.2562294006
, 9.0321378708
, 8.7932605743
, 8.5444974899
, 8.2897043228
, 8.0314788818
, 7.7671413422
, 7.4991550446
, 7.2279992104
, 6.9536986351
, 6.6788930893
, 6.4039325714
, 6.1298437119
, 5.8571839333
, 5.5915884972
, 5.3348178864
, 5.0884728432
, 4.8527426720
, 4.6327838898
, 4.4282193184
, 4.2391605377
, 4.0681204796
, 3.9199299812
, 3.7940034866
, 3.6933937073
, 3.6168434620
, 3.5604875088
, 3.5279517174
, 3.5199942589
, 3.5338437557
, 3.5723216534
, 3.6347055435
, 3.7216162682
, 3.8346276283
, 3.9734597206
, 4.1331396103
, 4.3113269806
, 4.5062870979
, 4.7144985199
, 4.9379839897
, 5.1740331650
, 5.4197287560
, 5.6710076332
, 5.9297218323
, 6.1955313683
, 6.4660797119
, 6.7366662025
, 7.0065865517
, 7.2779040337
, 7.5516510010
, 7.8233141899
, 8.0878553391
, 8.3459501266
, 8.5981454849
, 8.8384313583
, 9.0673847198
, 9.2870683670
, 9.4933891296
, 9.6858596802
, 9.8615455627
, 10.0194168091
, 10.1558876038
, 10.2690324783
, 10.3560934067
, 10.4199466705
, 10.4598722458
, 10.4729976654
, 10.4611597061
, 10.4248647690
, 10.3642845154
, 10.2779932022
, 10.1709060669
, 10.0412721634
, 9.8883466721
, 9.7149553299
, 9.5220918655
, 9.3131628036
, 9.0932273865
, 8.8639507294
, 8.6246337891
, 8.3755893707
, 8.1210718155
, 7.8621649742
, 7.5992321968
, 7.3342008591
, 7.0635261536
, 6.7901959419
, 6.5180649757
, 6.2438426018
, 5.9701628685
, 5.7031311989
, 5.4473199844
, 5.2018632889
, 4.9647283554
, 4.7406606674
, 4.5295481682
, 4.3337397575
, 4.1586236954
, 4.0036149025
, 3.8703160286
, 3.7557268143
, 3.6630780697
, 3.5958602428
, 3.5513582230
, 3.5342135429
, 3.5436217785
, 3.5757231712
, 3.6305978298
, 3.7113389969
, 3.8185842037
, 3.9483363628
, 4.0988283157
, 4.2701435089
, 4.4611387253
, 4.6681914330
, 4.8928236961
, 5.1300296783
, 5.3740510941
, 5.6264476776
, 5.8844447136
, 6.1468224525
, 6.4155564308
, 6.6874413490
, 6.9625687599
, 7.2381672859
, 7.5097584724
, 7.7747116089
, 8.0372247696
, 8.2951002121
, 8.5459175110
, 8.7888841629
, 9.0221214294
, 9.2425832748
, 9.4461126328
, 9.6324405670
, 9.8043746948
, 9.9582548141
, 10.0882329941
, 10.1957473755
, 10.2818059921
, 10.3461084366
, 10.3893899918
, 10.4117164612
, 10.4079570770
, 10.3806810379
, 10.3267393112
, 10.2472267151
, 10.1437416077
, 10.0206336975
, 9.8775672913
, 9.7115793228
, 9.5286741257
, 9.3288946152
, 9.1156883240
, 8.8902025223
, 8.6524372101
, 8.4052257538
, 8.1489152908
, 7.8857231140
, 7.6163234711
, 7.3412718773
, 7.0650062561
, 6.7882275581
, 6.5108718872
, 6.2358579636
, 5.9643435478
, 5.6989436150
, 5.4398393631
, 5.1900591850
, 4.9524798393
, 4.7256045341
, 4.5112853050
, 4.3156638145
, 4.1393475533
, 3.9807615280
, 3.8409199715
, 3.7243571281
, 3.6318058968
, 3.5625822544
, 3.5187218189
, 3.4998619556
, 3.5067081451
, 3.5388035774
, 3.5992965698
, 3.6831674576
, 3.7914800644
, 3.9226839542
, 4.0781421661
, 4.2537665367
, 4.4450492859
, 4.6541767120
, 4.8778128624
, 5.1120948792
, 5.3533654213
, 5.6034331322
, 5.8605504036
, 6.1244215965
, 6.3946304321
, 6.6676197052
, 6.9407296181
, 7.2109413147
, 7.4790792465
, 7.7462191582
, 8.0118284225
, 8.2724409103
, 8.5298156738
, 8.7767934799
, 9.0126876831
, 9.2391481400
, 9.4509134293
, 9.6444749832
, 9.8210878372
, 9.9770212173
, 10.1106739044
, 10.2225971222
, 10.3130950928
, 10.3793430328
, 10.4221544266
, 10.4432840347
, 10.4399538040
, 10.4121179581
, 10.3600959778
, 10.2834243774
, 10.1819896698
, 10.0580673218
, 9.9091968536
, 9.7397470474
, 9.5551757813
, 9.3541154861
, 9.1397199631
, 8.9131746292
, 8.6756496429
, 8.4316387177
, 8.1823101044
, 7.9261631966
, 7.6611051559
, 7.3884849548
, 7.1122426987
, 6.8335180283
, 6.5528130531
, 6.2737588882
, 5.9979720116
, 5.7298541069
, 5.4733448029
, 5.2264618874
, 4.9873986244
, 4.7611341476
, 4.5477023125
, 4.3479957581
, 4.1638450623
, 3.9980993271
, 3.8560061455
, 3.7394680977
, 3.6478743553
, 3.5782740116
, 3.5282812119
, 3.5009577274
, 3.5016465187
, 3.5310044289
, 3.5832116604
, 3.6597990990
, 3.7607588768
, 3.8884687424
, 4.0363988876
, 4.2059803009
, 4.3968977928
, 4.6036372185
, 4.8244891167
, 5.0576310158
, 5.2980942726
, 5.5450439453
, 5.7998318672
, 6.0619959831
, 6.3258547783
, 6.5916147232
, 6.8610191345
, 7.1333856583
, 7.4036026001
, 7.6728520393
, 7.9404606819
, 8.2039632797
, 8.4640645981
, 8.7152166367
, 8.9581727982
, 9.1900119781
, 9.4057016373
, 9.6032066345
, 9.7834119797
, 9.9416656494
, 10.0786361694
, 10.1947250366
, 10.2909536362
, 10.3674831390
, 10.4218120575
, 10.4529256821
, 10.4583101273
, 10.4392013550
, 10.3933229446
, 10.3254194260
, 10.2346153259
, 10.1177930832
, 9.9762706757
, 9.8128471375
