torque=[0.0000000000
, 0.0000000000
, 0.0000000000
, 0.0000000000
, 0.0000000000
, 0.0000000000
, 0.0000000000
, 0.0000000000
, 0.0000000000
, 5.0000000000
, 5.0000000000
, 5.0000000000
, 5.0000000000
, 5.0000000000
, 5.0000000000
, 5.0000000000
, 5.0000000000
, 5.0000000000
, 5.0000000000
, 5.0000000000
, 5.0000000000
, 5.0000000000
, 5.0000000000
, 5.0000000000
, 5.0000000000
, 5.0000000000
, 5.0000000000
, 5.0000000000
, 5.0000000000
, 5.0000000000
, 5.0000000000
, 5.0000000000
, 5.0000000000
, 5.0000000000
, 5.0000000000
, 5.0000000000
, 5.0000000000
, 5.0000000000
, 5.0000000000
, 5.0000000000
, 5.0000000000
, 5.0000000000
, 4.5411329269
, 4.0428972244
, 3.5416681767
, 3.0400986671
, 2.5419583321
, 2.0406024456
, 1.5377120972
, 1.0354400873
, 0.5372035503
, 0.0367348194
, -0.4607198238
, -0.9493283033
, -1.4269952774
, -1.8894574642
, -2.3398482800
, -2.7830193043
, -3.2151687145
, -3.6283190250
, -4.0173916817
, -4.3829326630
, -4.7179269791
, -5.0000000000
, -5.0000000000
, -5.0000000000
, -5.0000000000
, -5.0000000000
, -5.0000000000
, -5.0000000000
, -5.0000000000
, -5.0000000000
, -5.0000000000
, -5.0000000000
, -5.0000000000
, -5.0000000000
, -5.0000000000
, -5.0000000000
, -4.8552947044
, -4.5248465538
, -4.1703524590
, -3.7923598289
, -3.3865978718
, -2.9656486511
, -2.5327332020
, -2.0870788097
, -1.6246808767
, -1.1559627056
, -0.6791727543
, -0.1977807283
, 0.2875658274
, 0.7761918306
, 1.2628943920
, 1.7446402311
, 2.2165150642
, 2.6770389080
, 3.1204652786
, 3.5410206318
, 3.9411332607
, 4.3201541901
, 4.6718149185
, 4.9847846031
, 5.0000000000
, 5.0000000000
, 5.0000000000
, 5.0000000000
, 5.0000000000
, 5.0000000000
, 5.0000000000
, 5.0000000000
, 5.0000000000
, 5.0000000000
, 5.0000000000
, 5.0000000000
, 5.0000000000
, 5.0000000000
, 4.8888950348
, 4.5566787720
, 4.1949939728
, 3.8108940125
, 3.4115533829
, 2.9931268692
, 2.5599567890
, 2.1130332947
, 1.6535416842
, 1.1861561537
, 0.7087036371
, 0.2315098047
, -0.2477518320
, -0.7263859510
, -1.2026435137
, -1.6704963446
, -2.1279575825
, -2.5750923157
, -3.0091559887
, -3.4215269089
, -3.8172435760
, -4.1881866455
, -4.5293059349
, -4.8431034088
, -5.0000000000
, -5.0000000000
, -5.0000000000
, -5.0000000000
, -5.0000000000
, -5.0000000000
, -5.0000000000
, -5.0000000000
, -5.0000000000
, -5.0000000000
, -5.0000000000
, -5.0000000000
, -5.0000000000
, -5.0000000000
, -4.8816037178
, -4.5652666092
, -4.2165150642
, -3.8431520462
, -3.4545717239
, -3.0475230217
, -2.6211864948
, -2.1745975018
, -1.7157076597
, -1.2534824610
, -0.7883791924
, -0.3184301853
, 0.1590148211
, 0.6433758736
, 1.1307334900
, 1.6098349094
, 2.0790772438
, 2.5407290459
, 2.9894766808
, 3.4168682098
, 3.8178176880
, 4.1957092285
, 4.5503635406
, 4.8762140274
, 5.0000000000
, 5.0000000000
, 5.0000000000
, 5.0000000000
, 5.0000000000
, 5.0000000000
, 5.0000000000
, 5.0000000000
, 5.0000000000
, 5.0000000000
, 5.0000000000
, 5.0000000000
, 5.0000000000
, 5.0000000000
, 4.9068922997
, 4.5853204727
, 4.2324109077
, 3.8520197868
, 3.4478876591
, 3.0256266594
, 2.5908420086
, 2.1431932449
, 1.6831626892
, 1.2178524733
, 0.7482489347
, 0.2746391296
, -0.1971632242
, -0.6676663160
, -1.1384205818
, -1.6050041914
, -2.0658900738
, -2.5168383121
, -2.9549107552
, -3.3702440262
, -3.7657971382
, -4.1377401352
, -4.4837708473
, -4.8046927452
, -5.0000000000
, -5.0000000000
, -5.0000000000
, -5.0000000000
, -5.0000000000
, -5.0000000000
, -5.0000000000
, -5.0000000000
, -5.0000000000
, -5.0000000000
, -5.0000000000
, -5.0000000000
, -5.0000000000
, -5.0000000000
, -4.9619579315
, -4.6554021835
, -4.3142223358
, -3.9484014511
, -3.5562412739
, -3.1382060051
, -2.7028706074
, -2.2569825649
, -1.8050880432
, -1.3424973488
, -0.8735213280
, -0.3989986181
, 0.0810273886
, 0.5619370937
, 1.0431180000
, 1.5227735043
, 1.9999281168
, 2.4647202492
, 2.9140686989
, 3.3451724052
, 3.7577004433
, 4.1426281929
, 4.5006160736
, 4.8314690590
, 5.0000000000
, 5.0000000000
, 5.0000000000
, 5.0000000000
, 5.0000000000
, 5.0000000000
, 5.0000000000
, 5.0000000000
, 5.0000000000
, 5.0000000000
, 5.0000000000
, 5.0000000000
, 5.0000000000
, 5.0000000000
, 5.0000000000
, 4.7051777840
, 4.3639974594
, 3.9996275902
, 3.6085281372
, 3.1954419613
, 2.7654747963
, 2.3257365227
, 1.8729867935
, 1.4078201056
, 0.9343605042
, 0.4608341455
, -0.0115264654
, -0.4863320589
, -0.9653892517
, -1.4407998323
, -1.9037468433
, -2.3554127216
, -2.7967545986
, -3.2172548771
, -3.6179232597
, -4.0023698807
, -4.3634309769
, -4.7002544403
, -5.0000000000
, -5.0000000000
, -5.0000000000
, -5.0000000000
, -5.0000000000
, -5.0000000000
, -5.0000000000
, -5.0000000000
, -5.0000000000
, -5.0000000000
, -5.0000000000
, -5.0000000000
, -5.0000000000
, -5.0000000000
, -5.0000000000
, -4.7511720657
, -4.4136610031
, -4.0480346680
, -3.6631479263
, -3.2619137764
, -2.8431091309
, -2.4072813988
, -1.9618756771
, -1.5087887049
, -1.0486563444
, -0.5848515034
, -0.1111707687
, 0.3671571016
, 0.8433862925
, 1.3232754469
, 1.8022149801
, 2.2695202827
, 2.7171900272
, 3.1467392445
, 3.5617253780
, 3.9538438320
, 4.3232908249
, 4.6659555435
, 4.9724082947
, 5.0000000000
, 5.0000000000
, 5.0000000000
, 5.0000000000
, 5.0000000000
, 5.0000000000
, 5.0000000000
, 5.0000000000
, 5.0000000000
, 5.0000000000
, 5.0000000000
, 5.0000000000
, 5.0000000000
, 5.0000000000
, 4.7772488594
, 4.4430074692
, 4.0806651115
, 3.6875586510
, 3.2724480629
, 2.8454105854
, 2.4037165642
, 1.9522217512
, 1.4930607080
, 1.0227762461
, 0.5469776392
, 0.0655046701
, -0.4167927504
, -0.8920773268
, -1.3557453156
, -1.8151433468
, -2.2664253712
, -2.7053556442
, -3.1305472851
, -3.5387125015
, -3.9245207310
, -4.2806968689
, -4.6067709923
, -4.9076557159
, -5.0000000000
, -5.0000000000
, -5.0000000000
, -5.0000000000
, -5.0000000000
, -5.0000000000
, -5.0000000000
, -5.0000000000
, -5.0000000000
, -5.0000000000
, -5.0000000000
, -5.0000000000
, -5.0000000000
, -5.0000000000
, -4.7452640533
, -4.4251794815
, -4.0755653381
, -3.7024545670
, -3.3078544140
, -2.8917651176
, -2.4591450691
, -2.0106017590
, -1.5500154495
, -1.0785660744
, -0.5972257853
, -0.1137609482
, 0.3706017733
, 0.8559741974
, 1.3372485638
, 1.8123987913
, 2.2768487930
, 2.7302811146
, 3.1673965454
, 3.5831604004
, 3.9801921844
, 4.3552508354
, 4.6975884438
, 5.0000000000
, 5.0000000000
, 5.0000000000
, 5.0000000000
, 5.0000000000
, 5.0000000000
, 5.0000000000
, 5.0000000000
, 5.0000000000
, 5.0000000000
, 5.0000000000
, 5.0000000000
, 5.0000000000
, 5.0000000000
, 5.0000000000
, 4.8059086800
, 4.4711637497
, 4.1051907539
, 3.7138276100
, 3.3038339615
, 2.8816103935
, 2.4439921379
, 1.9940367937
, 1.5322622061
, 1.0593967438
, 0.5816655159
, 0.1037231684
, -0.3691473007
, -0.8383886814
, -1.3058835268
, -1.7706997395
, -2.2267715931
, -2.6771774292
, -3.1093885899
, -3.5222034454
, -3.9185092449
, -4.2890987396
, -4.6278314590
, -4.9369039536
, -5.0000000000
, -5.0000000000
, -5.0000000000
, -5.0000000000
, -5.0000000000
, -5.0000000000
, -5.0000000000
, -5.0000000000
, -5.0000000000
, -5.0000000000
, -5.0000000000
, -5.0000000000
, -5.0000000000
, -5.0000000000
, -4.7945575714
, -4.4715576172
, -4.1197023392
, -3.7445099354
, -3.3480556011
, -2.9323868752
, -2.5053677559
, -2.0690426826
, -1.6207855940
, -1.1569340229
, -0.6798486710
, -0.1964247227
, 0.2913434505
, 0.7825771570
, 1.2709219456
, 1.7535489798
, 2.2227554321
, 2.6716465950
, 3.1036915779
, 3.5220522881
, 3.9180152416
, 4.2915210724
, 4.6410074234
, 4.9632711411
, 5.0000000000
, 5.0000000000
, 5.0000000000
, 5.0000000000
, 5.0000000000
, 5.0000000000
, 5.0000000000
, 5.0000000000
, 5.0000000000
, 5.0000000000
, 5.0000000000
, 5.0000000000
, 5.0000000000
, 5.0000000000
, 4.8895344734
, 4.5554289818
, 4.1936349869
, 3.8071441650
, 3.3991456032
, 2.9783349037
, 2.5461730957
, 2.1002941132
, 1.6415070295
, 1.1797541380
, 0.7146742344
, 0.2432165146
, -0.2334249020
, -0.7063045502
, -1.1774910688
, -1.6458061934
, -2.1069357395
, -2.5621130466
, -3.0016291142
, -3.4268023968
