StateVariable_6=[7.0000000000
, 6.9984369278
, 6.9900684357
, 6.9748268127
, 6.9575963020
, 6.9370136261
, 6.9141359329
, 6.8936100006
, 6.8732752800
, 6.8532438278
, 6.8373050690
, 6.8210968971
, 6.7957081795
, 6.7537908554
, 6.6937589645
, 6.6145505905
, 6.5167093277
, 6.3957514763
, 6.2528629303
, 6.0886759758
, 5.9045753479
, 5.7045154572
, 5.4865822792
, 5.2552685738
, 5.0158267021
, 4.7666292191
, 4.5110139847
, 4.2503509521
, 3.9839954376
, 3.7144684792
, 3.4387369156
, 3.1587350368
, 2.8766074181
, 2.5949330330
, 2.3102269173
, 2.0238103867
, 1.7371993065
, 1.4525475502
, 1.1660585403
, 0.8786926270
, 0.5916800499
, 0.3069734573
, 0.0209913254
, -0.2632684708
, -0.5424733162
, -0.8154258728
, -1.0796899796
, -1.3370561600
, -1.5902967453
, -1.8372392654
, -2.0733251572
, -2.2956523895
, -2.5045328140
, -2.6959581375
, -2.8718652725
, -3.0316820145
, -3.1699762344
, -3.2847995758
, -3.3769083023
, -3.4452123642
, -3.4858140945
, -3.5019264221
, -3.4949140549
, -3.4652776718
, -3.4082460403
, -3.3259134293
, -3.2220516205
, -3.0940942764
, -2.9444503784
, -2.7744541168
, -2.5856266022
, -2.3830585480
, -2.1670627594
, -1.9351987839
, -1.6946563721
, -1.4472761154
, -1.1926164627
, -0.9283890724
, -0.6605501175
, -0.3880987167
, -0.1130175591
, 0.1643233299
, 0.4435381889
, 0.7216539383
, 0.9969372749
, 1.2665801048
, 1.5297365189
, 1.7831230164
, 2.0234403610
, 2.2520761490
, 2.4686594009
, 2.6696085930
, 2.8484482765
, 3.0073552132
, 3.1469779015
, 3.2649588585
, 3.3627798557
, 3.4354095459
, 3.4854176044
, 3.5112996101
, 3.5104110241
, 3.4840185642
, 3.4311549664
, 3.3503875732
, 3.2424297333
, 3.1107809544
, 2.9619126320
, 2.7936544418
, 2.6038165092
, 2.3971395493
, 2.1776537895
, 1.9494590759
, 1.7103581429
, 1.4628324509
, 1.2074475288
, 0.9448809624
, 0.6778035164
, 0.4049735069
, 0.1322913170
, -0.1415724754
, -0.4150776863
, -0.6872248650
, -0.9545693398
, -1.2159757614
, -1.4714813232
, -1.7195177078
, -1.9551582336
, -2.1812820435
, -2.3932495117
, -2.5881748199
, -2.7674875259
, -2.9272527695
, -3.0652179718
, -3.1816301346
, -3.2783441544
, -3.3560781479
, -3.4104690552
, -3.4385795593
, -3.4448213577
, -3.4268016815
, -3.3830738068
, -3.3128414154
, -3.2159318924
, -3.0960063934
, -2.9532279968
, -2.7894878387
, -2.6087236404
, -2.4094371796
, -2.1960868835
, -1.9740409851
, -1.7414417267
, -1.4978208542
, -1.2426271439
, -0.9804043770
, -0.7162756920
, -0.4505023956
, -0.1819601059
, 0.0908656120
, 0.3676433563
, 0.6461334229
, 0.9199056625
, 1.1880440712
, 1.4518451691
, 1.7082724571
, 1.9524960518
, 2.1816101074
, 2.3975481987
, 2.6002078056
, 2.7864079475
, 2.9508295059
, 3.0946273804
, 3.2158367634
, 3.3141479492
, 3.3893132210
, 3.4435911179
, 3.4744653702
, 3.4786956310
, 3.4571144581
, 3.4087727070
, 3.3333127499
, 3.2336790562
, 3.1111202240
, 2.9668574333
, 2.8039383888
, 2.6201829910
, 2.4185204506
, 2.2011542320
, 1.9702215195
, 1.7289295197
, 1.4804811478
, 1.2246818542
, 0.9618072510
, 0.6959156990
, 0.4275708199
, 0.1569366455
, -0.1126646996
, -0.3815236092
, -0.6505260468
, -0.9171452522
, -1.1805086136
, -1.4381933212
, -1.6885204315
, -1.9258537292
, -2.1518840790
, -2.3644227982
, -2.5621547699
, -2.7455387115
, -2.9111413956
, -3.0598716736
, -3.1882057190
, -3.2933740616
, -3.3714141846
, -3.4230585098
, -3.4508304596
, -3.4545612335
, -3.4359216690
, -3.3932237625
, -3.3250322342
, -3.2349929810
, -3.1246280670
, -2.9913949966
, -2.8354043961
, -2.6602296829
, -2.4652700424
, -2.2562294006
, -2.0321378708
, -1.7932605743
, -1.5444974899
, -1.2897043228
, -1.0314788818
, -0.7671413422
, -0.4991550446
, -0.2279992104
, 0.0463013649
, 0.3211069107
, 0.5960674286
, 0.8701562881
, 1.1428160667
, 1.4084115028
, 1.6651821136
, 1.9115271568
, 2.1472573280
, 2.3672161102
, 2.5717806816
, 2.7608394623
, 2.9318795204
, 3.0800700188
, 3.2059965134
, 3.3066062927
, 3.3831565380
, 3.4395124912
, 3.4720482826
, 3.4800057411
, 3.4661562443
, 3.4276783466
, 3.3652944565
, 3.2783837318
, 3.1653723717
, 3.0265402794
, 2.8668603897
, 2.6886730194
, 2.4937129021
, 2.2855014801
, 2.0620160103
, 1.8259668350
, 1.5802712440
, 1.3289923668
, 1.0702781677
, 0.8044686317
, 0.5339202881
, 0.2633337975
, -0.0065865517
, -0.2779040337
, -0.5516510010
, -0.8233141899
, -1.0878553391
, -1.3459501266
, -1.5981454849
, -1.8384313583
, -2.0673847198
, -2.2870683670
, -2.4933891296
, -2.6858596802
, -2.8615455627
, -3.0194168091
, -3.1558876038
, -3.2690324783
, -3.3560934067
, -3.4199466705
, -3.4598722458
, -3.4729976654
, -3.4611597061
, -3.4248647690
, -3.3642845154
, -3.2779932022
, -3.1709060669
, -3.0412721634
, -2.8883466721
, -2.7149553299
, -2.5220918655
, -2.3131628036
, -2.0932273865
, -1.8639507294
, -1.6246337891
, -1.3755893707
, -1.1210718155
, -0.8621649742
, -0.5992321968
, -0.3342008591
, -0.0635261536
, 0.2098040581
, 0.4819350243
, 0.7561573982
, 1.0298371315
, 1.2968688011
, 1.5526800156
, 1.7981367111
, 2.0352716446
, 2.2593393326
, 2.4704518318
, 2.6662602425
, 2.8413763046
, 2.9963850975
, 3.1296839714
, 3.2442731857
, 3.3369219303
, 3.4041397572
, 3.4486417770
, 3.4657864571
, 3.4563782215
, 3.4242768288
, 3.3694021702
, 3.2886610031
, 3.1814157963
, 3.0516636372
, 2.9011716843
, 2.7298564911
, 2.5388612747
, 2.3318085670
, 2.1071763039
, 1.8699703217
, 1.6259489059
, 1.3735523224
, 1.1155552864
, 0.8531775475
, 0.5844435692
, 0.3125586510
, 0.0374312401
, -0.2381672859
, -0.5097584724
, -0.7747116089
, -1.0372247696
, -1.2951002121
, -1.5459175110
, -1.7888841629
, -2.0221214294
, -2.2425832748
, -2.4461126328
, -2.6324405670
, -2.8043746948
, -2.9582548141
, -3.0882329941
, -3.1957473755
, -3.2818059921
, -3.3461084366
, -3.3893899918
, -3.4117164612
, -3.4079570770
, -3.3806810379
, -3.3267393112
, -3.2472267151
, -3.1437416077
, -3.0206336975
, -2.8775672913
, -2.7115793228
, -2.5286741257
, -2.3288946152
, -2.1156883240
, -1.8902025223
, -1.6524372101
, -1.4052257538
, -1.1489152908
, -0.8857231140
, -0.6163234711
, -0.3412718773
, -0.0650062561
, 0.2117724419
, 0.4891281128
, 0.7641420364
, 1.0356564522
, 1.3010563850
, 1.5601606369
, 1.8099408150
, 2.0475201607
, 2.2743954659
, 2.4887146950
, 2.6843361855
, 2.8606524467
, 3.0192384720
, 3.1590800285
, 3.2756428719
, 3.3681941032
, 3.4374177456
, 3.4812781811
, 3.5001380444
, 3.4932918549
, 3.4611964226
, 3.4007034302
, 3.3168325424
, 3.2085199356
, 3.0773160458
, 2.9218578339
, 2.7462334633
, 2.5549507141
, 2.3458232880
, 2.1221871376
, 1.8879051208
, 1.6466345787
, 1.3965668678
, 1.1394495964
, 0.8755784035
, 0.6053695679
, 0.3323802948
, 0.0592703819
, -0.2109413147
, -0.4790792465
, -0.7462191582
, -1.0118284225
, -1.2724409103
, -1.5298156738
, -1.7767934799
, -2.0126876831
, -2.2391481400
, -2.4509134293
, -2.6444749832
, -2.8210878372
, -2.9770212173
, -3.1106739044
, -3.2225971222
, -3.3130950928
, -3.3793430328
, -3.4221544266
, -3.4432840347
, -3.4399538040
, -3.4121179581
, -3.3600959778
, -3.2834243774
, -3.1819896698
, -3.0580673218
, -2.9091968536
, -2.7397470474
, -2.5551757813
, -2.3541154861
, -2.1397199631
, -1.9131746292
, -1.6756496429
, -1.4316387177
, -1.1823101044
, -0.9261631966
, -0.6611051559
, -0.3884849548
, -0.1122426987
, 0.1664819717
, 0.4471869469
, 0.7262411118
, 1.0020279884
, 1.2701458931
, 1.5266551971
, 1.7735381126
, 2.0126013756
, 2.2388658524
, 2.4522976875
, 2.6520042419
, 2.8361549377
, 3.0019006729
, 3.1439938545
, 3.2605319023
, 3.3521256447
, 3.4217259884
, 3.4717187881
, 3.4990422726
, 3.4983534813
, 3.4689955711
, 3.4167883396
, 3.3402009010
, 3.2392411232
, 3.1115312576
, 2.9636011124
, 2.7940196991
, 2.6031022072
, 2.3963627815
, 2.1755108833
, 1.9423689842
, 1.7019057274
, 1.4549560547
, 1.2001681328
, 0.9380040169
, 0.6741452217
, 0.4083852768
, 0.1389808655
, -0.1333856583
, -0.4036026001
, -0.6728520393
, -0.9404606819
, -1.2039632797
, -1.4640645981
, -1.7152166367
, -1.9581727982
, -2.1900119781
, -2.4057016373
, -2.6032066345
, -2.7834119797
, -2.9416656494
, -3.0786361694
, -3.1947250366
, -3.2909536362
