StateVariable_7=[0.0000000000
, 0.0069753421
, 0.0069837775
, 0.0069692461
, 0.0069575962
, 0.0069370135
, 0.0069196681
, 0.0068998127
, 0.0068904585
, 0.0068299440
, 0.0070321653
, 0.0068388362
, 0.0067610485
, 0.0067369090
, 0.0066937590
, 0.0066423314
, 0.0065167095
, 0.0063848700
, 0.0062422366
, 0.0060582375
, 0.0059494432
, 0.0056896852
, 0.0054591540
, 0.0052021835
, 0.0049656769
, 0.0047666291
, 0.0045714574
, 0.0041934000
, 0.0039907661
, 0.0037081558
, 0.0034387370
, 0.0031612595
, 0.0028766075
, 0.0025928542
, 0.0049030813
, 0.0069268914
, 0.0086640911
, 0.0101166386
, 0.0112826973
, 0.0121613899
, 0.0127530694
, 0.0130600436
, 0.0130812274
, 0.0128197223
, 0.0122781722
, 0.0114634000
, 0.0103837093
, 0.0090466533
, 0.0074563567
, 0.0056191175
, 0.0035457923
, 0.0012501399
, -0.0012563992
, -0.0039501977
, -0.0068220631
, -0.0069818799
, -0.0071201739
, -0.0072349971
, -0.0073608821
, -0.0073609506
, -0.0074419426
, -0.0074461661
, -0.0074510579
, -0.0074095796
, -0.0073584439
, -0.0072761239
, -0.0071748057
, -0.0070442921
, -0.0068923119
, -0.0067246519
, -0.0093102781
, -0.0116952276
, -0.0138622904
, -0.0157959536
, -0.0175389014
, -0.0189897995
, -0.0201784745
, -0.0211029686
, -0.0217629243
, -0.0221523438
, -0.0222655516
, -0.0221024770
, -0.0216563195
, -0.0209382791
, -0.0199355595
, -0.0186784789
, -0.0171487425
, -0.0153836180
, -0.0133787952
, -0.0111267194
, -0.0086333873
, -0.0059883413
, -0.0031327652
, -0.0001329356
, 0.0000142128
, 0.0001296032
, 0.0002300148
, 0.0003053703
, 0.0003498870
, 0.0003785345
, 0.0003804313
, 0.0003484891
, 0.0003011124
, 0.0003077521
, 0.0000224393
, -0.0000244524
, -0.0001385831
, -0.0003673302
, 0.0022388303
, 0.0046338118
, 0.0068114656
, 0.0087593775
, 0.0104740029
, 0.0119356634
, 0.0131420242
, 0.0140869049
, 0.0147641711
, 0.0151694659
, 0.0153017575
, 0.0151601844
, 0.0147451069
, 0.0140572637
, 0.0130931465
, 0.0118904272
, 0.0104164425
, 0.0086998502
, 0.0067446921
, 0.0045634103
, 0.0021701606
, -0.0004203639
, -0.0031853600
, -0.0061126128
, -0.0062533375
, -0.0063641258
, -0.0064637042
, -0.0065414379
, -0.0065958290
, -0.0066239396
, -0.0067169643
, -0.0066323974
, -0.0065484564
, -0.0064899111
, -0.0063877972
, -0.0063151438
, -0.0061385878
, -0.0059748478
, -0.0085746944
, -0.0109821837
, -0.0131800463
, -0.0151374899
, -0.0169141144
, -0.0183767378
, -0.0196015984
, -0.0205820035
, -0.0213073064
, -0.0218261927
, -0.0219780914
, -0.0218824279
, -0.0215341989
, -0.0208880659
, -0.0199674163
, -0.0187773611
, -0.0173279736
, -0.0156197017
, -0.0136654479
, -0.0114875659
, -0.0090900175
, -0.0064898101
, -0.0037034021
, -0.0007525726
, -0.0005750122
, -0.0000399508
, -0.0008784166
, -0.0003198294
, -0.0002625959
, -0.0002261269
, -0.0002275197
, -0.0002462876
, -0.0002690386
, -0.0003951136
, -0.0004697230
, -0.0005897658
, -0.0007365447
, -0.0008994637
, 0.0017186003
, 0.0041371207
, 0.0063640364
, 0.0085971002
, 0.0100765415
, 0.0115570221
, 0.0127817038
, 0.0137451403
, 0.0144398771
, 0.0148674482
, 0.0150245260
, 0.0149119627
, 0.0145307481
, 0.0138802221
, 0.0129630761
, 0.0117825679
, 0.0103432117
, 0.0086546913
, 0.0067013022
, 0.0042552482
, 0.0022478558
, -0.0003142991
, -0.0030576175
, -0.0059687588
, -0.0061174892
, -0.0062458231
, -0.0063509913
, -0.0064317579
, -0.0064806761
, -0.0065084477
, -0.0065093851
, -0.0064963177
, -0.0064565884
, -0.0063770181
, -0.0063848188
, -0.0061903507
, -0.0060412530
, -0.0058739851
, -0.0085187899
, -0.0110087367
, -0.0132687874
, -0.0152958399
, -0.0170905516
, -0.0186234526
, -0.0199228395
, -0.0209552478
, -0.0217159390
, -0.0222109053
, -0.0224366020
, -0.0223903004
, -0.0220656954
, -0.0213876069
, -0.0206466671
, -0.0195047744
, -0.0180963632
, -0.0164311808
, -0.0145196542
, -0.0123687275
, -0.0100036422
, -0.0074318615
, -0.0046685366
, -0.0017392964
, -0.0001544122
, -0.0029497943
, -0.0007627793
, -0.0011747521
, -0.0013125766
, -0.0010888873
, -0.0019621013
, -0.0011992598
, -0.0012467159
, -0.0013032419
, -0.0013875014
, -0.0015057239
, -0.0016419962
, -0.0017994014
, -0.0019819967
, 0.0005136948
, 0.0028012886
, 0.0048633046
, 0.0066875997
, 0.0082678711
, 0.0096125593
, 0.0106711769
, 0.0114756459
, 0.0120090768
, 0.0122724110
, 0.0122658294
, 0.0119879255
, 0.0114358366
, 0.0106125223
, 0.0095255300
, 0.0081785126
, 0.0065803668
, 0.0047419355
, 0.0026726581
, 0.0003876836
, -0.0021079883
, -0.0048567159
, -0.0077351155
, -0.0078737373
, -0.0079939198
, -0.0081094867
, -0.0082409745
, -0.0082708178
, -0.0083311591
, -0.0083178431
, -0.0082947435
, -0.0083076060
, -0.0081870165
, -0.0081429118
, -0.0080038169
, -0.0078620696
, -0.0077450625
, -0.0076037357
, -0.0100960406
, -0.0124113215
, -0.0145026324
, -0.0163665824
, -0.0179912169
, -0.0193657149
, -0.0204867870
, -0.0213489514
, -0.0219481830
, -0.0222823843
, -0.0223459117
, -0.0221361071
, -0.0216533486
, -0.0208978839
, -0.0198688637
, -0.0185556486
, -0.0170213059
, -0.0152215231
, -0.0131897302
, -0.0109303910
, -0.0084599387
, -0.0057936786
, -0.0029523023
, 0.0000464603
, 0.0001748984
, 0.0002919708
, 0.0003846196
, 0.0004518374
, 0.0004963395
, 0.0005134841
, 0.0005040759
, 0.0005035337
, 0.0003918046
, 0.0003389681
, 0.0002211522
, 0.0000993613
, -0.0000511306
, -0.0002224458
, 0.0023164155
, 0.0046482240
, 0.0067554004
, 0.0086253705
, 0.0102526098
, 0.0116261616
, 0.0127585689
, 0.0135996398
, 0.0141830845
, 0.0145022050
, 0.0145400446
, 0.0143026840
, 0.0137959281
, 0.0130244792
, 0.0119785490
, 0.0106921047
, 0.0091358554
, 0.0073469714
, 0.0053365747
, 0.0030827676
, 0.0006468819
, -0.0019876473
, -0.0047591585
, -0.0076851835
, -0.0078473911
, -0.0079897223
, -0.0080078142
, -0.0081083300
, -0.0081427563
, -0.0081708748
, -0.0081671150
, -0.0081398394
, -0.0080858972
, -0.0080063846
, -0.0079053948
, -0.0077797920
, -0.0076344423
, -0.0074707377
, -0.0099994121
, -0.0123283062
, -0.0144439945
, -0.0163547900
, -0.0182400551
, -0.0194319766
, -0.0205846783
, -0.0214681849
, -0.0220871028
, -0.0224269386
, -0.0224920046
, -0.0222805943
, -0.0217914656
, -0.0210273229
, -0.0199916661
, -0.0186906103
, -0.0171292126
, -0.0153192710
, -0.0132717509
, -0.0109668849
, -0.0081357136
, -0.0058567151
, -0.0029791263
, -0.0028577473
, -0.0026976350
, -0.0025784730
, -0.0024770084
, -0.0024251717
, -0.0023754367
, -0.0023625586
, -0.0023574531
, -0.0024041799
, -0.0024560115
, -0.0025398824
, -0.0026456492
, -0.0027172291
, -0.0029106033
, -0.0031104814
, -0.0005726064
, 0.0017654853
, 0.0038965452
, 0.0057780552
, 0.0074356948
, 0.0088322619
, 0.0099708075
, 0.0108463857
, 0.0114477091
, 0.0117800897
, 0.0118389614
, 0.0116305118
, 0.0110766497
, 0.0104362331
, 0.0092835668
, 0.0082064504
, 0.0066740201
, 0.0048941905
, 0.0028764659
, 0.0006485246
, -0.0018023889
, -0.0044489619
, -0.0072700498
, -0.0102419835
, -0.0103807235
, -0.0104926471
, -0.0105831455
, -0.0106551684
, -0.0106922043
, -0.0107594645
, -0.0111919623
, -0.0101611037
, -0.0106248138
, -0.0105534745
, -0.0104520395
, -0.0103253173
, -0.0101792468
, -0.0100123053
, -0.0125715360
, -0.0149197606
, -0.0170594808
, -0.0189711377
, -0.0206467863
, -0.0220784247
, -0.0232616737
, -0.0242002439
, -0.0249523204
, -0.0252825003
, -0.0253947414
, -0.0252281278
, -0.0247817058
, -0.0240560398
, -0.0230540130
, -0.0217816960
, -0.0202512201
, -0.0184821207
, -0.0164729580
, -0.0142340930
, -0.0117798494
, -0.0091278451
, -0.0062916903
, -0.0032341818
, -0.0031030809
, -0.0030556361
, -0.0029509196
, -0.0028699641
, -0.0028112836
, -0.0028216927
, -0.0027552228
, -0.0028286229
, -0.0028721907
, -0.0029514893
, -0.0030766681
, -0.0031830075
, -0.0033405700
, -0.0034951125
, -0.0008701641
, 0.0015161796
, 0.0036916905
, 0.0056373198
, 0.0073305517
, 0.0087782256
, 0.0099703725
, 0.0109216878
, 0.0115929944
, 0.0120013794
, 0.0121409455
, 0.0120099084
, 0.0116063058
, 0.0109209903
, 0.0099970894
, 0.0087951841
, 0.0073299576
, 0.0055858991
, 0.0036490601
, 0.0014645286
, -0.0009329505
, -0.0035385403
