time=[0.0000000000
, 0.9965999722
, 2.0000000000
, 3.0041999817
, 3.9983000755
, 4.9966001511
, 5.9974999428
, 6.9966001511
, 7.9974999428
, 8.9975004196
, 9.9966001511
, 10.9966001511
, 11.9966001511
, 12.9975004196
, 13.9966001511
, 14.9966001511
, 15.9966001511
, 16.9965991974
, 17.9965991974
, 19.0049991608
, 19.9983005524
, 20.9958000183
, 21.9958000183
, 22.9958000183
, 23.9958000183
, 24.9958000183
, 25.9958000183
, 26.9965991974
, 27.9958000183
, 28.9958000183
, 29.9958000183
, 30.9958000183
, 31.9958000183
, 32.9958000183
, 33.9966011047
, 35.0050010681
, 35.9982986450
, 36.9966011047
, 37.9958000183
, 38.9958000183
, 39.9958000183
, 40.9958000183
, 42.0050010681
, 42.9958000183
, 43.9958000183
, 44.9958000183
, 45.9966011047
, 46.9966011047
, 47.9958000183
, 48.9966011047
, 49.9958000183
, 51.0225982666
, 52.0218009949
, 53.0209007263
, 54.0200996399
, 55.0183982849
, 56.0260009766
, 57.0192985535
, 58.0225982666
, 59.0218009949
, 60.0150985718
, 61.0200996399
, 62.0209007263
, 63.0141983032
, 64.0042037964
, 64.9957962036
, 65.9982986450
, 67.0057983398
, 67.9974975586
, 68.9957962036
, 69.9957962036
, 70.9957962036
, 71.9957962036
, 72.9957962036
, 73.9957962036
, 74.9957962036
, 75.9965972900
, 76.9965972900
, 77.9957962036
, 78.9957962036
, 79.9957962036
, 80.9957962036
, 81.9957962036
, 83.0042037964
, 83.9974975586
, 84.9957962036
, 85.9965972900
, 86.9965972900
, 87.9957962036
, 88.9957962036
, 89.9957962036
, 90.9957962036
, 91.9965972900
, 92.9957962036
, 93.9957962036
, 94.9957962036
, 95.9957962036
, 96.9957962036
, 97.9957962036
, 99.0033035278
, 99.9957962036
, 100.9965972900
, 101.9957962036
, 102.9957962036
, 104.0033035278
, 104.9957962036
, 105.9974975586
, 106.9965972900
, 107.9990997314
, 108.9957962036
, 109.9957962036
, 110.9957962036
, 111.9957962036
, 112.9957962036
, 113.9957962036
, 115.0217971802
, 116.0268020630
, 117.0208969116
, 118.0167999268
, 119.0150985718
, 120.0225982666
, 121.0184020996
, 122.0217971802
, 123.0217971802
, 124.0141983032
, 125.0225982666
, 126.0201034546
, 127.0141983032
, 128.0066986084
, 128.9965972900
, 130.1493072510
, 131.0084075928
, 132.2138977051
, 132.9965972900
, 133.9974975586
, 134.9965972900
, 135.9983062744
, 136.9974975586
, 137.9974975586
, 138.9974975586
, 139.9965972900
, 140.9965972900
, 141.9983062744
, 142.9983062744
, 144.0016937256
, 144.9990997314
, 145.9983062744
, 147.0092010498
, 148.1484985352
, 148.9983062744
, 149.9965972900
, 150.9965972900
, 151.9965972900
, 152.9974975586
, 153.9974975586
, 154.9965972900
, 155.9974975586
, 156.9974975586
, 157.9965972900
, 158.9965972900
, 159.9965972900
, 160.9965972900
, 161.9974975586
, 163.0066986084
, 164.1425933838
, 164.9974975586
, 165.9983062744
, 166.9983062744
, 167.9974975586
, 168.9965972900
, 169.9965972900
, 170.9958038330
, 171.9958038330
, 172.9983062744
, 173.9958038330
, 174.9965972900
, 175.9965972900
, 176.9965972900
, 177.9965972900
, 179.0200958252
, 180.0251007080
, 181.0218048096
, 182.0184020996
, 183.0158996582
, 184.0218048096
, 185.0243072510
, 186.0175933838
, 187.0209045410
, 188.0158996582
, 189.0200958252
, 190.0151062012
, 191.0133972168
, 192.0099945068
, 192.9974975586
, 193.9965972900
, 195.0075073242
, 196.1376037598
, 196.9974975586
, 198.0485992432
, 198.9974975586
, 199.9965972900
, 200.9958038330
, 201.9974975586
, 202.9965972900
, 203.9958038330
, 204.9958038330
, 205.9965972900
, 206.9965972900
, 207.9965972900
, 208.9958038330
, 209.9958038330
, 211.0066986084
, 212.1408996582
, 212.9958038330
, 213.9965972900
, 215.0041961670
, 215.9990997314
, 216.9965972900
, 217.9965972900
, 218.9958038330
, 219.9958038330
, 220.9958038330
, 221.9958038330
, 222.9958038330
, 223.9958038330
, 224.9958038330
, 225.9958038330
, 227.0041961670
, 227.9974975586
, 228.9974975586
, 229.9958038330
, 230.9958038330
, 231.9958038330
, 232.9958038330
, 233.9958038330
, 234.9958038330
, 235.9958038330
, 236.9965972900
, 237.9965972900
, 238.9958038330
, 239.9958038330
, 240.9958038330
, 241.9958038330
, 243.0084075928
, 243.9965972900
, 244.9974975586
, 245.9965972900
, 246.9965972900
, 247.9965972900
, 248.9958038330
, 249.9958038330
, 250.9958038330
, 251.9958038330
, 252.9958038330
, 253.9958038330
, 254.9958038330
, 255.9965972900
, 256.9966125488
, 257.9966125488
, 259.0217895508
, 260.0260009766
, 261.0217895508
, 262.0151062012
, 263.0158996582
, 264.0250854492
, 265.0242919922
, 266.0201110840
, 267.0192871094
, 268.0133972168
, 269.0226135254
, 270.0192871094
, 271.0141906738
, 272.0050048828
, 272.9957885742
, 273.9957885742
, 275.0067138672
, 275.9966125488
, 276.9982910156
, 277.9966125488
, 278.9957885742
, 279.9957885742
, 280.9957885742
, 281.9966125488
, 282.9957885742
, 283.9982910156
, 284.9974975586
, 285.9974975586
, 286.9966125488
, 287.9982910156
, 288.9966125488
, 289.9966125488
, 291.0083923340
, 291.9974975586
, 293.0000000000
, 293.9966125488
, 294.9966125488
, 295.9974975586
, 296.9974975586
, 297.9974975586
, 298.9966125488
, 299.9974975586
, 300.9966125488
, 301.9966125488
, 302.9974975586
, 303.9974975586
, 304.9966125488
, 305.9974975586
, 307.0067138672
, 307.9974975586
, 308.9982910156
, 309.9966125488
, 310.9966125488
, 311.9966125488
, 312.9966125488
, 313.9966125488
, 314.9966125488
, 315.9974975586
, 316.9974975586
, 317.9974975586
, 318.9974975586
, 319.9957885742
, 320.9957885742
, 321.9957885742
, 323.0201110840
, 324.0267944336
, 325.0242919922
, 326.0201110840
, 327.0126037598
, 328.0217895508
, 329.0201110840
, 330.0260009766
, 331.0250854492
, 332.0176086426
, 333.0217895508
, 334.0151062012
, 335.0158996582
, 336.0075073242
, 336.9966125488
, 337.9957885742
, 339.0075073242
, 339.9966125488
, 340.9982910156
, 341.9974975586
, 342.9974975586
, 343.9966125488
, 344.9966125488
, 345.9991149902
, 346.9966125488
, 347.9966125488
, 348.9957885742
, 349.9974975586
, 350.9966125488
, 351.9957885742
, 352.9957885742
, 353.9957885742
, 355.0075073242
, 356.1467895508
, 357.0032958984
, 357.9966125488
, 358.9974975586
, 359.9957885742
, 360.9957885742
, 362.0007934570
, 362.9966125488
, 363.9957885742
, 364.9957885742
, 365.9966125488
, 366.9966125488
, 367.9966125488
, 368.9957885742
, 369.9957885742
, 371.0083923340
, 372.1467895508
, 372.9957885742
, 373.9957885742
, 374.9957885742
, 375.9974975586
, 376.9966125488
, 377.9966125488
, 378.9957885742
, 379.9957885742
, 380.9957885742
, 381.9957885742
, 382.9974975586
, 383.9957885742
, 384.9957885742
, 385.9966125488
, 387.0176086426
, 388.0260009766
, 389.0242919922
, 390.0176086426
, 391.0141906738
, 392.0226135254
, 393.0234985352
, 394.0217895508
, 395.0226135254
, 396.0151062012
, 397.0234985352
, 398.0234985352
, 399.0168151855
, 400.0091857910
, 400.9974975586
, 401.9957885742
, 403.0075073242
, 404.1459045410
, 404.9966125488
, 406.0025024414
, 406.9966125488
, 407.9966125488
, 408.9957885742
, 409.9957885742
, 410.9957885742
, 411.9966125488
, 412.9957885742
, 413.9957885742
, 414.9957885742
, 415.9966125488
, 416.9966125488
, 417.9966125488
, 419.0075073242
, 420.1418151855
, 420.9966125488
, 421.9957885742
, 422.9957885742
, 423.9957885742
, 424.9966125488
, 425.9991149902
, 426.9982910156
, 427.9966125488
, 428.9957885742
, 429.9966125488
, 430.9966125488
, 431.9966125488
, 433.0007934570
, 433.9957885742
, 435.0100097656
, 436.1484985352
, 436.9974975586
, 437.9974975586
, 438.9974975586
, 439.9974975586
, 440.9974975586
, 441.9966125488
, 442.9982910156
, 443.9966125488
, 444.9957885742
, 445.9974975586
, 446.9966125488
, 447.9966125488
, 448.9991149902
, 449.9982910156
, 451.0176086426
, 452.0292968750
, 453.0250854492
, 454.0201110840
, 455.0151062012
, 456.0201110840
, 457.0141906738
, 458.0242919922
, 459.0226135254
, 460.0242919922
, 461.0226135254
, 462.0168151855
, 463.0168151855
, 464.0067138672
, 464.9974975586
, 465.9966125488
, 467.0126037598
, 468.0000000000
, 468.9982910156
, 469.9966125488
, 470.9966125488
, 471.9966125488
, 472.9957885742
, 473.9957885742
, 474.9966125488
