position=[0.0057119867
, 0.0060927859
, 0.0068543837
, 0.0076159821
, 0.0087583791
, 0.0099007767
, 0.0118047725
, 0.0137087675
, 0.0159935635
, 0.0186591558
, 0.0213247500
, 0.0243711434
, 0.0277983341
, 0.0312255267
, 0.0350335166
, 0.0392223075
, 0.0434110984
, 0.0475998893
, 0.0517886803
, 0.0563582666
, 0.0609278567
, 0.0658782423
, 0.0704478323
, 0.0753982216
, 0.0799678117
, 0.0849182010
, 0.0898685902
, 0.0944381803
, 0.0993885696
, 0.1039581597
, 0.1089085490
, 0.1134781316
, 0.1180477217
, 0.1226173118
, 0.1271869093
, 0.1317564845
, 0.1363260746
, 0.1405148655
, 0.1447036564
, 0.1492732465
, 0.1534620374
, 0.1576508284
, 0.1618396193
, 0.1656476110
, 0.1698364019
, 0.1740251929
, 0.1778331846
, 0.1820219755
, 0.1858299673
, 0.1896379590
, 0.1934459507
, 0.1976347417
, 0.2014427334
, 0.2056315243
, 0.2094395161
, 0.2132475078
, 0.2170554996
, 0.2208634764
, 0.2250522673
, 0.2288602591
, 0.2326682508
, 0.2364762425
, 0.2406650335
, 0.2444730252
, 0.2482810169
, 0.2520890236
, 0.2562777996
, 0.2600857913
, 0.2642745674
, 0.2680825591
, 0.2718905509
, 0.2760793567
, 0.2798873484
, 0.2840761244
, 0.2882649302
, 0.2920729220
, 0.2962616980
, 0.3000696898
, 0.3042584956
, 0.3084472716
, 0.3122552633
, 0.3164440691
, 0.3206328452
, 0.3244408369
, 0.3286296427
, 0.3328184187
, 0.3366264105
, 0.3408152163
, 0.3446232080
, 0.3488119841
, 0.3530007601
, 0.3568087518
, 0.3609975576
, 0.3648055494
, 0.3689943254
, 0.3731831312
, 0.3769911230
, 0.3811798990
, 0.3849878907
, 0.3891766965
, 0.3933654726
, 0.3971734643
, 0.4013622701
, 0.4051702619
, 0.4093590379
, 0.4135478437
, 0.4173558354
, 0.4215446115
, 0.4253526032
, 0.4295414090
, 0.4337301850
, 0.4375381768
, 0.4417269528
, 0.4455349445
, 0.4497237504
, 0.4539125264
, 0.4581013322
, 0.4619093239
, 0.4660980999
, 0.4699060917
, 0.4740948975
, 0.4779028893
, 0.4820916653
, 0.4862804711
, 0.4900884628
, 0.4942772388
, 0.4980852306
, 0.5022740364
, 0.5060819983
, 0.5102708340
, 0.5148404241
, 0.5182675719
, 0.5232179761
, 0.5262643695
, 0.5304531455
, 0.5342611670
, 0.5384499431
, 0.5426387191
, 0.5464467406
, 0.5506355166
, 0.5544434786
, 0.5586323142
, 0.5628210902
, 0.5666290522
, 0.5708178878
, 0.5746258497
, 0.5788146257
, 0.5830034614
, 0.5875730515
, 0.5910001993
, 0.5948082209
, 0.5989969969
, 0.6028050184
, 0.6069937944
, 0.6111825705
, 0.6149905324
, 0.6191793680
, 0.6229873300
, 0.6271761060
, 0.6313649416
, 0.6351729035
, 0.6393616796
, 0.6431697011
, 0.6473584771
, 0.6519280672
, 0.6553552747
, 0.6595440507
, 0.6633520722
, 0.6675408483
, 0.6713488102
, 0.6755376458
, 0.6793456078
, 0.6835343838
, 0.6877232194
, 0.6915311813
, 0.6957199574
, 0.6995279789
, 0.7037167549
, 0.7075247169
, 0.7117135525
, 0.7159023285
, 0.7197102904
, 0.7238991261
, 0.7280879021
, 0.7318958640
, 0.7360846996
, 0.7398926616
, 0.7440814376
, 0.7482702732
, 0.7520782351
, 0.7562670112
, 0.7600750327
, 0.7642638087
, 0.7680718303
, 0.7722606063
, 0.7760685682
, 0.7806381583
, 0.7840653658
, 0.7882541418
, 0.7920621634
, 0.7962509394
, 0.8004397154
, 0.8042477369
, 0.8088173270
, 0.8133869171
, 0.8183372617
, 0.8236684799
, 0.8289996386
, 0.8350924253
, 0.8411852121
, 0.8476588130
, 0.8541324139
, 0.8621292114
, 0.8682219982
, 0.8758379817
, 0.8834539056
, 0.8914507031
, 0.8994475007
, 0.9074442983
, 0.9158218503
, 0.9241994619
, 0.9329578280
, 0.9413353801
, 0.9500938058
, 0.9588521719
, 0.9676105380
, 0.9763689041
, 0.9855080843
, 0.9942664504
, 1.0030248165
, 1.0117832422
, 1.0201607943
, 1.0289192200
, 1.0376775265
, 1.0464359522
, 1.0548135042
, 1.0631910563
, 1.0719494820
, 1.0803270340
, 1.0887047052
, 1.0967013836
, 1.1050790548
, 1.1130758524
, 1.1214534044
, 1.1294502020
, 1.1374469995
, 1.1454436779
, 1.1534404755
, 1.1614372730
, 1.1694340706
, 1.1774308681
, 1.1850467920
, 1.1930435896
, 1.2010403872
, 1.2086564302
, 1.2166531086
, 1.2242691517
, 1.2322659492
, 1.2398818731
, 1.2482594252
, 1.2558754683
, 1.2638722658
, 1.2714881897
, 1.2794849873
, 1.2871010303
, 1.2950978279
, 1.3027137518
, 1.3107105494
, 1.3183264732
, 1.3263232708
, 1.3343200684
, 1.3419361115
, 1.3499327898
, 1.3575488329
, 1.3655456305
, 1.3735424280
, 1.3811583519
, 1.3891551495
, 1.3971519470
, 1.4051487446
, 1.4127646685
, 1.4207614660
, 1.4287582636
, 1.4367550611
, 1.4447518587
, 1.4523677826
, 1.4603645802
, 1.4683613777
, 1.4763581753
, 1.4843549728
, 1.4919708967
, 1.5003484488
, 1.5079644918
, 1.5159612894
, 1.5239580870
, 1.5319547653
, 1.5395708084
, 1.5475676060
, 1.5555644035
, 1.5635612011
, 1.5715578794
, 1.5795546770
, 1.5875514746
, 1.5951675177
, 1.6031641960
, 1.6111609936
, 1.6191577911
, 1.6271545887
, 1.6351513863
, 1.6427673101
, 1.6507641077
, 1.6587609053
, 1.6667577028
, 1.6747545004
, 1.6823704243
, 1.6903672218
, 1.6983640194
, 1.7063608170
, 1.7143576145
, 1.7223544121
, 1.7299703360
, 1.7379671335
, 1.7459639311
, 1.7539607286
, 1.7619575262
, 1.7699542046
, 1.7779510021
, 1.7859477997
, 1.7939445972
, 1.8015606403
, 1.8095573187
, 1.8175541162
, 1.8255509138
, 1.8335477114
, 1.8411636353
, 1.8491604328
, 1.8571572304
, 1.8647732735
, 1.8727700710
, 1.8807667494
, 1.8883827925
, 1.8963795900
, 1.9043763876
, 1.9123731852
, 1.9199891090
, 1.9279859066
, 1.9359827042
, 1.9439795017
, 1.9519761801
, 1.9595922232
, 1.9675890207
, 1.9755858183
, 1.9835826159
, 1.9915792942
, 1.9991953373
, 2.0071921349
, 2.0163311958
, 2.0231857300
, 2.0311825275
, 2.0387983322
, 2.0467951298
, 2.0547919273
, 2.0627887249
, 2.0707855225
, 2.0784015656
, 2.0863983631
, 2.0943951607
, 2.1023919582
, 2.1103887558
, 2.1180045605
, 2.1260013580
, 2.1339981556
, 2.1431374550
, 2.1499917507
, 2.1576077938
, 2.1656045914
, 2.1736013889
, 2.1815981865
, 2.1895949841
, 2.1975915432
, 2.2052075863
, 2.2132043839
, 2.2212011814
, 2.2291979790
, 2.2368140221
, 2.2448108196
, 2.2528076172
, 2.2611851692
, 2.2691819668
, 2.2767977715
, 2.2847945690
, 2.2927913666
, 2.3007881641
, 2.3087849617
, 2.3164010048
, 2.3243978024
, 2.3323945999
, 2.3403913975
, 2.3483881950
, 2.3560039997
, 2.3640007973
, 2.3716168404
, 2.3792328835
, 2.3864679337
, 2.3944647312
, 2.4001767635
, 2.4066503048
, 2.4127430916
, 2.4184551239
, 2.4241671562
, 2.4294984341
, 2.4344487190
, 2.4393990040
, 2.4435877800
, 2.4477767944
, 2.4515845776
, 2.4553925991
, 2.4584391117
, 2.4614853859
, 2.4641511440
, 2.4671974182
, 2.4691014290
, 2.4710054398
, 2.4729094505
, 2.4748134613
, 2.4763367176
, 2.4778597355
, 2.4793829918
, 2.4805254936
, 2.4820485115
, 2.4831910133
, 2.4843332767
, 2.4854757786
, 2.4866182804
, 2.4881412983
, 2.4892838001
, 2.4908070564
, 2.4915685654
, 2.4930918217
, 2.4946150780
, 2.4957573414
, 2.4972805977
, 2.4988038540
, 2.5007078648
, 2.5022308826
, 2.5041348934
, 2.5056581497
, 2.5075621605
, 2.5094661713
, 2.5113701820
, 2.5132741928
, 2.5155589581
, 2.5174629688
, 2.5197477341
, 2.5216517448
, 2.5239365101
, 2.5258405209
, 2.5281252861
, 2.5304100513
, 2.5323140621
, 2.5345988274
, 2.5368835926
, 2.5387876034
, 2.5410723686
, 2.5433571339
, 2.5452611446
, 2.5475461483
, 2.5498309135
, 2.5521156788
, 2.5540196896
, 2.5563044548
, 2.5582084656
, 2.5604932308
, 2.5627779961
, 2.5646820068
, 2.5669667721
, 2.5688707829
, 2.5711555481
, 2.5730595589
, 2.5749635696
, 2.5772483349
, 2.5791523457
, 2.5814371109
, 2.5833411217
, 2.5852451324
, 2.5875298977
, 2.5894339085
, 2.5913379192
, 2.5936226845
, 2.5955266953
, 2.5974307060
, 2.5997154713
, 2.6016194820
, 2.6035234928
, 2.6054275036
, 2.6077122688
, 2.6096162796
, 2.6115202904
, 2.6134243011
, 2.6157090664
, 2.6176130772
, 2.6195170879
, 2.6218018532
, 2.6237058640
, 2.6256098747
, 2.6278946400
, 2.6297986507
, 2.6317026615
, 2.6339874268
, 2.6358914375
, 2.6377954483
, 2.6404609680
, 2.6419842243
, 2.6442689896
, 2.6461730003
, 2.6480770111
, 2.6503617764
, 2.6522657871
, 2.6541697979
, 2.6564545631
, 2.6583585739
, 2.6602625847
, 2.6625473499
, 2.6644513607
, 2.6667361259
, 2.6686401367
, 2.6705441475
, 2.6728289127
, 2.6747329235
, 2.6766369343
, 2.6789216995
, 2.6808257103
