velocity=[0.0000000000
, 0.0024454291
, 0.0173996687
, 0.0536561459
, 0.1120520085
, 0.1936947405
, 0.2974201441
, 0.4295675457
, 0.5870921612
, 0.7683735490
, 0.9709789157
, 1.1871145964
, 1.4145711660
, 1.6521191597
, 1.8938293457
, 2.1396169662
, 2.3900461197
, 2.6382083893
, 2.8749895096
, 3.0951588154
, 3.3014028072
, 3.4965960979
, 3.6832466125
, 3.8546717167
, 4.0106296539
, 4.1463317871
, 4.2668495178
, 4.3726825714
, 4.4591717720
, 4.5303535461
, 4.5852761269
, 4.6293044090
, 4.6593341827
, 4.6752457619
, 4.6797242165
, 4.6758370399
, 4.6663718224
, 4.6524314880
, 4.6281280518
, 4.5954608917
, 4.5628981590
, 4.5281076431
, 4.4902153015
, 4.4480504990
, 4.3995113373
, 4.3524270058
, 4.3092532158
, 4.2661323547
, 4.2267417908
, 4.1865911484
, 4.1440954208
, 4.1023426056
, 4.0669736862
, 4.0376157761
, 4.0176811218
, 4.0006952286
, 3.9827961922
, 3.9631228447
, 3.9454994202
, 3.9357893467
, 3.9286847115
, 3.9208731651
, 3.9134035110
, 3.9121053219
, 3.9121859074
, 3.9106667042
, 3.9090669155
, 3.9119925499
, 3.9161267281
, 3.9245841503
, 3.9307363033
, 3.9335484505
, 3.9383487701
, 3.9426822662
, 3.9517683983
, 3.9649364948
, 3.9756090641
, 3.9854416847
, 3.9913415909
, 3.9991197586
, 4.0089397430
, 4.0150732994
, 4.0223431587
, 4.0306229591
, 4.0341448784
, 4.0389628410
, 4.0453372002
, 4.0475387573
, 4.0482225418
, 4.0450263023
, 4.0441536903
, 4.0460953712
, 4.0452790260
, 4.0441112518
, 4.0399799347
, 4.0388369560
, 4.0409469604
, 4.0405788422
, 4.0400342941
, 4.0363149643
, 4.0351104736
, 4.0376129150
, 4.0378742218
, 4.0380287170
, 4.0349440575
, 4.0342483521
, 4.0371060371
, 4.0375418663
, 4.0377159119
, 4.0347084999
, 4.0347433090
, 4.0379524231
, 4.0384950638
, 4.0386533737
, 4.0356492996
, 4.0347490311
, 4.0371026993
, 4.0413966179
, 4.0427451134
, 4.0437693596
, 4.0412921906
, 4.0382790565
, 4.0328960419
, 4.0309629440
, 4.0329828262
, 4.0333585739
, 4.0333623886
, 4.0306172371
, 4.0291504860
, 4.0266485214
, 4.0272879601
, 4.0280895233
, 4.0282688141
, 4.0287189484
, 4.0277705193
, 4.0277709961
, 4.0254144669
, 4.0261559486
, 4.0301723480
, 4.0316152573
, 4.0327248573
, 4.0307140350
, 4.0313878059
, 4.0348806381
, 4.0354995728
, 4.0355248451
, 4.0326042175
, 4.0324215889
, 4.0358085632
, 4.0394887924
, 4.0407514572
, 4.0374221802
, 4.0340137482
, 4.0284705162
, 4.0267667770
, 4.0290894508
, 4.0295338631
, 4.0300812721
, 4.0278019905
, 4.0285573006
, 4.0324668884
, 4.0337061882
, 4.0345211029
, 4.0318217278
, 4.0300121307
, 4.0290770531
, 4.0292258263
, 4.0312623978
, 4.0306849480
, 4.0303153992
, 4.0274252892
, 4.0253424644
, 4.0214538574
, 4.0213618279
, 4.0249242783
, 4.0264110565
, 4.0278210640
, 4.0261936188
, 4.0249190331
, 4.0208425522
, 4.0183372498
, 4.0188546181
, 4.0180969238
, 4.0211458206
, 4.0274000168
, 4.0301508904
, 4.0318641663
, 4.0304226875
, 4.0315241814
, 4.0356969833
, 4.0369167328
, 4.0379447937
, 4.0359926224
, 4.0348086357
, 4.0322818756
, 4.0306787491
, 4.0252614021
, 4.0189771652
, 4.0130620003
, 4.0079703331
, 4.0055084229
, 4.0093560219
, 4.0173230171
, 4.0248117447
, 4.0438632965
, 4.0804843903
, 4.1413474083
, 4.2300992012
, 4.3452897072
, 4.4919452667
, 4.6654992104
, 4.8600955009
, 5.0673952103
, 5.2884964943
, 5.5210213661
, 5.7640919685
, 6.0116453171
, 6.2623786926
, 6.5089311600
, 6.7445330620
, 6.9699335098
, 7.1847567558
, 7.3899116516
, 7.5782079697
, 7.7515926361
, 7.9103674889
, 8.0532569885
, 8.1811800003
, 8.2984495163
, 8.4013757706
, 8.4869995117
, 8.5532970428
, 8.5967931747
, 8.6262521744
, 8.6482858658
, 8.6636772156
, 8.6662893295
, 8.6579322815
, 8.6468744278
, 8.6308841705
, 8.6071023941
, 8.5719480515
, 8.5314693451
, 8.4857902527
, 8.4403429031
, 8.3950300217
, 8.3485469818
, 8.3019657135
, 8.2569561005
, 8.2150573730
, 8.1773939133
, 8.1419467926
, 8.1035594940
, 8.0683937073
, 8.0377502441
, 8.0069198608
, 7.9788813591
, 7.9511189461
, 7.9272708893
, 7.9058794975
, 7.8922533989
, 7.8801760674
, 7.8718547821
, 7.8640060425
, 7.8578224182
, 7.8489284515
, 7.8417897224
, 7.8346915245
, 7.8307280540
, 7.8266110420
, 7.8259344101
, 7.8296766281
, 7.8328595161
, 7.8382000923
, 7.8419432640
, 7.8472042084
, 7.8525681496
, 7.8546829224
, 7.8581676483
, 7.8656740189
, 7.8744206429
, 7.8777804375
, 7.8806853294
, 7.8861336708
, 7.8944344521
, 7.9020504951
, 7.9031052589
, 7.9032034874
, 7.9057917595
, 7.9111571312
, 7.9165282249
, 7.9174656868
, 7.9213218689
, 7.9226021767
, 7.9236335754
, 7.9269742966
, 7.9300007820
, 7.9266319275
, 7.9225802422
, 7.9214735031
, 7.9239144325
, 7.9290580750
, 7.9360384941
, 7.9413790703
, 7.9390220642
, 7.9349985123
, 7.9332690239
, 7.9339928627
, 7.9362425804
, 7.9389872551
, 7.9357719421
, 7.9319767952
, 7.9308271408
, 7.9327664375
, 7.9347410202
, 7.9306645393
, 7.9260396957
, 7.9242482185
, 7.9259233475
, 7.9304585457
, 7.9345135689
, 7.9321346283
, 7.9287438393
, 7.9265956879
, 7.9233727455
, 7.9210977554
, 7.9223079681
, 7.9277153015
, 7.9361600876
, 7.9419198036
, 7.9393410683
, 7.9340834618
, 7.9313583374
, 7.9330210686
, 7.9351005554
, 7.9320592880
, 7.9290413857
, 7.9281291962
, 7.9246363640
, 7.9216732979
, 7.9180974960
, 7.9112329483
, 7.9060745239
, 7.9054183960
, 7.9067325592
, 7.9037451744
, 7.9012775421
, 7.9021134377
, 7.9069714546
, 7.9123835564
, 7.9118313789
, 7.9103608131
, 7.9116168022
, 7.9161634445
, 7.9207320213
, 7.9184775352
, 7.9137592316
, 7.9119548798
, 7.9145922661
, 7.9191212654
, 7.9182419777
, 7.9169530869
, 7.9179854393
, 7.9213190079
, 7.9250011444
, 7.9228830338
, 7.9201097488
, 7.9198980331
, 7.9228334427
, 7.9259300232
, 7.9231424332
, 7.9192214012
, 7.9163751602
, 7.9176545143
, 7.9215240479
, 7.9204268456
, 7.9187207222
, 7.9192962646
, 7.9228777885
, 7.9288902283
, 7.9340324402
, 7.9321494102
, 7.9288988113
, 7.9278650284
, 7.9272198677
, 7.9216675758
, 7.9165983200
, 7.9164276123
, 7.9239196777
, 7.9314961433
, 7.9322080612
, 7.9322872162
, 7.9343595505
, 7.9372153282
, 7.9387063980
, 7.9338674545
, 7.9288191795
, 7.9276022911
, 7.9288959503
, 7.9303789139
, 7.9274964333
, 7.9240179062
, 7.9154796600
, 7.8959579468
, 7.8561429977
, 7.7925581932
, 7.7030463219
, 7.5869050026
, 7.4437241554
, 7.2745261192
, 7.0866889954
, 6.8824987411
, 6.6635918617
, 6.4340472221
, 6.1896500587
, 5.9343695641
, 5.6720724106
, 5.4070954323
, 5.1344823837
, 4.8570103645
, 4.5772309303
, 4.3013162613
, 4.0277514458
, 3.7556180954
, 3.4911403656
, 3.2400109768
, 3.0010120869
, 2.7766349316
, 2.5686774254
, 2.3751647472
, 2.2014737129
, 2.0439157486
, 1.9008753300
, 1.7727264166
, 1.6624172926
, 1.5752035379
, 1.5050235987
, 1.4479056597
, 1.3974133730
, 1.3620456457
, 1.3420648575
, 1.3296239376
, 1.3268502951
, 1.3361573219
, 1.3602727652
, 1.3924760818
, 1.4313466549
, 1.4700744152
, 1.5114088058
, 1.5557880402
, 1.6012877226
, 1.6479256153
, 1.6983603239
, 1.7479478121
, 1.7981917858
, 1.8444619179
, 1.8882846832
, 1.9255540371
, 1.9614984989
, 1.9955782890
, 2.0223481655
, 2.0469458103
, 2.0699634552
, 2.0863602161
, 2.1015083790
, 2.1163558960
, 2.1257071495
, 2.1343100071
, 2.1446557045
, 2.1553914547
, 2.1603879929
, 2.1622922421
, 2.1589388847
, 2.1569609642
, 2.1572759151
, 2.1545982361
, 2.1515305042
, 2.1455268860
, 2.1402163506
, 2.1307535172
, 2.1178278923
, 2.1078066826
, 2.0987846851
, 2.0937383175
, 2.0866239071
, 2.0778315067
, 2.0728826523
, 2.0667431355
, 2.0591866970
, 2.0557126999
, 2.0513248444
, 2.0457000732
, 2.0442316532
, 2.0417172909
, 2.0353398323
, 2.0276699066
, 2.0251390934
, 2.0226943493
, 2.0173070431
, 2.0110569000
, 2.0098440647
, 2.0091648102
, 2.0082113743
, 2.0118162632
, 2.0143189430
, 2.0150547028
, 2.0191988945
, 2.0214960575
, 2.0215842724
, 2.0248126984
, 2.0259914398
, 2.0248816013
, 2.0253791809
, 2.0218567848
, 2.0188837051
, 2.0221817493
, 2.0267286301
, 2.0338444710
, 2.0375952721
, 2.0378978252
, 2.0404787064
, 2.0407135487
, 2.0386693478
, 2.0398209095
, 2.0415027142
, 2.0459282398
, 2.0474982262
, 2.0460245609
, 2.0471823215
, 2.0464975834
, 2.0441606045
, 2.0452439785
