torque=[5.0000000000
, 5.0000000000
, 5.0000000000
, 5.0000000000
, 5.0000000000
, 5.0000000000
, 5.0000000000
, 5.0000000000
, 4.8633937836
, 4.6050677299
, 4.3163552284
, 4.0083618164
, 3.6842360497
, 3.3457303047
, 3.0012931824
, 2.6510457993
, 2.2941842079
, 1.9405530691
, 1.6031399965
, 1.2893986702
, 0.9955009818
, 0.7173505425
, 0.4513735771
, 0.2070928067
, -0.0151472567
, -0.2085227966
, -0.3802605569
, -0.5310726762
, -0.6543197632
, -0.7557538152
, -0.8340184689
, -0.8967587948
, -0.9395512342
, -0.9622251987
, -0.9686070085
, -0.9630677700
, -0.9495798349
, -0.9297148585
, -0.8950824738
, -0.8485317826
, -0.8021298647
, -0.7525534034
, -0.6985567808
, -0.6384719610
, -0.5693036318
, -0.5022084713
, -0.4406858385
, -0.3792386055
, -0.3231070638
, -0.2658923864
, -0.2053359747
, -0.1458382159
, -0.0954375044
, -0.0536024794
, -0.0251955986
, -0.0009907007
, 0.0245154258
, 0.0525499471
, 0.0776633248
, 0.0915001780
, 0.1016242877
, 0.1127557382
, 0.1233999953
, 0.1252499223
, 0.1251350790
, 0.1272999495
, 0.1295796484
, 0.1254106164
, 0.1195194125
, 0.1074675843
, 0.0987007692
, 0.0946934596
, 0.0878529996
, 0.0816777721
, 0.0687300339
, 0.0499654934
, 0.0347570851
, 0.0207455996
, 0.0123382332
, 0.0012543440
, -0.0127391340
, -0.0214794520
, -0.0318390019
, -0.0436377153
, -0.0486564524
, -0.0555220470
, -0.0646055117
, -0.0677427277
, -0.0687171221
, -0.0641624779
, -0.0629190058
, -0.0656859055
, -0.0645226091
, -0.0628585368
, -0.0569714084
, -0.0553426631
, -0.0583494194
, -0.0578248501
, -0.0570488684
, -0.0517488234
, -0.0500324257
, -0.0535984039
, -0.0539707653
, -0.0541909225
, -0.0497952811
, -0.0488039032
, -0.0528761037
, -0.0534971580
, -0.0537451729
, -0.0494596139
, -0.0495092161
, -0.0540822037
, -0.0548554659
, -0.0550810583
, -0.0508002527
, -0.0495173708
, -0.0528713465
, -0.0589901805
, -0.0609117858
, -0.0623713359
, -0.0588413700
, -0.0545476563
, -0.0468768589
, -0.0441221967
, -0.0470005274
, -0.0475359671
, -0.0475414023
, -0.0436295643
, -0.0415394418
, -0.0379741415
, -0.0388853438
, -0.0400275700
, -0.0402830616
, -0.0409245007
, -0.0395729914
, -0.0395736694
, -0.0362156145
, -0.0372722261
, -0.0429955944
, -0.0450517423
, -0.0466329232
, -0.0437675007
, -0.0447276235
, -0.0497049093
, -0.0505868904
, -0.0506229028
, -0.0464610085
, -0.0462007634
, -0.0510272011
, -0.0562715307
, -0.0580708273
, -0.0533266068
, -0.0484695919
, -0.0405704863
, -0.0381426588
, -0.0414524674
, -0.0420857556
, -0.0428658128
, -0.0396178365
, -0.0406941548
, -0.0462653153
, -0.0480313189
, -0.0491925701
, -0.0453459620
, -0.0427672863
, -0.0414348021
, -0.0416468009
, -0.0445489176
, -0.0437260494
, -0.0431994423
, -0.0390810370
, -0.0361130126
, -0.0305717476
, -0.0304406043
, -0.0355170965
, -0.0376357548
, -0.0396450162
, -0.0373259075
, -0.0355096236
, -0.0297006369
, -0.0261305813
, -0.0268678311
, -0.0257881172
, -0.0301327948
, -0.0390450247
, -0.0429650173
, -0.0454064384
, -0.0433523282
, -0.0449219570
, -0.0508682020
, -0.0526063442
, -0.0540713295
, -0.0512894876
, -0.0496023074
, -0.0460016727
, -0.0437172167
, -0.0359974988
, -0.0270424597
, -0.0186133496
, -0.0113577247
, -0.0078495024
, 5.0000000000
, 5.0000000000
, 5.0000000000
, 5.0000000000
, 5.0000000000
, 5.0000000000
, 5.0000000000
, 5.0000000000
, 4.9989781380
, 4.7516636848
, 4.4743638039
, 4.1789617538
, 3.8638925552
, 3.5325446129
, 3.1861689091
, 2.8334054947
, 2.4761104584
, 2.1247730255
, 1.7890403271
, 1.4678447247
, 1.1617215872
, 0.8693758845
, 0.6010536551
, 0.3539804816
, 0.1277263314
, -0.0758912116
, -0.2581815124
, -0.4252905548
, -0.5719604492
, -0.6939743161
, -0.7884482741
, -0.8504302502
, -0.8924093246
, -0.9238073826
, -0.9457400441
, -0.9494622946
, -0.9375535250
, -0.9217960835
, -0.8990099430
, -0.8651208878
, -0.8150259852
, -0.7573438287
, -0.6922510862
, -0.6274886131
, -0.5629177690
, -0.4966794550
, -0.4303011298
, -0.3661624491
, -0.3064567447
, -0.2527863383
, -0.2022741735
, -0.1475722790
, -0.0974610299
, -0.0537940972
, -0.0098608015
, 0.0300940629
, 0.0696555004
, 0.1036389843
, 0.1341217160
, 0.1535389125
, 0.1707490981
, 0.1826069355
, 0.1937913895
, 0.2026030570
, 0.2152769566
, 0.2254496515
, 0.2355645746
, 0.2412125170
, 0.2470792681
, 0.2480434626
, 0.2427107990
, 0.2381751835
, 0.2305648625
, 0.2252308428
, 0.2177340090
, 0.2100903839
, 0.2070768327
, 0.2021110952
, 0.1914145201
, 0.1789505780
, 0.1741628796
, 0.1700234115
, 0.1622595191
, 0.1504309028
, 0.1395780444
, 0.1380750090
, 0.1379350275
, 0.1342467368
, 0.1266010851
, 0.1189472824
, 0.1176113933
, 0.1121163368
, 0.1102918983
, 0.1088221520
, 0.1040616259
, 0.0997488871
, 0.1045495048
, 0.1103231534
, 0.1119002551
, 0.1084219366
, 0.1010922417
, 0.0911451429
, 0.0835348219
, 0.0868935585
, 0.0926271230
, 0.0950916409
, 0.0940601677
, 0.0908543244
, 0.0869431645
, 0.0915249810
, 0.0969330668
, 0.0985713229
, 0.0958078280
, 0.0929940492
, 0.0988030285
, 0.1053934321
, 0.1079462916
, 0.1055592299
, 0.0990965739
, 0.0933181643
, 0.0967081562
, 0.1015400290
, 0.1046011448
, 0.1091938391
, 0.1124356985
, 0.1107111424
, 0.1030056924
, 0.0909718722
, 0.0827642828
, 0.0864389762
, 0.0939310640
, 0.0978143662
, 0.0954449773
, 0.0924817100
, 0.0968155116
, 0.1011160240
, 0.1024158970
, 0.1073931828
, 0.1116155535
, 0.1167110652
, 0.1264930516
, 0.1338438094
, 0.1347787827
, 0.1329061091
, 0.1371631324
, 0.1406795084
, 0.1394883543
, 0.1325656772
, 0.1248534322
, 0.1256402880
, 0.1277358383
, 0.1259460598
, 0.1194670945
, 0.1129568666
, 0.1161695123
, 0.1228930950
, 0.1254642904
, 0.1217060238
, 0.1152521968
, 0.1165051833
, 0.1183418483
, 0.1168707460
, 0.1121204123
, 0.1068733707
, 0.1098916754
, 0.1138436049
, 0.1141453013
, 0.1099623442
, 0.1055497155
, 0.1095220298
, 0.1151095033
, 0.1191653982
, 0.1173423156
, 0.1118282303
, 0.1133917421
, 0.1158229709
, 0.1150028259
, 0.1098991483
, 0.1013314277
, 0.0940037742
, 0.0966870934
, 0.1013191938
, 0.1027923375
, 0.1037116870
, 0.1116237044
, 0.1188473925
, 0.1190906540
, 0.1084144562
, 0.0976179987
, 0.0966035128
, 0.0964907184
, 0.0935376436
, 0.0894681588
, 0.0873433799
, 0.0942388773
, 0.1014326662
, 0.1031667367
, 0.1013232693
, 0.0992100462
, -5.0000000000
, -5.0000000000
, -5.0000000000
, -5.0000000000
, -5.0000000000
, -5.0000000000
, -5.0000000000
, -5.0000000000
, -5.0000000000
, -5.0000000000
, -5.0000000000
, -5.0000000000
, -5.0000000000
, -5.0000000000
, -5.0000000000
, -5.0000000000
, -5.0000000000
, -4.8551111221
, -4.4666376114
, -4.0712399483
, -3.6725540161
, -3.2793755531
, -2.8895459175
, -2.5017557144
, -2.1248750687
, -1.7670156956
, -1.4264422655
, -1.1067048311
, -0.8103653193
, -0.5346097946
, -0.2871000469
, -0.0625799447
, 0.1412526518
, 0.3238648474
, 0.4810553491
, 0.6053349376
, 0.7053413987
, 0.7867344618
, 0.8586859703
, 0.9090849757
, 0.9375575781
, 0.9552859068
, 0.9592383504
, 0.9459758401
, 0.9116113186
, 0.8657215834
, 0.8103309870
, 0.7551439404
, 0.6962424517
, 0.6330020428
, 0.5681650043
, 0.5017060041
, 0.4298365414
, 0.3591743708
, 0.2875767052
, 0.2216417640
, 0.1591943204
, 0.1060854942
, 0.0548646376
, 0.0063009383
, -0.0318461359
, -0.0668977797
, -0.0996979252
, -0.1230633110
, -0.1446494460
, -0.1658071578
, -0.1791326851
, -0.1913917661
, -0.2061343789
, -0.2214328200
, -0.2285528928
, -0.2312664390
, -0.2264879048
, -0.2236693799
, -0.2241181731
, -0.2203024924
, -0.2159309685
, -0.2073758096
, -0.1998082995
, -0.1863237619
, -0.1679047495
, -0.1536245197
, -0.1407681704
, -0.1335771084
, -0.1234390661
, -0.1109098941
, -0.1038577780
, -0.0951089710
, -0.0843410417
, -0.0793906003
, -0.0731379017
, -0.0651226044
, -0.0630301088
, -0.0594471395
, -0.0503592603
, -0.0394296162
, -0.0358232073
, -0.0323394462
, -0.0246625356
, -0.0157560818
, -0.0140277920
, -0.0130598545
, -0.0117012085
, -0.0168381743
, -0.0204044934
, -0.0214529522
, -0.0273584239
, -0.0306318812
, -0.0307575874
, -0.0353580937
, -0.0370378010
, -0.0354562812
, -0.0361653343
, -0.0311459191
