StateVariable_6=[6.0000000000
, 3.9975545406
, 3.9826002121
, 3.9463438988
, 3.8879480362
, 3.8063051701
, 3.7025799751
, 3.5704324245
, 3.4129078388
, 3.2316265106
, 3.0290210247
, 2.8128852844
, 2.5854287148
, 2.3478808403
, 2.1061706543
, 1.8603830338
, 1.6099538803
, 1.3617916107
, 1.1250104904
, 0.9048411846
, 0.6985971928
, 0.5034039021
, 0.3167533875
, 0.1453282833
, -0.0106296539
, -0.1463317871
, -0.2668495178
, -0.3726825714
, -0.4591717720
, -0.5303535461
, -0.5852761269
, -0.6293044090
, -0.6593341827
, -0.6752457619
, -0.6797242165
, -0.6758370399
, -0.6663718224
, -0.6524314880
, -0.6281280518
, -0.5954608917
, -0.5628981590
, -0.5281076431
, -0.4902153015
, -0.4480504990
, -0.3995113373
, -0.3524270058
, -0.3092532158
, -0.2661323547
, -0.2267417908
, -0.1865911484
, -0.1440954208
, -0.1023426056
, -0.0669736862
, -0.0376157761
, -0.0176811218
, -0.0006952286
, 0.0172038078
, 0.0368771553
, 0.0545005798
, 0.0642106533
, 0.0713152885
, 0.0791268349
, 0.0865964890
, 0.0878946781
, 0.0878140926
, 0.0893332958
, 0.0909330845
, 0.0880074501
, 0.0838732719
, 0.0754158497
, 0.0692636967
, 0.0664515495
, 0.0616512299
, 0.0573177338
, 0.0482316017
, 0.0350635052
, 0.0243909359
, 0.0145583153
, 0.0086584091
, 0.0008802414
, -0.0089397430
, -0.0150732994
, -0.0223431587
, -0.0306229591
, -0.0341448784
, -0.0389628410
, -0.0453372002
, -0.0475387573
, -0.0482225418
, -0.0450263023
, -0.0441536903
, -0.0460953712
, -0.0452790260
, -0.0441112518
, -0.0399799347
, -0.0388369560
, -0.0409469604
, -0.0405788422
, -0.0400342941
, -0.0363149643
, -0.0351104736
, -0.0376129150
, -0.0378742218
, -0.0380287170
, -0.0349440575
, -0.0342483521
, -0.0371060371
, -0.0375418663
, -0.0377159119
, -0.0347084999
, -0.0347433090
, -0.0379524231
, -0.0384950638
, -0.0386533737
, -0.0356492996
, -0.0347490311
, -0.0371026993
, -0.0413966179
, -0.0427451134
, -0.0437693596
, -0.0412921906
, -0.0382790565
, -0.0328960419
, -0.0309629440
, -0.0329828262
, -0.0333585739
, -0.0333623886
, -0.0306172371
, -0.0291504860
, -0.0266485214
, -0.0272879601
, -0.0280895233
, -0.0282688141
, -0.0287189484
, -0.0277705193
, -0.0277709961
, -0.0254144669
, -0.0261559486
, -0.0301723480
, -0.0316152573
, -0.0327248573
, -0.0307140350
, -0.0313878059
, -0.0348806381
, -0.0354995728
, -0.0355248451
, -0.0326042175
, -0.0324215889
, -0.0358085632
, -0.0394887924
, -0.0407514572
, -0.0374221802
, -0.0340137482
, -0.0284705162
, -0.0267667770
, -0.0290894508
, -0.0295338631
, -0.0300812721
, -0.0278019905
, -0.0285573006
, -0.0324668884
, -0.0337061882
, -0.0345211029
, -0.0318217278
, -0.0300121307
, -0.0290770531
, -0.0292258263
, -0.0312623978
, -0.0306849480
, -0.0303153992
, -0.0274252892
, -0.0253424644
, -0.0214538574
, -0.0213618279
, -0.0249242783
, -0.0264110565
, -0.0278210640
, -0.0261936188
, -0.0249190331
, -0.0208425522
, -0.0183372498
, -0.0188546181
, -0.0180969238
, -0.0211458206
, -0.0274000168
, -0.0301508904
, -0.0318641663
, -0.0304226875
, -0.0315241814
, -0.0356969833
, -0.0369167328
, -0.0379447937
, -0.0359926224
, -0.0348086357
, -0.0322818756
, -0.0306787491
, -0.0252614021
, -0.0189771652
, -0.0130620003
, -0.0079703331
, -0.0055084229
, 3.9906439781
, 3.9826769829
, 3.9751882553
, 3.9561367035
, 3.9195156097
, 3.8586525917
, 3.7699007988
, 3.6547102928
, 3.5080547333
, 3.3345007896
, 3.1399044991
, 2.9326047897
, 2.7115035057
, 2.4789786339
, 2.2359080315
, 1.9883546829
, 1.7376213074
, 1.4910688400
, 1.2554669380
, 1.0300664902
, 0.8152432442
, 0.6100883484
, 0.4217920303
, 0.2484073639
, 0.0896325111
, -0.0532569885
, -0.1811800003
, -0.2984495163
, -0.4013757706
, -0.4869995117
, -0.5532970428
, -0.5967931747
, -0.6262521744
, -0.6482858658
, -0.6636772156
, -0.6662893295
, -0.6579322815
, -0.6468744278
, -0.6308841705
, -0.6071023941
, -0.5719480515
, -0.5314693451
, -0.4857902527
, -0.4403429031
, -0.3950300217
, -0.3485469818
, -0.3019657135
, -0.2569561005
, -0.2150573730
, -0.1773939133
, -0.1419467926
, -0.1035594940
, -0.0683937073
, -0.0377502441
, -0.0069198608
, 0.0211186409
, 0.0488810539
, 0.0727291107
, 0.0941205025
, 0.1077466011
, 0.1198239326
, 0.1281452179
, 0.1359939575
, 0.1421775818
, 0.1510715485
, 0.1582102776
, 0.1653084755
, 0.1692719460
, 0.1733889580
, 0.1740655899
, 0.1703233719
, 0.1671404839
, 0.1617999077
, 0.1580567360
, 0.1527957916
, 0.1474318504
, 0.1453170776
, 0.1418323517
, 0.1343259811
, 0.1255793571
, 0.1222195625
, 0.1193146706
, 0.1138663292
, 0.1055655479
, 0.0979495049
, 0.0968947411
, 0.0967965126
, 0.0942082405
, 0.0888428688
, 0.0834717751
, 0.0825343132
, 0.0786781311
, 0.0773978233
, 0.0763664246
, 0.0730257034
, 0.0699992180
, 0.0733680725
, 0.0774197578
, 0.0785264969
, 0.0760855675
, 0.0709419250
, 0.0639615059
, 0.0586209297
, 0.0609779358
, 0.0650014877
, 0.0667309761
, 0.0660071373
, 0.0637574196
, 0.0610127449
, 0.0642280579
, 0.0680232048
, 0.0691728592
, 0.0672335625
, 0.0652589798
, 0.0693354607
, 0.0739603043
, 0.0757517815
, 0.0740766525
, 0.0695414543
, 0.0654864311
, 0.0678653717
, 0.0712561607
, 0.0734043121
, 0.0766272545
, 0.0789022446
, 0.0776920319
, 0.0722846985
, 0.0638399124
, 0.0580801964
, 0.0606589317
, 0.0659165382
, 0.0686416626
, 0.0669789314
, 0.0648994446
, 0.0679407120
, 0.0709586143
, 0.0718708038
, 0.0753636360
, 0.0783267021
, 0.0819025040
, 0.0887670517
, 0.0939254761
, 0.0945816040
, 0.0932674408
, 0.0962548256
, 0.0987224579
, 0.0978865623
, 0.0930285454
, 0.0876164436
, 0.0881686211
, 0.0896391869
, 0.0883831978
, 0.0838365555
, 0.0792679787
, 0.0815224648
, 0.0862407684
, 0.0880451202
, 0.0854077339
, 0.0808787346
, 0.0817580223
, 0.0830469131
, 0.0820145607
, 0.0786809921
, 0.0749988556
, 0.0771169662
, 0.0798902512
, 0.0801019669
, 0.0771665573
, 0.0740699768
, 0.0768575668
, 0.0807785988
, 0.0836248398
, 0.0823454857
, 0.0784759521
, 0.0795731544
, 0.0812792778
, 0.0807037354
, 0.0771222115
, 0.0711097717
, 0.0659675598
, 0.0678505898
, 0.0711011887
, 0.0721349716
, 0.0727801323
, 0.0783324242
, 0.0834016800
, 0.0835723877
, 0.0760803223
, 0.0685038567
, 0.0677919388
, 0.0677127838
, 0.0656404495
, 0.0627846718
, 0.0612936020
, 0.0661325455
, 0.0711808205
, 0.0723977089
, 0.0711040497
, 0.0696210861
, -5.9274964333
, -5.9240179062
, -5.9154796600
, -5.8959579468
, -5.8561429977
, -5.7925581932
, -5.7030463219
, -5.5869050026
, -5.4437241554
, -5.2745261192
, -5.0866889954
, -4.8824987411
, -4.6635918617
, -4.4340472221
, -4.1896500587
, -3.9343695641
, -3.6720724106
, -3.4070954323
, -3.1344823837
, -2.8570103645
, -2.5772309303
, -2.3013162613
, -2.0277514458
, -1.7556180954
, -1.4911403656
, -1.2400109768
, -1.0010120869
, -0.7766349316
, -0.5686774254
, -0.3751647472
, -0.2014737129
, -0.0439157486
, 0.0991246700
, 0.2272735834
, 0.3375827074
, 0.4247964621
, 0.4949764013
, 0.5520943403
, 0.6025866270
, 0.6379543543
, 0.6579351425
, 0.6703760624
, 0.6731497049
, 0.6638426781
, 0.6397272348
, 0.6075239182
, 0.5686533451
, 0.5299255848
, 0.4885911942
, 0.4442119598
, 0.3987122774
, 0.3520743847
, 0.3016396761
, 0.2520521879
, 0.2018082142
, 0.1555380821
, 0.1117153168
, 0.0744459629
, 0.0385015011
, 0.0044217110
, -0.0223481655
, -0.0469458103
, -0.0699634552
, -0.0863602161
, -0.1015083790
, -0.1163558960
, -0.1257071495
, -0.1343100071
, -0.1446557045
, -0.1553914547
, -0.1603879929
, -0.1622922421
, -0.1589388847
, -0.1569609642
, -0.1572759151
, -0.1545982361
, -0.1515305042
, -0.1455268860
, -0.1402163506
, -0.1307535172
, -0.1178278923
, -0.1078066826
, -0.0987846851
, -0.0937383175
, -0.0866239071
, -0.0778315067
, -0.0728826523
, -0.0667431355
, -0.0591866970
, -0.0557126999
, -0.0513248444
, -0.0457000732
, -0.0442316532
, -0.0417172909
, -0.0353398323
, -0.0276699066
, -0.0251390934
, -0.0226943493
, -0.0173070431
, -0.0110569000
, -0.0098440647
, -0.0091648102
, -0.0082113743
, -0.0118162632
, -0.0143189430
, -0.0150547028
, -0.0191988945
, -0.0214960575
, -0.0215842724
, -0.0248126984
, -0.0259914398
, -0.0248816013
, -0.0253791809
, -0.0218567848
