StateVariable_7=[0.0000000000
, 0.0039839628
, 0.0079801036
, 0.0119430227
, 0.0158080328
, 0.0196078662
, 0.0233137775
, 0.0268809982
, 0.0302969776
, 0.0335286036
, 0.0365548991
, 0.0393677838
, 0.0419532135
, 0.0443032086
, 0.0464074835
, 0.0482678637
, 0.0498778187
, 0.0512396097
, 0.0523646213
, 0.0532770604
, 0.0539709777
, 0.0544731244
, 0.0547898784
, 0.0549352057
, 0.0549245775
, 0.0547782443
, 0.0545113944
, 0.0541384146
, 0.0536796115
, 0.0531492569
, 0.0525639802
, 0.0519346744
, 0.0512753427
, 0.0506000966
, 0.0499198288
, 0.0492383130
, 0.0485764071
, 0.0479250848
, 0.0472974591
, 0.0467019975
, 0.0461390987
, 0.0456109904
, 0.0451162681
, 0.0446723402
, 0.0442728251
, 0.0439204015
, 0.0436109006
, 0.0433447659
, 0.0431182049
, 0.0429314673
, 0.0427874848
, 0.0426824018
, 0.0426154807
, 0.0425779000
, 0.0425602309
, 0.0425595380
, 0.0425768718
, 0.0426135026
, 0.0426681824
, 0.0427323431
, 0.0428031795
, 0.0428827032
, 0.0429693684
, 0.0430566743
, 0.0431436114
, 0.0432321914
, 0.0433233529
, 0.0434120186
, 0.0434951968
, 0.0435704850
, 0.0436397493
, 0.0437062010
, 0.0437678508
, 0.0438251682
, 0.0438733995
, 0.0439084657
, 0.0439328738
, 0.0439474322
, 0.0439560860
, 0.0439569652
, 0.0439480245
, 0.0439329520
, 0.0439106077
, 0.0438797288
, 0.0438458137
, 0.0438069142
, 0.0437615402
, 0.0437140018
, 0.0436658189
, 0.0436207913
, 0.0435766391
, 0.0435305424
, 0.0434852280
, 0.0434411541
, 0.0434011742
, 0.0433623344
, 0.0433213897
, 0.0432808101
, 0.0432407744
, 0.0432041883
, 0.0431693420
, 0.0431316979
, 0.0430938527
, 0.0430558249
, 0.0430206209
, 0.0429866277
, 0.0429494604
, 0.0429119505
, 0.0428741388
, 0.0428395458
, 0.0428048037
, 0.0427668504
, 0.0427283570
, 0.0426897034
, 0.0426540524
, 0.0426184013
, 0.0425811112
, 0.0425399616
, 0.0424973890
, 0.0424536951
, 0.0424120948
, 0.0423739739
, 0.0423409678
, 0.0423100032
, 0.0422772728
, 0.0422436334
, 0.0422103554
, 0.0421799161
, 0.0421509854
, 0.0421246067
, 0.0420931503
, 0.0420690179
, 0.0420349427
, 0.0420124643
, 0.0419846661
, 0.0419569202
, 0.0419314653
, 0.0419053286
, 0.0418751575
, 0.0418435410
, 0.0418108478
, 0.0417801328
, 0.0417486914
, 0.0417138115
, 0.0416781902
, 0.0416427590
, 0.0416101776
, 0.0415774062
, 0.0415366068
, 0.0415030494
, 0.0414623693
, 0.0414249450
, 0.0413909331
, 0.0413624346
, 0.0413356684
, 0.0413066074
, 0.0412770472
, 0.0412469655
, 0.0412191860
, 0.0411906317
, 0.0411581621
, 0.0411244556
, 0.0410899036
, 0.0410577916
, 0.0410237014
, 0.0409988426
, 0.0409695916
, 0.0409383290
, 0.0409076698
, 0.0408773832
, 0.0408499576
, 0.0408246331
, 0.0408031791
, 0.0407817662
, 0.0407569036
, 0.0407304689
, 0.0407026485
, 0.0406764559
, 0.0406515375
, 0.0406302065
, 0.0406117775
, 0.0405929834
, 0.0405749492
, 0.0405538566
, 0.0405262932
, 0.0404960662
, 0.0404644161
, 0.0404338948
, 0.0404025279
, 0.0403666794
, 0.0403299481
, 0.0402920656
, 0.0402561985
, 0.0402218252
, 0.0401895717
, 0.0401585586
, 0.0401300080
, 0.0401136912
, 0.0400999635
, 0.0400923975
, 0.0400868952
, 0.0440743715
, 0.0480637960
, 0.0520354062
, 0.0559884012
, 0.0599079169
, 0.0637696311
, 0.0675395355
, 0.0711942464
, 0.0746995136
, 0.0780340135
, 0.0812081322
, 0.0845342949
, 0.0868523642
, 0.0893333107
, 0.0915862098
, 0.0935644358
, 0.0952977091
, 0.0967887715
, 0.0980432481
, 0.0990733132
, 0.0998885557
, 0.1004986465
, 0.1009204388
, 0.1011688411
, 0.1012584791
, 0.1012052149
, 0.1010225192
, 0.1007260680
, 0.1003246903
, 0.0998385176
, 0.0992852226
, 0.0986884236
, 0.0980621725
, 0.0974138901
, 0.0967502147
, 0.0960839242
, 0.0954254717
, 0.0947785974
, 0.0941482112
, 0.0935411081
, 0.0929691568
, 0.0924376920
, 0.0919457749
, 0.0915106386
, 0.0911152512
, 0.0907670185
, 0.0904650539
, 0.0902080908
, 0.0899932086
, 0.0898158103
, 0.0896738693
, 0.0895703062
, 0.0895019099
, 0.0894641653
, 0.0894572437
, 0.0894783810
, 0.0895272642
, 0.0895999894
, 0.0896964818
, 0.0898046792
, 0.0899240002
, 0.0900512859
, 0.0901873931
, 0.0903308764
, 0.0904818252
, 0.0906393752
, 0.0908045471
, 0.0909728184
, 0.0911478102
, 0.0913212970
, 0.0914907530
, 0.0916563570
, 0.0918166637
, 0.0919747204
, 0.0921291858
, 0.0922751278
, 0.0924206898
, 0.0925622806
, 0.0926965028
, 0.0928220823
, 0.0929443017
, 0.0930637121
, 0.0931774825
, 0.0932833105
, 0.0933811888
, 0.0934780836
, 0.0935747921
, 0.0936691537
, 0.0937578529
, 0.0938413218
, 0.0939248279
, 0.0940026492
, 0.0940802395
, 0.0941563472
, 0.0942293778
, 0.0942994356
, 0.0943728015
, 0.0944502279
, 0.0945286825
, 0.0946048349
, 0.0946757123
, 0.0947396755
, 0.0947983488
, 0.0948593244
, 0.0949242711
, 0.0949910581
, 0.0950576738
, 0.0951208472
, 0.0951819047
, 0.0952460244
, 0.0953140482
, 0.0953832194
, 0.0954504535
, 0.0955157131
, 0.0955850482
, 0.0956590772
, 0.0957348272
, 0.0958089009
, 0.0958784446
, 0.0959438235
, 0.0960116833
, 0.0960829407
, 0.0961581320
, 0.0962352678
, 0.0963139758
, 0.0963913426
, 0.0964630842
, 0.0965275094
, 0.0965854973
, 0.0966465101
, 0.0967123657
, 0.0967804939
, 0.0968477502
, 0.0969122201
, 0.0969802141
, 0.0970505774
, 0.0971216634
, 0.0971969664
, 0.0972762108
, 0.0973572209
, 0.0974461362
, 0.0975399911
, 0.0976345688
, 0.0977277532
, 0.0978240073
, 0.0979229808
, 0.0980206206
, 0.0981136486
, 0.0982011929
, 0.0982895121
, 0.0983790755
, 0.0984673798
, 0.0985512212
, 0.0986304879
, 0.0987129658
, 0.0988112167
, 0.0988866314
, 0.0989714637
, 0.0990524143
, 0.0991340354
, 0.0992170796
, 0.0992995054
, 0.0993778557
, 0.0994527936
, 0.0995299146
, 0.0996098667
, 0.0996899679
, 0.0997671410
, 0.0998411477
, 0.0999180004
, 0.0999998003
, 0.1000949964
, 0.1001649126
, 0.1002433896
, 0.1003229618
, 0.1004043743
, 0.1004850119
, 0.1005621329
, 0.1006331816
, 0.1006991491
, 0.1007670015
, 0.1008381024
, 0.1009103581
, 0.1009830162
, 0.1010613516
, 0.1011448205
, 0.1012301445
, 0.1013068631
, 0.1013752520
, 0.1014425904
, 0.1015100703
, 0.1015762687
, 0.1016391069
, 0.1017002910
, 0.1017664820
, 0.1018371284
, 0.1019101366
, 0.1019812375
, 0.1020503938
, 0.0961681232
, 0.0903133452
, 0.0844079703
, 0.0784429237
, 0.0717763081
, 0.0668485314
, 0.0611118935
, 0.0555578955
, 0.0501141697
, 0.0448439904
, 0.0397573002
, 0.0348748006
, 0.0302073676
, 0.0257769749
, 0.0215873234
, 0.0176529549
, 0.0139778564
, 0.0105707608
, 0.0074362783
, 0.0045481417
, 0.0016247683
, -0.0003423908
, -0.0023684714
, -0.0041240896
, -0.0056152297
, -0.0068562627
, -0.0078597795
, -0.0086357743
, -0.0092034973
, -0.0095783528
, -0.0097799925
, -0.0098239090
, -0.0097247837
, -0.0094965603
, -0.0091606667
, -0.0087298295
, -0.0081663048
, -0.0076975767
, -0.0070949900
, -0.0064570359
, -0.0057991007
, -0.0051287245
, -0.0044561708
, -0.0037912137
, -0.0031525602
, -0.0025455370
, -0.0019759119
, -0.0014464553
, -0.0009578640
, -0.0005125405
, -0.0001141567
, 0.0002447189
, 0.0005498842
, 0.0008008749
, 0.0010016792
, 0.0011564390
, 0.0012687134
, 0.0013427186
, 0.0013816090
, 0.0013860232
, 0.0013636376
, 0.0013167706
, 0.0012472128
, 0.0011608526
, 0.0010603695
, 0.0009450861
, 0.0008194901
, 0.0006830324
, 0.0005401999
, 0.0003850740
, 0.0002249552
, 0.0000626629
, -0.0000962760
, -0.0002531076
, -0.0004103835
, -0.0005651091
, -0.0007166396
, -0.0008621665
, -0.0010023828
, -0.0011330287
, -0.0012508566
, -0.0013588475
, -0.0014574634
, -0.0015523831
, -0.0016379866
, -0.0017158181
, -0.0017886407
, -0.0018554388
, -0.0019146779
, -0.0019702953
, -0.0020216624
, -0.0020673249
, -0.0021115567
, -0.0021532739
, -0.0021886427
, -0.0022162900
, -0.0022414289
, -0.0022641234
, -0.0022814446
, -0.0022926319
, -0.0023023600
, -0.0023115329
, -0.0023197301
, -0.0023315465
, -0.0023458654
, -0.0023609202
, -0.0023801189
, -0.0024016327
, -0.0024232171
, -0.0024481758
, -0.0024740580
, -0.0025036572
, -0.0025256309
, -0.0025503291
, -0.0025656964
, -0.0025881380
, -0.0026151782
, -0.0026490805
, -0.0026866116
, -0.0027245441
, -0.0027649214
, -0.0028054635
, -0.0028441660
, -0.0028838872
, -0.0029258409
, -0.0029716121
