time=[0.0000000000
, 0.9975000024
, 1.9974999428
, 3.0109000206
, 4.1417999268
, 4.9984002113
, 6.0479001999
, 6.9991998672
, 7.9974999428
, 8.9975004196
, 9.9975004196
, 10.9975004196
, 11.9983997345
, 12.9975004196
, 13.9975004196
, 14.9975004196
, 15.9991998672
, 17.0613002777
, 17.9983997345
, 19.0100994110
, 20.1467990875
, 20.9974994659
, 21.9974994659
, 22.9974994659
, 23.9974994659
, 24.9974994659
, 26.0000000000
, 26.9983997345
, 27.9992008209
, 28.9983997345
, 29.9983997345
, 30.9983997345
, 32.0000000000
, 32.9991989136
, 33.9984016418
, 35.0093002319
, 36.1459999084
, 36.9984016418
, 37.9975013733
, 39.0066986084
, 40.2601013184
, 41.0075988770
, 42.4362983704
, 43.0033988953
, 44.0066986084
, 45.0108985901
, 46.0000000000
, 47.0093002319
, 48.0093002319
, 48.9991989136
, 49.9975013733
, 51.0234985352
, 52.0276985168
, 53.0234985352
, 54.0234985352
, 55.0227012634
, 56.0243988037
, 57.0260009766
, 58.0177001953
, 59.0209999084
, 60.0150985718
, 61.0234985352
, 62.0243988037
, 63.0159988403
, 64.0066986084
, 64.9966964722
, 65.9966964722
, 67.0066986084
, 67.9983978271
, 68.9983978271
, 69.9966964722
, 70.9974975586
, 71.9966964722
, 72.9966964722
, 73.9966964722
, 74.9991989136
, 75.9966964722
, 76.9983978271
, 78.0093002319
, 78.9966964722
, 79.9966964722
, 80.9966964722
, 81.9966964722
, 83.0075988770
, 83.9983978271
, 84.9966964722
, 85.9966964722
, 86.9974975586
, 87.9974975586
, 88.9966964722
, 89.9966964722
, 90.9974975586
, 91.9966964722
, 92.9966964722
, 93.9966964722
, 94.9966964722
, 95.9966964722
, 96.9966964722
, 97.9974975586
, 99.0050964355
, 99.9974975586
, 100.9983978271
, 101.9966964722
, 102.9966964722
, 103.9966964722
, 104.9966964722
, 105.9966964722
, 106.9966964722
, 107.9983978271
, 108.9966964722
, 109.9966964722
, 110.9966964722
, 111.9966964722
, 112.9966964722
, 113.9966964722
, 115.0226974487
, 116.0286026001
, 117.0217971802
, 118.0202026367
, 119.0177001953
, 120.0234985352
, 121.0260009766
, 122.0193023682
, 123.0217971802
, 124.0159988403
, 125.0210037231
, 126.0234985352
, 127.0167999268
, 128.0059051514
, 128.9967041016
, 129.9967041016
, 131.0059051514
, 131.9967041016
, 132.9992065430
, 133.9967041016
, 134.9974975586
, 135.9974975586
, 136.9967041016
, 137.9974975586
, 138.9967041016
, 139.9974975586
, 140.9983978271
, 141.9967041016
, 142.9967041016
, 143.9967041016
, 144.9974975586
, 145.9974975586
, 147.0059051514
, 147.9983978271
, 148.9992065430
, 149.9974975586
, 150.9974975586
, 151.9974975586
, 152.9974975586
, 153.9974975586
, 154.9974975586
, 155.9974975586
, 156.9974975586
, 157.9983978271
, 158.9974975586
, 159.9983978271
, 160.9967041016
, 161.9974975586
, 163.0075988770
, 163.9983978271
, 165.0009002686
, 165.9974975586
, 166.9983978271
, 167.9983978271
, 168.9974975586
, 169.9992065430
, 170.9974975586
, 171.9974975586
, 172.9974975586
, 173.9974975586
, 174.9974975586
, 175.9974975586
, 176.9983978271
, 177.9974975586
, 179.0059051514
, 179.9983978271
, 181.1468048096
, 181.9974975586
, 182.9983978271
, 183.9983978271
, 184.9974975586
, 185.9974975586
, 186.9983978271
, 187.9983978271
, 188.9974975586
, 189.9967041016
, 190.9983978271
, 191.9983978271
, 192.9967041016
, 193.9967041016
, 195.0260009766
, 196.0276947021
, 197.0252075195
, 198.0184936523
, 199.0126037598
, 200.0260009766
, 201.0243988037
, 202.0202026367
, 203.0209960938
, 204.0177001953
, 205.0234985352
, 206.0218048096
, 207.0142974854
, 208.0092926025
, 209.0016937256
, 209.9967041016
, 211.0084075928
, 212.1510009766
, 212.9967041016
, 214.0000000000
, 214.9967041016
, 215.9983978271
, 216.9983978271
, 217.9974975586
, 218.9967041016
, 219.9967041016
, 220.9967041016
, 221.9967041016
, 222.9967041016
, 223.9967041016
, 224.9967041016
, 225.9974975586
, 227.0075988770
, 228.1477050781
, 228.9974975586
, 229.9974975586
, 230.9967041016
, 231.9967041016
, 232.9967041016
, 233.9967041016
, 234.9967041016
, 235.9983978271
, 236.9974975586
, 237.9974975586
, 238.9967041016
, 239.9967041016
, 240.9983978271
, 241.9974975586
, 243.0066986084
, 244.1410064697
, 244.9983978271
, 245.9992065430
, 247.0016937256
, 247.9974975586
, 248.9967041016
, 249.9967041016
, 250.9967041016
, 251.9967041016
, 253.0016937256
, 253.9967041016
, 254.9967041016
, 256.0008850098
, 256.9992065430
, 257.9974975586
, 259.0227050781
, 260.0260009766
, 261.0234985352
, 262.0177001953
, 263.0134887695
, 264.0244140625
, 265.0227050781
, 266.0177001953
, 267.0209960938
, 268.0151062012
, 269.0234985352
, 270.0227050781
, 271.0151062012
, 272.0159912109
, 273.0000000000
, 273.9967041016
, 275.0083923340
, 276.1467895508
, 276.9984130859
, 277.9974975586
, 278.9967041016
, 279.9967041016
, 280.9967041016
, 281.9967041016
, 282.9984130859
, 284.0126037598
, 284.9992065430
, 285.9992065430
, 286.9974975586
, 287.9974975586
, 288.9974975586
, 289.9967041016
, 291.0108947754
, 292.1510009766
, 292.9984130859
, 293.9974975586
, 294.9967041016
, 295.9992065430
, 296.9984130859
, 297.9974975586
, 298.9974975586
, 299.9967041016
, 300.9974975586
, 301.9974975586
, 302.9974975586
, 303.9984130859
, 304.9967041016
, 305.9984130859
, 307.0075988770
, 307.9992065430
, 308.9992065430
, 309.9974975586
, 311.0042114258
, 311.9974975586
, 312.9974975586
, 313.9967041016
, 314.9967041016
, 315.9967041016
, 316.9974975586
, 317.9974975586
, 318.9974975586
, 319.9974975586
, 320.9974975586
, 321.9974975586
, 323.0217895508
, 324.0260009766
, 325.0227050781
, 326.0184936523
, 327.0118103027
, 328.0268859863
, 329.0217895508
, 330.0260009766
, 331.0244140625
, 332.0159912109
, 333.0234985352
, 334.0234985352
, 335.0168151855
, 336.0058898926
, 336.9992065430
, 337.9984130859
, 339.0093078613
, 339.9992065430
, 340.9984130859
, 341.9967041016
, 342.9967041016
, 343.9967041016
, 344.9967041016
, 345.9967041016
, 346.9967041016
, 347.9974975586
, 348.9967041016
, 349.9967041016
, 350.9967041016
, 351.9967041016
, 352.9967041016
, 353.9967041016
, 355.0075988770
, 355.9974975586
, 356.9992065430
, 357.9974975586
, 358.9967041016
, 359.9967041016
, 360.9967041016
, 361.9967041016
, 362.9967041016
, 363.9967041016
, 364.9967041016
, 365.9967041016
, 366.9974975586
, 367.9974975586
, 368.9967041016
, 369.9967041016
, 371.0067138672
, 371.9974975586
, 372.9984130859
, 373.9967041016
, 374.9967041016
, 375.9967041016
, 376.9974975586
, 377.9974975586
, 378.9967041016
, 379.9967041016
, 380.9967041016
, 381.9974975586
, 382.9974975586
, 383.9967041016
, 384.9967041016
, 385.9967041016
, 387.0151062012
, 388.0285949707
, 389.0252075195
, 390.0184936523
, 391.0151062012
, 392.0202026367
, 393.0168151855
, 394.0227050781
, 395.0252075195
, 396.0168151855
, 397.0227050781
, 398.0118103027
, 399.0151062012
, 400.0075988770
, 400.9967041016
, 401.9967041016
, 403.0093078613
, 403.9974975586
, 404.9984130859
, 405.9967041016
, 406.9967041016
, 407.9974975586
, 408.9967041016
, 409.9967041016
, 410.9974975586
, 411.9967041016
, 412.9967041016
, 413.9967041016
, 414.9967041016
, 415.9967041016
, 416.9967041016
, 417.9974975586
, 419.0067138672
, 419.9984130859
, 421.1535949707
, 422.2868957520
, 423.0596008301
, 423.9992065430
, 425.0537109375
, 426.0285949707
, 427.0008850098
, 427.9984130859
, 428.9984130859
, 429.9967041016
, 430.9967041016
, 431.9967041016
, 432.9967041016
, 433.9967041016
, 435.0118103027
, 436.1477050781
, 436.9992065430
, 437.9974975586
, 438.9974975586
, 439.9984130859
, 440.9974975586
, 441.9967041016
, 442.9967041016
, 443.9974975586
, 444.9967041016
, 445.9974975586
, 446.9974975586
, 447.9974975586
, 448.9967041016
, 449.9967041016
, 451.0159912109
, 452.0285949707
, 453.0252075195
, 454.0184936523
, 455.0151062012
, 456.0227050781
, 457.0209960938
, 458.0244140625
, 459.0260009766
, 460.0192871094
, 461.0209960938
, 462.0159912109
, 463.0159912109
, 464.0202026367
, 464.9984130859
, 465.9974975586
, 467.0108947754
, 468.1477050781
, 468.9984130859
, 469.9984130859
, 470.9974975586
, 472.0050964355
, 472.9974975586
, 473.9974975586
, 474.9974975586
