position=[0.0095199775
, 0.0099007767
, 0.0102815758
, 0.0102815758
, 0.0106623750
, 0.0110431742
, 0.0110431742
, 0.0114239734
, 0.0118047725
, 0.0118047725
, 0.0121855717
, 0.0129471701
, 0.0137087675
, 0.0148511650
, 0.0163743626
, 0.0182783566
, 0.0201823525
, 0.0228479467
, 0.0251327418
, 0.0281791333
, 0.0319871269
, 0.0346527174
, 0.0384607092
, 0.0426495001
, 0.0472190902
, 0.0517886803
, 0.0567390658
, 0.0620702542
, 0.0674014390
, 0.0731134266
, 0.0792062134
, 0.0856797993
, 0.0925341845
, 0.0993885696
, 0.1066237539
, 0.1142397299
, 0.1226173118
, 0.1294717044
, 0.1374684721
, 0.1458460540
, 0.1565084308
, 0.1629820168
, 0.1755483896
, 0.1808795780
, 0.1896379590
, 0.1991579384
, 0.2082971185
, 0.2174362987
, 0.2269562632
, 0.2364762425
, 0.2459962219
, 0.2558970153
, 0.2654169798
, 0.2749369442
, 0.2844569385
, 0.2939769030
, 0.3034968972
, 0.3130168617
, 0.3225368559
, 0.3320568204
, 0.3411960006
, 0.3507159650
, 0.3598551452
, 0.3689943254
, 0.3777527213
, 0.3868919015
, 0.3956502676
, 0.4044086635
, 0.4127862453
, 0.4215446115
, 0.4299221933
, 0.4382997751
, 0.4462965429
, 0.4542933404
, 0.4622901082
, 0.4702869058
, 0.4779028893
, 0.4855188727
, 0.4931348562
, 0.5003700256
, 0.5076051950
, 0.5148404241
, 0.5220755935
, 0.5289299488
, 0.5357843637
, 0.5426387191
, 0.5494931340
, 0.5559666753
, 0.5624402761
, 0.5689138770
, 0.5753874779
, 0.5818610191
, 0.5883346200
, 0.5944274068
, 0.6005201936
, 0.6069937944
, 0.6130865812
, 0.6191793680
, 0.6252721548
, 0.6313649416
, 0.6374577284
, 0.6435505152
, 0.6496433020
, 0.6553552747
, 0.6614480615
, 0.6675408483
, 0.6736336350
, 0.6797264218
, 0.6858192086
, 0.6919119954
, 0.6983855963
, 0.7044783235
, 0.7105711102
, 0.7170447111
, 0.7231374979
, 0.7296110988
, 0.7360846996
, 0.7425582409
, 0.7490318418
, 0.7555054426
, 0.7619790435
, 0.7684525847
, 0.7753069997
, 0.7817806005
, 0.7886349559
, 0.7951085567
, 0.8019629121
, 0.8088173270
, 0.8156716824
, 0.8225260973
, 0.8293804526
, 0.8362348676
, 0.8434700370
, 0.8503243923
, 0.8575596213
, 0.8644139767
, 0.8716491461
, 0.8788843155
, 0.8861195445
, 0.8933547139
, 0.9005898833
, 0.9078250527
, 0.9150602818
, 0.9222954512
, 0.9295306206
, 0.9367657900
, 0.9440010190
, 0.9516170025
, 0.9588521719
, 0.9660873413
, 0.9733225107
, 0.9809384942
, 0.9881736636
, 0.9954088926
, 1.0026440620
, 1.0102599859
, 1.0174952745
, 1.0247304440
, 1.0319656134
, 1.0392007828
, 1.0464359522
, 1.0536711216
, 1.0609062910
, 1.0685223341
, 1.0753766298
, 1.0826119184
, 1.0898470879
, 1.0970822573
, 1.1043174267
, 1.1115525961
, 1.1187877655
, 1.1256421804
, 1.1328773499
, 1.1401125193
, 1.1469669342
, 1.1542021036
, 1.1610565186
, 1.1682916880
, 1.1751461029
, 1.1823812723
, 1.1892355680
, 1.1972323656
, 1.2033251524
, 1.2101795673
, 1.2170339823
, 1.2242691517
, 1.2311235666
, 1.2379778624
, 1.2448322773
, 1.2520674467
, 1.2589218616
, 1.2657762766
, 1.2726305723
, 1.2794849873
, 1.2863394022
, 1.2935745716
, 1.3004289865
, 1.3072834015
, 1.3141376972
, 1.3209921122
, 1.3282272816
, 1.3350816965
, 1.3419361115
, 1.3487904072
, 1.3556448221
, 1.3624992371
, 1.3693536520
, 1.3762079477
, 1.3830623627
, 1.3899167776
, 1.3967711926
, 1.4040063620
, 1.4116222858
, 1.4177150726
, 1.4245694876
, 1.4314239025
, 1.4382781982
, 1.4451326132
, 1.4523677826
, 1.4592221975
, 1.4660766125
, 1.4729309082
, 1.4801661968
, 1.4870204926
, 1.4938749075
, 1.5007293224
, 1.5079644918
, 1.5148189068
, 1.5228155851
, 1.5289083719
, 1.5357627869
, 1.5426172018
, 1.5498523712
, 1.5567067862
, 1.5639419556
, 1.5707963705
, 1.5776506662
, 1.5848858356
, 1.5917402506
, 1.5989754200
, 1.6058298349
, 1.6130650043
, 1.6199194193
, 1.6271545887
, 1.6347706318
, 1.6408634186
, 1.6480985880
, 1.6549528837
, 1.6621881723
, 1.6690424681
, 1.6758968830
, 1.6831320524
, 1.6899864674
, 1.6972216368
, 1.7040760517
, 1.7113112211
, 1.7181656361
, 1.7254008055
, 1.7322551012
, 1.7394903898
, 1.7467255592
, 1.7535798550
, 1.7604342699
, 1.7676694393
, 1.7745238543
, 1.7817590237
, 1.7886134386
, 1.7954678535
, 1.8027030230
, 1.8095573187
, 1.8167926073
, 1.8236469030
, 1.8305013180
, 1.8373557329
, 1.8442100286
, 1.8514453173
, 1.8594419956
, 1.8655347824
, 1.8723891973
, 1.8792436123
, 1.8864787817
, 1.8933331966
, 1.9001876116
, 1.9074227810
, 1.9142770767
, 1.9211314917
, 1.9283666611
, 1.9352210760
, 1.9420754910
, 1.9493106604
, 1.9561650753
, 1.9634002447
, 1.9713970423
, 1.9771089554
, 1.9839633703
, 1.9911985397
, 1.9980529547
, 2.0049073696
, 2.0121424198
, 2.0189969540
, 2.0258512497
, 2.0330865383
, 2.0399408340
, 2.0471761227
, 2.0540304184
, 2.0608847141
, 2.0681200027
, 2.0749742985
, 2.0818288326
, 2.0890638828
, 2.0959184170
, 2.1031534672
, 2.1100077629
, 2.1168622971
, 2.1237165928
, 2.1309518814
, 2.1378061771
, 2.1446604729
, 2.1518957615
, 2.1587500572
, 2.1659853458
, 2.1728396416
, 2.1796941757
, 2.1869292259
, 2.1941645145
, 2.2010188103
, 2.2082540989
, 2.2151083946
, 2.2219626904
, 2.2291979790
, 2.2360522747
, 2.2432875633
, 2.2501418591
, 2.2569963932
, 2.2642314434
, 2.2710859776
, 2.2779402733
, 2.2847945690
, 2.2920298576
, 2.2988841534
, 2.3057386875
, 2.3129737377
, 2.3198282719
, 2.3270633221
, 2.3339178562
, 2.3407721519
, 2.3480072021
, 2.3548617363
, 2.3620967865
, 2.3689513206
, 2.3758056164
, 2.3830409050
, 2.3898952007
, 2.3967494965
, 2.4039847851
, 2.4108390808
, 2.4176936150
, 2.4249286652
, 2.4317831993
, 2.4386374950
, 2.4458727837
, 2.4527270794
, 2.4599621296
, 2.4668166637
, 2.4736709595
, 2.4809062481
, 2.4877605438
, 2.4946150780
, 2.5018501282
, 2.5087044239
, 2.5159397125
, 2.5227940083
, 2.5296485424
, 2.5368835926
, 2.5437381268
, 2.5505924225
, 2.5578277111
, 2.5646820068
, 2.5715363026
, 2.5787715912
, 2.5856258869
, 2.5924804211
, 2.5997154713
, 2.6065700054
, 2.6138050556
, 2.6206595898
, 2.6275138855
, 2.6347489357
, 2.6419842243
, 2.6488385201
, 2.6556930542
, 2.6629281044
, 2.6697826385
, 2.6766369343
, 2.6838722229
, 2.6907265186
, 2.6975808144
, 2.7048161030
, 2.7116703987
, 2.7185249329
, 2.7257599831
, 2.7326145172
, 2.7394688129
, 2.7467038631
, 2.7535583973
, 2.7604126930
, 2.7672672272
, 2.7745022774
, 2.7813568115
, 2.7885918617
, 2.7954461575
, 2.8023006916
, 2.8095357418
, 2.8163902760
, 2.8232445717
, 2.8304798603
, 2.8373341560
, 2.8441884518
, 2.8514237404
, 2.8582780361
, 2.8651325703
, 2.8735101223
, 2.8815069199
, 2.8868379593
, 2.8933117390
, 2.9005467892
, 2.9074010849
, 2.9142556190
, 2.9211099148
, 2.9283452034
, 2.9351994991
, 2.9424347878
, 2.9492890835
, 2.9561433792
, 2.9633786678
, 2.9702329636
, 2.9782297611
, 2.9843225479
, 2.9911770821
, 2.9984121323
, 3.0052666664
, 3.0121209621
, 3.0193562508
, 3.0262105465
, 3.0334455967
, 3.0403001308
, 3.0471544266
, 3.0543897152
, 3.0612440109
, 3.0680983067
, 3.0753335953
, 3.0825688839
, 3.0894231796
, 3.0966584682
, 3.1035127640
, 3.1103670597
, 3.1176023483
, 3.1244566441
, 3.1316919327
, 3.1385462284
, 3.1454007626
, 3.1526358128
, 3.1594901085
, 3.1663446426
, 3.1735796928
, 3.1804342270
, 3.1872885227
, 3.1941428185
, 3.2021396160
, 3.2082324028
, 3.2150869370
, 3.2223219872
, 3.2291765213
, 3.2360308170
, 3.2432661057
, 3.2501204014
, 3.2569746971
, 3.2642099857
, 3.2710642815
, 3.2779188156
, 3.2851538658
, 3.2920084000
, 3.2988626957
, 3.3060979843
, 3.3140945435
, 3.3198065758
, 3.3270418644
, 3.3338961601
, 3.3407506943
, 3.3479857445
, 3.3548400402
, 3.3616945744
, 3.3689296246
, 3.3757841587
, 3.3826384544
, 3.3898737431
, 3.3967280388
, 3.4035823345
, 3.4108176231
, 3.4176719189
, 3.4256687164
, 3.4317615032
, 3.4386160374
, 3.4454703331
, 3.4527056217
, 3.4595599174
, 3.4667952061
, 3.4736495018
, 3.4805037975
, 3.4877390862
, 3.4945933819
, 3.5014479160
, 3.5086829662
, 3.5155372620
, 3.5227725506
, 3.5296268463
, 3.5368621349
, 3.5437164307
, 3.5509517193
, 3.5578060150
, 3.5650413036
, 3.5718955994
, 3.5787501335
, 3.5859851837
, 3.5928394794
, 3.5996940136
, 3.6069290638
, 3.6137835979
, 3.6206378937
, 3.6274924278
, 3.6347274780
, 3.6415817738
