velocity=[0.0000000000
, 0.0015616012
, 0.0099236378
, 0.0251520202
, 0.0421891175
, 0.0622365251
, 0.0852689743
, 0.1064467728
, 0.1277728975
, 0.1488010883
, 0.1655680686
, 0.1824786365
, 0.2067933977
, 0.2420689613
, 0.2935452759
, 0.3668107390
, 0.4645983875
, 0.5850926638
, 0.7287496924
, 0.8917611837
, 1.0746119022
, 1.2753251791
, 1.4868221283
, 1.7100125551
, 1.9469980001
, 2.1973903179
, 2.4562137127
, 2.7213644981
, 2.9917864799
, 3.2632799149
, 3.5352494717
, 3.8094737530
, 4.0882744789
, 4.3721046448
, 4.6573953629
, 4.9430799484
, 5.2271714211
, 5.5049853325
, 5.7784976959
, 6.0463347435
, 6.3083233833
, 6.5643577576
, 6.8135118484
, 7.0563931465
, 7.2950382233
, 7.5222444534
, 7.7398233414
, 7.9439873695
, 8.1305532455
, 8.3033304214
, 8.4649972916
, 8.6150827408
, 8.7531061172
, 8.8767509460
, 8.9857015610
, 9.0800437927
, 9.1604738235
, 9.2278919220
, 9.2839927673
, 9.3311405182
, 9.3685302734
, 9.3937654495
, 9.4087734222
, 9.4128103256
, 9.4062500000
, 9.3882093430
, 9.3629198074
, 9.3283367157
, 9.2827568054
, 9.2265243530
, 9.1647338867
, 9.0975360870
, 9.0245609283
, 8.9432868958
, 8.8547859192
, 8.7624044418
, 8.6682949066
, 8.5708408356
, 8.4703493118
, 8.3676309586
, 8.2621850967
, 8.1546487808
, 8.0475158691
, 7.9419245720
, 7.8347849846
, 7.7276782990
, 7.6229429245
, 7.5212564468
, 7.4193215370
, 7.3169989586
, 7.2163677216
, 7.1198320389
, 7.0294494629
, 6.9452347755
, 6.8627686501
, 6.7822041512
, 6.7082133293
, 6.6389317513
, 6.5731554031
, 6.5108461380
, 6.4524245262
, 6.3993849754
, 6.3520126343
, 6.3088049889
, 6.2658104897
, 6.2262268066
, 6.1924381256
, 6.1649985313
, 6.1434841156
, 6.1270422935
, 6.1165132523
, 6.1146650314
, 6.1170740128
, 6.1217932701
, 6.1309328079
, 6.1412725449
, 6.1534905434
, 6.1697988510
, 6.1912570000
, 6.2167305946
, 6.2443308830
, 6.2718086243
, 6.2997202873
, 6.3316402435
, 6.3647980690
, 6.3999166489
, 6.4331068993
, 6.4667787552
, 6.5030755997
, 6.5421442986
, 6.5824418068
, 6.6212468147
, 6.6581225395
, 6.6970696449
, 6.7354955673
, 6.7742772102
, 6.8103375435
, 6.8462505341
, 6.8833556175
, 6.9211483002
, 6.9586396217
, 6.9946413040
, 7.0282888412
, 7.0591988564
, 7.0869941711
, 7.1114854813
, 7.1326589584
, 7.1520466805
, 7.1732339859
, 7.1940426826
, 7.2119035721
, 7.2275810242
, 7.2447171211
, 7.2601428032
, 7.2716555595
, 7.2804279327
, 7.2906088829
, 7.2994065285
, 7.3048071861
, 7.3064970970
, 7.3050827980
, 7.3013257980
, 7.2961511612
, 7.2913589478
, 7.2891068459
, 7.2837872505
, 7.2763309479
, 7.2688174248
, 7.2619457245
, 7.2560391426
, 7.2511911392
, 7.2456569672
, 7.2358298302
, 7.2251329422
, 7.2146506310
, 7.2015981674
, 7.1880078316
, 7.1726055145
, 7.1578903198
, 7.1424751282
, 7.1282777786
, 7.1136627197
, 7.0992217064
, 7.0868740082
, 7.0737018585
, 7.0598368645
, 7.0491728783
, 7.0388112068
, 7.0267267227
, 7.0143246651
, 7.0059223175
, 6.9986252785
, 6.9901022911
, 6.9799847603
, 6.9687457085
, 6.9575853348
, 6.9486474991
, 6.9406948090
, 6.9332394600
, 6.9265756607
, 6.9218091965
, 6.9211559296
, 6.9219036102
, 6.9221215248
, 6.9208626747
, 6.9180698395
, 6.9135260582
, 6.9082164764
, 6.9033455849
, 6.8993520737
, 6.8964433670
, 6.8954491615
, 6.8977375031
, 6.8997907639
, 6.9044551849
, 6.9090175629
, 6.9118432999
, 6.9122686386
, 6.9121041298
, 6.9156475067
, 6.9198622704
, 6.9223165512
, 6.9238724709
, 6.9283719063
, 6.9327359200
, 6.9347324371
, 6.9354104996
, 6.9384436607
, 6.9409289360
, 6.9442429543
, 6.9500188828
, 6.9546761513
, 6.9577283859
, 6.9625310898
, 6.9675688744
, 6.9745116234
, 6.9795269966
, 6.9818758965
, 6.9852547646
, 6.9884376526
, 6.9933547974
, 6.9978408813
, 7.0033450127
, 7.0076527596
, 7.0112409592
, 7.0108537674
, 7.0103583336
, 7.0122828484
, 7.0141315460
, 7.0177969933
, 7.0194334984
, 7.0183248520
, 7.0180649757
, 7.0173592567
, 7.0180206299
, 7.0187745094
, 7.0211119652
, 7.0225925446
, 7.0252432823
, 7.0265130997
, 7.0277652740
, 7.0306019783
, 7.0313935280
, 7.0300230980
, 7.0297417641
, 7.0281996727
, 7.0280809402
, 7.0264945030
, 7.0227775574
, 7.0207924843
, 7.0185003281
, 7.0183596611
, 7.0175113678
, 7.0138549805
, 7.0081539154
, 7.0014567375
, 6.9972925186
, 6.9962496758
, 6.9981751442
, 6.9989662170
, 6.9979863167
, 6.9986238480
, 6.9979252815
, 6.9955263138
, 6.9945082664
, 6.9915437698
, 6.9881825447
, 6.9878644943
, 6.9872989655
, 6.9857225418
, 6.9864158630
, 6.9874696732
, 6.9901561737
, 6.9926548004
, 6.9908819199
, 6.9864602089
, 6.9841618538
, 6.9813480377
, 6.9779610634
, 6.9775662422
, 6.9770078659
, 6.9756879807
, 6.9768033028
, 6.9787850380
, 6.9832201004
, 6.9862318039
, 6.9872097969
, 6.9891657829
, 6.9888830185
, 6.9872941971
, 6.9880046844
, 6.9893517494
, 6.9925870895
, 6.9947204590
, 6.9934353828
, 6.9899525642
, 6.9885268211
, 6.9864788055
, 6.9834532738
, 6.9829783440
, 6.9835929871
, 6.9869236946
, 6.9890928268
, 6.9886393547
, 6.9887576103
, 6.9916114807
, 6.9952034950
, 7.0012574196
, 7.0055408478
, 7.0059146881
, 7.0067648888
, 7.0069627762
, 7.0091280937
, 7.0101881027
, 7.0086216927
, 7.0082798004
, 7.0073418617
, 7.0046291351
, 7.0011372566
, 6.9999141693
, 6.9972591400
, 6.9940218925
, 6.9936332703
, 6.9943943024
, 6.9976854324
, 6.9995403290
, 6.9992165565
, 7.0001950264
, 7.0011572838
, 7.0039448738
, 7.0050444603
, 7.0039095879
, 7.0041103363
, 7.0028338432
, 6.9998583794
, 6.9985337257
, 6.9955668449
, 6.9919509888
, 6.9910316467
, 6.9897670746
, 6.9875998497
, 6.9878053665
, 6.9888138771
, 6.9922518730
, 6.9942946434
, 6.9942450523
, 6.9955816269
, 6.9954032898
, 6.9933924675
, 6.9932427406
, 6.9937243462
, 6.9963045120
, 6.9968142509
, 6.9958200455
, 6.9967031479
, 6.9964804649
, 6.9946703911
, 6.9947276115
, 6.9936537743
, 6.9911694527
, 6.9909071922
, 6.9898700714
, 6.9875979424
, 6.9874982834
, 6.9881954193
, 6.9914622307
, 6.9934492111
, 6.9928793907
, 6.9931030273
, 6.9952979088
, 6.9963250160
, 6.9962520599
, 6.9982099533
, 6.9984731674
, 6.9968032837
, 6.9962620735
, 6.9943571091
, 6.9916105270
, 6.9911799431
, 6.9907984734
, 6.9895162582
, 6.9913563728
, 6.9934921265
, 6.9940166473
, 6.9951834679
, 6.9954128265
, 6.9926490784
, 6.9881997108
, 6.9862065315
, 6.9854288101
, 6.9876875877
, 6.9890780449
, 6.9887552261
, 6.9901814461
, 6.9903626442
, 6.9889197350
, 6.9893994331
, 6.9888687134
, 6.9869379997
, 6.9868125916
, 6.9852004051
, 6.9829468727
, 6.9844517708
, 6.9884171486
, 6.9912471771
, 6.9910492897
, 6.9879293442
, 6.9847154617
, 6.9825387001
, 6.9809207916
, 6.9823555946
, 6.9848980904
, 6.9898233414
, 6.9931139946
, 6.9940180779
, 6.9956107140
, 6.9948301315
, 6.9938888550
, 6.9947409630
, 6.9958696365
, 6.9990677834
, 7.0005841255
, 6.9999561310
, 7.0007762909
, 7.0016660690
, 7.0044169426
, 7.0054693222
, 7.0042128563
, 7.0042648315
, 7.0028748512
, 6.9998898506
, 6.9999117851
, 7.0020337105
, 7.0028777122
, 7.0053868294
, 7.0068669319
, 7.0064477921
, 7.0067181587
, 7.0066661835
, 7.0081133842
, 7.0078325272
, 7.0060033798
, 7.0059571266
, 7.0050311089
, 7.0024995804
, 7.0020565987
, 7.0025129318
, 7.0004358292
, 6.9944591522
, 6.9886465073
, 6.9857521057
, 6.9843106270
, 6.9859533310
, 6.9864625931
, 6.9859566689
, 6.9876351357
, 6.9882254601
, 6.9871940613
, 6.9878911972
, 6.9873533249
, 6.9856433868
, 6.9862017632
, 6.9859099388
, 6.9838738441
, 6.9835062027
, 6.9838705063
, 6.9820442200
, 6.9817247391
, 6.9804792404
, 6.9782409668
, 6.9784421921
, 6.9779262543
, 6.9766798019
, 6.9779810905
, 6.9786171913
, 6.9780511856
, 6.9795899391
, 6.9802255630
, 6.9794311523
, 6.9803199768
, 6.9798598289
, 6.9800457954
, 6.9822373390
, 6.9831180573
, 6.9823799133
, 6.9835681915
, 6.9852433205
, 6.9890174866
, 6.9912371635
, 6.9913296700
, 6.9928526878
, 6.9930238724
, 6.9915671349
, 6.9919452667
, 6.9926810265
, 6.9951729774
, 6.9956207275
, 6.9959964752
, 6.9965610504
, 6.9997439384
, 7.0031437874
, 7.0079455376
, 7.0108208656
, 7.0100493431
, 7.0098605156
, 7.0082268715
, 7.0045304298
, 7.0034089088
, 7.0017876625
, 6.9979763031
, 6.9941110611
, 6.9934864044
