torque=[0.0000000000
, 0.0000000000
, 0.0000000000
, 0.0000000000
, 0.0000000000
, 0.0000000000
, 0.0000000000
, 0.0000000000
, 0.0000000000
, 5.0000000000
, 5.0000000000
, 5.0000000000
, 5.0000000000
, 5.0000000000
, 5.0000000000
, 5.0000000000
, 5.0000000000
, 5.0000000000
, 5.0000000000
, 5.0000000000
, 5.0000000000
, 5.0000000000
, 5.0000000000
, 5.0000000000
, 5.0000000000
, 5.0000000000
, 5.0000000000
, 5.0000000000
, 5.0000000000
, 5.0000000000
, 4.8659734726
, 4.6862010956
, 4.4964895248
, 4.2950515747
, 4.0822181702
, 3.8622183800
, 3.6368401051
, 3.4069814682
, 3.1762120724
, 2.9450378418
, 2.7119472027
, 2.4749667645
, 2.2337110043
, 1.9912139177
, 1.7483820915
, 1.5069042444
, 1.2707624435
, 1.0382769108
, 0.8106154799
, 0.5879251361
, 0.3702959120
, 0.1585149318
, -0.0479341745
, -0.2507824898
, -0.4439077973
, -0.6288498640
, -0.8023892641
, -0.9609702826
, -1.1078308821
, -1.2452477217
, -1.3728203773
, -1.4901401997
, -1.5952383280
, -1.6878463030
, -1.7680372000
, -1.8364027739
, -1.8937081099
, -1.9413938522
, -1.9814693928
, -2.0132508278
, -2.0347006321
, -2.0474574566
, -2.0508887768
, -2.0453124046
, -2.0299780369
, -2.0084817410
, -1.9790861607
, -1.9403432608
, -1.8925457001
, -1.8400237560
, -1.7829056978
, -1.7208768129
, -1.6517938375
, -1.5765680075
, -1.4980437756
, -1.4180506468
, -1.3352147341
, -1.2497968674
, -1.1624863148
, -1.0728573799
, -0.9814514518
, -0.8903884888
, -0.8006358743
, -0.7095672488
, -0.6185265779
, -0.5295014977
, -0.4430679679
, -0.3564233184
, -0.2694491148
, -0.1839125603
, -0.1018572301
, -0.0250320435
, 0.0465504415
, 0.1166466475
, 0.1851264685
, 0.2480186671
, 0.3069080114
, 0.3628179133
, 0.4157807827
, 0.4654391408
, 0.5105227828
, 0.5507892370
, 0.5875157714
, 0.6240611076
, 0.6577072144
, 0.6864275932
, 0.7097512484
, 0.7280384898
, 0.7420140505
, 0.7509637475
, 0.7525347471
, 0.7504870892
, 0.7464756966
, 0.7387071252
, 0.7299183607
, 0.7195330262
, 0.7056709528
, 0.6874315739
, 0.6657789946
, 0.6423187256
, 0.6189626455
, 0.5952377319
, 0.5681058168
, 0.5399216413
, 0.5100708604
, 0.4818591475
, 0.4532380700
, 0.4223857522
, 0.3891773522
, 0.3549244702
, 0.3219402134
, 0.2905958295
, 0.2574908137
, 0.2248287648
, 0.1918643713
, 0.1612130851
, 0.1306870431
, 0.0991477221
, 0.0670239478
, 0.0351563208
, 0.0045548915
, -0.0240455158
, -0.0503190272
, -0.0739450455
, -0.0947626606
, -0.1127601117
, -0.1292396784
, -0.1472488940
, -0.1649362743
, -0.1801180393
, -0.1934438646
, -0.2080095559
, -0.2211213857
, -0.2309072316
, -0.2383637428
, -0.2470175475
, -0.2544955611
, -0.2590861022
, -0.2605225444
, -0.2593203783
, -0.2561269403
, -0.2517284751
, -0.2476551086
, -0.2457408160
, -0.2412191629
, -0.2348813117
, -0.2284948081
, -0.2226538658
, -0.2176332772
, -0.2135124654
, -0.2088084221
, -0.2004553527
, -0.1913630068
, -0.1824530363
, -0.1713584363
, -0.1598066539
, -0.1467146873
, -0.1342067719
, -0.1211038604
, -0.1090361103
, -0.0966133103
, -0.0843384489
, -0.0738429055
, -0.0626465827
, -0.0508613363
, -0.0417969450
, -0.0329895243
, -0.0227177143
, -0.0121759651
, -0.0050339699
, 0.0011685133
, 0.0084130522
, 0.0170129538
, 0.0265661478
, 0.0360524654
, 0.0436496250
, 0.0504094139
, 0.0567464605
, 0.0624106899
, 0.0664621815
, 0.0670174584
, 0.0663819313
, 0.0661967024
, 0.0672667250
, 0.0696406364
, 0.0735028535
, 0.0780159980
, 0.0821562558
, 0.0855507404
, 0.0880231410
, 0.0888682157
, 0.0869231224
, 0.0851778537
, 0.0812130943
, 0.0773350745
, 0.0749331936
, 0.0745716542
, 0.0747114867
, 0.0716996193
, 0.0681170672
, 0.0660309345
, 0.0647083968
, 0.0608838797
, 0.0571744666
, 0.0554774292
, 0.0549010746
, 0.0523228869
, 0.0502104051
, 0.0473934896
, 0.0424839482
, 0.0385252722
, 0.0359308720
, 0.0318485722
, 0.0275664572
, 0.0216651205
, 0.0174020529
, 0.0154054882
, 0.0125334505
, 0.0098279957
, 0.0056484221
, 0.0018352509
, -0.0028432608
, -0.0065048458
, -0.0095548155
, -0.0092257019
, -0.0088045839
, -0.0104404213
, -0.0120118139
, -0.0151274446
, -0.0165184736
, -0.0155761242
, -0.0153552294
, -0.0147553682
, -0.0153175350
, -0.0159583334
, -0.0179451704
, -0.0192036629
, -0.0214567892
, -0.0225361343
, -0.0236004833
, -0.0260116812
, -0.0266844984
, -0.0255196337
, -0.0252804998
, -0.0239697210
, -0.0238687992
, -0.0225203279
, -0.0193609241
, -0.0176736116
, -0.0157252792
, -0.0156057123
, -0.0148846628
, -0.0117767332
, -0.0069308281
, -0.0012382269
, 0.0023013591
, 0.0031877756
, 0.0015511274
, 0.0008787155
, 0.0017116308
, 0.0011697293
, 0.0017635108
, 0.0038026334
, 0.0046679736
, 0.0071877958
, 0.0100448374
, 0.0103151798
, 0.0107958792
, 0.0121358391
, 0.0115465168
, 0.0106507782
, 0.0083672525
, 0.0062434198
, 0.0077503682
, 0.0115088224
, 0.0134624243
, 0.0158541687
, 0.0187330954
, 0.0190686937
, 0.0195433144
, 0.0206652172
, 0.0197171923
, 0.0180327184
, 0.0142629147
, 0.0117029669
, 0.0108716730
, 0.0092090843
, 0.0094494345
, 0.0107999323
, 0.0101960180
, 0.0090510128
, 0.0063009737
, 0.0044876100
, 0.0055799247
, 0.0085403202
, 0.0097522018
, 0.0114930151
, 0.0140647171
, 0.0144684073
, 0.0139459614
, 0.0111148600
, 0.0092710974
, 0.0096565485
, 0.0095560309
, 0.0071302415
, 0.0040770294
, -0.0010688066
, -0.0047097206
, -0.0050274851
, -0.0057501555
, -0.0059183598
, -0.0077588796
, -0.0086598871
, -0.0073284386
, -0.0070378305
, -0.0062405826
, -0.0039347648
, -0.0009666681
, 0.0000729561
, 0.0023297309
, 0.0050813914
, 0.0054117204
, 0.0047648428
, 0.0019673824
, 0.0003907204
, 0.0006659270
, -0.0001657724
, -0.0009836912
, -0.0033531426
, -0.0042877914
, -0.0033231496
, -0.0034937859
, -0.0024087667
, 0.0001203775
, 0.0012463331
, 0.0037681819
, 0.0068416595
, 0.0076231002
, 0.0086979866
, 0.0105401278
, 0.0103654386
, 0.0095082046
, 0.0065859081
, 0.0048495531
, 0.0048917057
, 0.0037556172
, 0.0039072037
, 0.0056164027
, 0.0057436703
, 0.0053343056
, 0.0031411648
, 0.0027078867
, 0.0035529614
, 0.0028023242
, 0.0029916049
, 0.0045301677
, 0.0044815303
, 0.0053942921
, 0.0075059654
, 0.0077288868
, 0.0086104395
, 0.0105417492
, 0.0106264595
, 0.0100338934
, 0.0072571039
, 0.0055681705
, 0.0060525178
, 0.0058624269
, 0.0039967773
, 0.0031237365
, 0.0031857491
, 0.0015215396
, 0.0012978077
, 0.0027172088
, 0.0031772375
, 0.0047964575
, 0.0071310522
, 0.0074970485
, 0.0078212973
, 0.0089111803
, 0.0073470832
, 0.0055316924
, 0.0050858497
, 0.0040940521
, 0.0038990974
, 0.0062482832
, 0.0100302454
, 0.0117244478
, 0.0123855118
, 0.0104655502
, 0.0092836618
, 0.0095580574
, 0.0083457706
, 0.0081917522
, 0.0094182249
, 0.0090104816
, 0.0094615938
, 0.0111027006
, 0.0112092970
, 0.0125796553
, 0.0144951586
, 0.0132159945
, 0.0098454235
, 0.0074398993
, 0.0076081036
, 0.0102600576
, 0.0129918577
, 0.0148421051
, 0.0162173267
, 0.0149977449
, 0.0128366230
, 0.0086501595
, 0.0058531044
, 0.0050846338
, 0.0037308931
, 0.0043943883
, 0.0051944731
, 0.0044701817
, 0.0035108090
, 0.0007923841
, -0.0004965067
, 0.0000372887
, -0.0006598473
, -0.0014161586
, -0.0037544011
, -0.0046489239
, -0.0035809278
, -0.0036251068
, -0.0024436235
, 0.0000936270
, 0.0000749826
, -0.0017286539
, -0.0024460554
, -0.0045788051
, -0.0058368919
, -0.0054806233
, -0.0057104351
, -0.0056662560
, -0.0068963766
, -0.0066576479
, -0.0051028728
, -0.0050635575
, -0.0042764423
, -0.0021246434
, -0.0017481089
, -0.0021359921
, -0.0003704548
, 0.0047097206
, 0.0096504688
, 0.0121107101
, 0.0133359674
, 0.0119396690
, 0.0115067959
, 0.0119368313
, 0.0105101345
, 0.0100083593
, 0.0108850477
, 0.0102924826
, 0.0107496735
, 0.0122031216
, 0.0117285009
, 0.0119765522
, 0.0137072327
, 0.0140197277
, 0.0137100695
, 0.0152624128
, 0.0155339716
, 0.0165926460
, 0.0184951779
, 0.0183241367
, 0.0187626835
, 0.0198221691
, 0.0187160727
, 0.0181753878
, 0.0186564922
, 0.0173485521
, 0.0168082714
, 0.0174835213
, 0.0167280193
, 0.0171191450
, 0.0169610735
, 0.0150982616
, 0.0143496515
, 0.0149770733
, 0.0139670372
, 0.0125431772
, 0.0093351360
, 0.0074484111
, 0.0073697804
, 0.0060752155
, 0.0059297085
