StateVariable_6=[7.0000000000
, 6.9984383583
, 6.9900765419
, 6.9748477936
, 6.9578108788
, 6.9377636909
, 6.9147310257
, 6.8935532570
, 6.8722271919
, 6.8511991501
, 6.8344321251
, 6.8175215721
, 6.7932066917
, 6.7579312325
, 6.7064547539
, 6.6331892014
, 6.5354018211
, 6.4149074554
, 6.2712502480
, 6.1082386971
, 5.9253883362
, 5.7246747017
, 5.5131778717
, 5.2899875641
, 5.0530018806
, 4.8026094437
, 4.5437860489
, 4.2786355019
, 4.0082135201
, 3.7367200851
, 3.4647505283
, 3.1905262470
, 2.9117255211
, 2.6278953552
, 2.3426046371
, 2.0569200516
, 1.7728285789
, 1.4950146675
, 1.2215023041
, 0.9536652565
, 0.6916766167
, 0.4356422424
, 0.1864881516
, -0.0563931465
, -0.2950382233
, -0.5222444534
, -0.7398233414
, -0.9439873695
, -1.1305532455
, -1.3033304214
, -1.4649972916
, -1.6150827408
, -1.7531061172
, -1.8767509460
, -1.9857015610
, -2.0800437927
, -2.1604738235
, -2.2278919220
, -2.2839927673
, -2.3311405182
, -2.3685302734
, -2.3937654495
, -2.4087734222
, -2.4128103256
, -2.4062500000
, -2.3882093430
, -2.3629198074
, -2.3283367157
, -2.2827568054
, -2.2265243530
, -2.1647338867
, -2.0975360870
, -2.0245609283
, -1.9432868958
, -1.8547859192
, -1.7624044418
, -1.6682949066
, -1.5708408356
, -1.4703493118
, -1.3676309586
, -1.2621850967
, -1.1546487808
, -1.0475158691
, -0.9419245720
, -0.8347849846
, -0.7276782990
, -0.6229429245
, -0.5212564468
, -0.4193215370
, -0.3169989586
, -0.2163677216
, -0.1198320389
, -0.0294494629
, 0.0547652245
, 0.1372313499
, 0.2177958488
, 0.2917866707
, 0.3610682487
, 0.4268445969
, 0.4891538620
, 0.5475754738
, 0.6006150246
, 0.6479873657
, 0.6911950111
, 0.7341895103
, 0.7737731934
, 0.8075618744
, 0.8350014687
, 0.8565158844
, 0.8729577065
, 0.8834867477
, 0.8853349686
, 0.8829259872
, 0.8782067299
, 0.8690671921
, 0.8587274551
, 0.8465094566
, 0.8302011490
, 0.8087430000
, 0.7832694054
, 0.7556691170
, 0.7281913757
, 0.7002797127
, 0.6683597565
, 0.6352019310
, 0.6000833511
, 0.5668931007
, 0.5332212448
, 0.4969244003
, 0.4578557014
, 0.4175581932
, 0.3787531853
, 0.3418774605
, 0.3029303551
, 0.2645044327
, 0.2257227898
, 0.1896624565
, 0.1537494659
, 0.1166443825
, 0.0788516998
, 0.0413603783
, 0.0053586960
, -0.0282888412
, -0.0591988564
, -0.0869941711
, -0.1114854813
, -0.1326589584
, -0.1520466805
, -0.1732339859
, -0.1940426826
, -0.2119035721
, -0.2275810242
, -0.2447171211
, -0.2601428032
, -0.2716555595
, -0.2804279327
, -0.2906088829
, -0.2994065285
, -0.3048071861
, -0.3064970970
, -0.3050827980
, -0.3013257980
, -0.2961511612
, -0.2913589478
, -0.2891068459
, -0.2837872505
, -0.2763309479
, -0.2688174248
, -0.2619457245
, -0.2560391426
, -0.2511911392
, -0.2456569672
, -0.2358298302
, -0.2251329422
, -0.2146506310
, -0.2015981674
, -0.1880078316
, -0.1726055145
, -0.1578903198
, -0.1424751282
, -0.1282777786
, -0.1136627197
, -0.0992217064
, -0.0868740082
, -0.0737018585
, -0.0598368645
, -0.0491728783
, -0.0388112068
, -0.0267267227
, -0.0143246651
, -0.0059223175
, 0.0013747215
, 0.0098977089
, 0.0200152397
, 0.0312542915
, 0.0424146652
, 0.0513525009
, 0.0593051910
, 0.0667605400
, 0.0734243393
, 0.0781908035
, 0.0788440704
, 0.0780963898
, 0.0778784752
, 0.0791373253
, 0.0819301605
, 0.0864739418
, 0.0917835236
, 0.0966544151
, 0.1006479263
, 0.1035566330
, 0.1045508385
, 0.1022624969
, 0.1002092361
, 0.0955448151
, 0.0909824371
, 0.0881567001
, 0.0877313614
, 0.0878958702
, 0.0843524933
, 0.0801377296
, 0.0776834488
, 0.0761275291
, 0.0716280937
, 0.0672640800
, 0.0652675629
, 0.0645895004
, 0.0615563393
, 0.0590710640
, 0.0557570457
, 0.0499811172
, 0.0453238487
, 0.0422716141
, 0.0374689102
, 0.0324311256
, 0.0254883766
, 0.0204730034
, 0.0181241035
, 0.0147452354
, 0.0115623474
, 0.0066452026
, 0.0021591187
, -0.0033450127
, -0.0076527596
, -0.0112409592
, -0.0108537674
, -0.0103583336
, -0.0122828484
, -0.0141315460
, -0.0177969933
, -0.0194334984
, -0.0183248520
, -0.0180649757
, -0.0173592567
, -0.0180206299
, -0.0187745094
, -0.0211119652
, -0.0225925446
, -0.0252432823
, -0.0265130997
, -0.0277652740
, -0.0306019783
, -0.0313935280
, -0.0300230980
, -0.0297417641
, -0.0281996727
, -0.0280809402
, -0.0264945030
, -0.0227775574
, -0.0207924843
, -0.0185003281
, -0.0183596611
, -0.0175113678
, -0.0138549805
, -0.0081539154
, -0.0014567375
, 0.0027074814
, 0.0037503242
, 0.0018248558
, 0.0010337830
, 0.0020136833
, 0.0013761520
, 0.0020747185
, 0.0044736862
, 0.0054917336
, 0.0084562302
, 0.0118174553
, 0.0121355057
, 0.0127010345
, 0.0142774582
, 0.0135841370
, 0.0125303268
, 0.0098438263
, 0.0073451996
, 0.0091180801
, 0.0135397911
, 0.0158381462
, 0.0186519623
, 0.0220389366
, 0.0224337578
, 0.0229921341
, 0.0243120193
, 0.0231966972
, 0.0212149620
, 0.0167798996
, 0.0137681961
, 0.0127902031
, 0.0108342171
, 0.0111169815
, 0.0127058029
, 0.0119953156
, 0.0106482506
, 0.0074129105
, 0.0052795410
, 0.0065646172
, 0.0100474358
, 0.0114731789
, 0.0135211945
, 0.0165467262
, 0.0170216560
, 0.0164070129
, 0.0130763054
, 0.0109071732
, 0.0113606453
, 0.0112423897
, 0.0083885193
, 0.0047965050
, -0.0012574196
, -0.0055408478
, -0.0059146881
, -0.0067648888
, -0.0069627762
, -0.0091280937
, -0.0101881027
, -0.0086216927
, -0.0082798004
, -0.0073418617
, -0.0046291351
, -0.0011372566
, 0.0000858307
, 0.0027408600
, 0.0059781075
, 0.0063667297
, 0.0056056976
, 0.0023145676
, 0.0004596710
, 0.0007834435
, -0.0001950264
, -0.0011572838
, -0.0039448738
, -0.0050444603
, -0.0039095879
, -0.0041103363
, -0.0028338432
, 0.0001416206
, 0.0014662743
, 0.0044331551
, 0.0080490112
, 0.0089683533
, 0.0102329254
, 0.0124001503
, 0.0121946335
, 0.0111861229
, 0.0077481270
, 0.0057053566
, 0.0057549477
, 0.0044183731
, 0.0045967102
, 0.0066075325
, 0.0067572594
, 0.0062756538
, 0.0036954880
, 0.0031857491
, 0.0041799545
, 0.0032968521
, 0.0035195351
, 0.0053296089
, 0.0052723885
, 0.0063462257
, 0.0088305473
, 0.0090928078
, 0.0101299286
, 0.0124020576
, 0.0125017166
, 0.0118045807
, 0.0085377693
, 0.0065507889
, 0.0071206093
, 0.0068969727
, 0.0047020912
, 0.0036749840
, 0.0037479401
, 0.0017900467
, 0.0015268326
, 0.0031967163
, 0.0037379265
, 0.0056428909
, 0.0083894730
, 0.0088200569
, 0.0092015266
, 0.0104837418
, 0.0086436272
, 0.0065078735
, 0.0059833527
, 0.0048165321
, 0.0045871735
, 0.0073509216
, 0.0118002892
, 0.0137934685
, 0.0145711899
, 0.0123124123
, 0.0109219551
, 0.0112447739
, 0.0098185539
, 0.0096373558
, 0.0110802650
, 0.0106005669
, 0.0111312866
, 0.0130620003
, 0.0131874084
, 0.0147995949
, 0.0170531273
, 0.0155482292
, 0.0115828514
, 0.0087528229
, 0.0089507103
, 0.0120706558
, 0.0152845383
, 0.0174612999
, 0.0190792084
, 0.0176444054
, 0.0151019096
, 0.0101766586
, 0.0068860054
, 0.0059819221
, 0.0043892860
, 0.0051698685
, 0.0061111450
, 0.0052590370
, 0.0041303635
, 0.0009322166
, -0.0005841255
, 0.0000438690
, -0.0007762909
, -0.0016660690
, -0.0044169426
, -0.0054693222
, -0.0042128563
, -0.0042648315
, -0.0028748512
, 0.0001101494
, 0.0000882149
, -0.0020337105
, -0.0028777122
, -0.0053868294
, -0.0068669319
, -0.0064477921
, -0.0067181587
, -0.0066661835
, -0.0081133842
, -0.0078325272
, -0.0060033798
, -0.0059571266
, -0.0050311089
, -0.0024995804
, -0.0020565987
, -0.0025129318
, -0.0004358292
, 0.0055408478
, 0.0113534927
, 0.0142478943
, 0.0156893730
, 0.0140466690
, 0.0135374069
, 0.0140433311
, 0.0123648643
, 0.0117745399
, 0.0128059387
, 0.0121088028
, 0.0126466751
, 0.0143566132
, 0.0137982368
, 0.0140900612
, 0.0161261559
, 0.0164937973
, 0.0161294937
, 0.0179557800
, 0.0182752609
, 0.0195207596
, 0.0217590332
, 0.0215578079
, 0.0220737457
, 0.0233201981
, 0.0220189095
, 0.0213828087
, 0.0219488144
, 0.0204100609
, 0.0197744370
, 0.0205688477
, 0.0196800232
, 0.0201401711
, 0.0199542046
, 0.0177626610
, 0.0168819427
, 0.0176200867
, 0.0164318085
, 0.0147566795
, 0.0109825134
, 0.0087628365
, 0.0086703300
, 0.0071473122
, 0.0069761276
, 0.0084328651
, 0.0080547333
, 0.0073189735
, 0.0048270226
, 0.0043792725
, 0.0040035248
, 0.0034389496
, 0.0002560616
