StateVariable_7=[0.0000000000
, 0.0069809421
, 0.0069900760
, 0.0070683113
, 0.0078685880
, 0.0059428900
, 0.0072570103
, 0.0065578348
, 0.0068605449
, 0.0068512023
, 0.0068344320
, 0.0068175215
, 0.0067993160
, 0.0067518535
, 0.0067064548
, 0.0066331890
, 0.0065465081
, 0.0068132756
, 0.0058767851
, 0.0061797034
, 0.0067353868
, 0.0048699831
, 0.0103831608
, 0.0156731475
, 0.0207261499
, 0.0255287606
, 0.0300839078
, 0.0343556963
, 0.0383671224
, 0.0421008468
, 0.0455655977
, 0.0487561263
, 0.0516725108
, 0.0542983003
, 0.0566390380
, 0.0587183759
, 0.0607335493
, 0.0620079003
, 0.0632283017
, 0.0641907379
, 0.0650576875
, 0.0653833300
, 0.0656497702
, 0.0656177849
, 0.0653217733
, 0.0647973344
, 0.0640655756
, 0.0631128103
, 0.0619822554
, 0.0606920905
, 0.0592295788
, 0.0575725101
, 0.0558120422
, 0.0539431721
, 0.0519574694
, 0.0498790853
, 0.0477149449
, 0.0454834811
, 0.0432184488
, 0.0408796147
, 0.0385250635
, 0.0361111909
, 0.0337002501
, 0.0313077047
, 0.0289238337
, 0.0265595131
, 0.0241965931
, 0.0218449682
, 0.0195811596
, 0.0173546355
, 0.0151935844
, 0.0130943675
, 0.0110714287
, 0.0091281421
, 0.0072733560
, 0.0055065411
, 0.0038424209
, 0.0022689076
, 0.0007825279
, -0.0005678657
, -0.0018300508
, -0.0029846996
, -0.0040322156
, -0.0049844091
, -0.0058115134
, -0.0065379539
, -0.0071608964
, -0.0076825707
, -0.0081018917
, -0.0084186373
, -0.0086350050
, -0.0087549333
, -0.0087843584
, -0.0087295938
, -0.0085923625
, -0.0083745662
, -0.0080827801
, -0.0077217114
, -0.0072945249
, -0.0068016541
, -0.0062582395
, -0.0056570838
, -0.0050101988
, -0.0043190038
, -0.0035848143
, -0.0028110412
, -0.0020034793
, -0.0011684778
, -0.0003105047
, 0.0005609678
, 0.0014444545
, 0.0023297896
, 0.0032127155
, 0.0040909224
, 0.0049599893
, 0.0058410447
, 0.0066925529
, 0.0075171040
, 0.0083245579
, 0.0091058668
, 0.0098659173
, 0.0105959317
, 0.0112915197
, 0.0119615477
, 0.0125930663
, 0.0131961526
, 0.0137644606
, 0.0142941093
, 0.0147856204
, 0.0152392630
, 0.0156568214
, 0.0160390586
, 0.0163777918
, 0.0166814793
, 0.0169453230
, 0.0171712246
, 0.0173608866
, 0.0175145138
, 0.0176312514
, 0.0177100394
, 0.0177514330
, 0.0177567974
, 0.0177285559
, 0.0176693574
, 0.0175823625
, 0.0174707882
, 0.0173381306
, 0.0171848051
, 0.0170128718
, 0.0168186724
, 0.0166071299
, 0.0163795501
, 0.0161348321
, 0.0158746894
, 0.0156030338
, 0.0153226061
, 0.0150319971
, 0.0147325909
, 0.0144275092
, 0.0141212875
, 0.0138159301
, 0.0135151148
, 0.0132187288
, 0.0129244262
, 0.0126379803
, 0.0123534827
, 0.0120780915
, 0.0118090324
, 0.0115470868
, 0.0112912776
, 0.0110396575
, 0.0107944207
, 0.0105585903
, 0.0103334580
, 0.0101188067
, 0.0099172089
, 0.0097292010
, 0.0095564397
, 0.0093986923
, 0.0092550190
, 0.0091277044
, 0.0089971730
, 0.0089127664
, 0.0088258134
, 0.0087521123
, 0.0086923288
, 0.0086431559
, 0.0086043095
, 0.0085775834
, 0.0085632717
, 0.0085573541
, 0.0085587306
, 0.0085686287
, 0.0085886102
, 0.0086198645
, 0.0086635211
, 0.0087149609
, 0.0087741185
, 0.0088404305
, 0.0089134229
, 0.0089926608
, 0.0090713790
, 0.0091491472
, 0.0092270877
, 0.0093059642
, 0.0093883695
, 0.0094746966
, 0.0095657911
, 0.0096619623
, 0.0097618457
, 0.0098648854
, 0.0099706594
, 0.0100875041
, 0.0101722516
, 0.0102681108
, 0.0103587937
, 0.0104470998
, 0.0105348313
, 0.0106226476
, 0.0107069332
, 0.0107870707
, 0.0108647542
, 0.0109408824
, 0.0110125104
, 0.0110797742
, 0.0111450423
, 0.0112096826
, 0.0112718605
, 0.0113392081
, 0.0113865901
, 0.0114365714
, 0.0114818588
, 0.0115241306
, 0.0115615996
, 0.0115940310
, 0.0116195185
, 0.0116400262
, 0.0116581339
, 0.0116728796
, 0.0116844326
, 0.0116910776
, 0.0116932411
, 0.0116898986
, 0.0116821760
, 0.0116694253
, 0.0116601186
, 0.0116497520
, 0.0116374390
, 0.0116233667
, 0.0116055841
, 0.0115861502
, 0.0115678255
, 0.0115497606
, 0.0115323141
, 0.0115143834
, 0.0114956098
, 0.0114744091
, 0.0114518544
, 0.0114266546
, 0.0113994731
, 0.0113716163
, 0.0113410903
, 0.0113098789
, 0.0112799825
, 0.0112499157
, 0.0112217646
, 0.0111938240
, 0.0111672422
, 0.0111445989
, 0.0111236321
, 0.0111051463
, 0.0110869259
, 0.0110693993
, 0.0110557657
, 0.0110476390
, 0.0110461647
, 0.0110492473
, 0.0110524409
, 0.0110542644
, 0.0110552972
, 0.0110573107
, 0.0110586872
, 0.0110607613
, 0.0110652428
, 0.0110708131
, 0.0110791558
, 0.0110909734
, 0.0111030880
, 0.0111157885
, 0.0111300666
, 0.0111436397
, 0.0111563476
, 0.0111675709
, 0.0111737950
, 0.0111829052
, 0.0111964336
, 0.0112123117
, 0.0112309493
, 0.0112529676
, 0.0112754013
, 0.0112983752
, 0.0113227069
, 0.0113459034
, 0.0113671180
, 0.0113839135
, 0.0113976579
, 0.0114104701
, 0.0114214038
, 0.0114324279
, 0.0114451339
, 0.0114571080
, 0.0114678284
, 0.0114751915
, 0.0114804711
, 0.0114870304
, 0.0114970775
, 0.0115085505
, 0.0115220826
, 0.0115386294
, 0.0115556512
, 0.0115720583
, 0.0115851341
, 0.0115960417
, 0.0116076786
, 0.0116189681
, 0.0116273286
, 0.0116321053
, 0.0116308564
, 0.0116252312
, 0.0116193471
, 0.0116125541
, 0.0116056018
, 0.0115965512
, 0.0115862861
, 0.0115776649
, 0.0115694404
, 0.0115621788
, 0.0115575800
, 0.0115564438
, 0.0115565304
, 0.0115592442
, 0.0115652168
, 0.0115715731
, 0.0115771787
, 0.0115794931
, 0.0115799531
, 0.0115807364
, 0.0115805417
, 0.0115793832
, 0.0115754418
, 0.0115703968
, 0.0115664871
, 0.0115623772
, 0.0115595432
, 0.0115596848
, 0.0115611674
, 0.0115655558
, 0.0115736183
, 0.0115825711
, 0.0115927961
, 0.0116051966
, 0.0116173904
, 0.0116285766
, 0.0116363252
, 0.0116420304
, 0.0116477851
, 0.0116522042
, 0.0116568040
, 0.0116634117
, 0.0116701638
, 0.0116764391
, 0.0116801718
, 0.0116833281
, 0.0116875116
, 0.0116908029
, 0.0116943223
, 0.0116996523
, 0.0117049292
, 0.0117112752
, 0.0117200986
, 0.0117291911
, 0.0117393211
, 0.0117517328
, 0.0117642349
, 0.0117760301
, 0.0117845675
, 0.0117911184
, 0.0117983706
, 0.0118053602
, 0.0118100466
, 0.0118136965
, 0.0118174320
, 0.0118192313
, 0.0118207531
, 0.0118239680
, 0.0118277157
, 0.0118333111
, 0.0118417498
, 0.0118504744
, 0.0118597057
, 0.0118701113
, 0.0118786609
, 0.0118851680
, 0.0118912272
, 0.0118959863
, 0.0119005777
, 0.0119079165
, 0.0119197164
, 0.0119335214
, 0.0119480807
, 0.0119603928
, 0.0119713238
, 0.0119825592
, 0.0119923782
, 0.0120020155
, 0.0120130954
, 0.0120236967
, 0.0120348278
, 0.0120478999
, 0.0120612094
, 0.0120758861
, 0.0120955855
, 0.0121132061
, 0.0121221561
, 0.0121303806
, 0.0121398186
, 0.0121515868
, 0.0121664470
, 0.0121838655
, 0.0122029446
, 0.0122205587
, 0.0122356610
, 0.0122458376
, 0.0122527238
, 0.0122587057
, 0.0122631611
, 0.0122690331
, 0.0122742373
, 0.0122794872
, 0.0122836176
, 0.0122845508
, 0.0122839669
, 0.0122840106
, 0.0122832349
, 0.0122815669
, 0.0122771543
, 0.0122716799
, 0.0122674676
, 0.0122632021
, 0.0122603299
, 0.0122604398
, 0.0122605301
, 0.0122584710
, 0.0122556025
, 0.0122502521
, 0.0122434087
, 0.0122369118
, 0.0122302044
, 0.0122235157
, 0.0122153899
, 0.0122076096
, 0.0122015961
, 0.0121956691
, 0.0121906372
, 0.0121881273
, 0.0121861156
, 0.0121836048
, 0.0121831633
, 0.0121894628
, 0.0121991206
, 0.0122133689
, 0.0122290440
, 0.0122431973
, 0.0122566316
, 0.0122706750
, 0.0122830402
, 0.0122948140
, 0.0123076318
, 0.0123197706
, 0.0123323742
, 0.0123467315
, 0.0123605290
, 0.0123746321
, 0.0123909600
, 0.0124096954
, 0.0124234315
, 0.0124413874
, 0.0124596767
, 0.0124791823
, 0.0125009408
, 0.0125225699
, 0.0125445509
, 0.0125678713
, 0.0125898896
, 0.0126112560
, 0.0126332222
, 0.0126536163
, 0.0126734059
, 0.0126939751
, 0.0127139185
, 0.0127367452
, 0.0127537707
, 0.0127715189
, 0.0127884010
, 0.0128060207
, 0.0128224529
, 0.0128372349
, 0.0128482170
, 0.0128569799
, 0.0128656505
, 0.0128727909
, 0.0128797619
, 0.0128881950
, 0.0128962630
, 0.0129035758
, 0.0129084960
, 0.0129129337
, 0.0129169067
, 0.0129203340
, 0.0129205901
, 0.0129174329
, 0.0129095614
, 0.0128986118
, 0.0128885629
, 0.0128787681
, 0.0128704729
, 0.0128659848
, 0.0128625752
, 0.0128607927
, 0.0128627894
