time=[0.0000000000
, 1.0192999840
, 2.0267999172
, 3.0225999355
, 4.0192999840
, 5.0192999840
, 6.0234999657
, 7.0226001740
, 8.0150995255
, 9.0193004608
, 10.0143003464
, 11.0242996216
, 12.0242996216
, 13.0158996582
, 14.0134000778
, 14.9975004196
, 15.9975004196
, 17.0074996948
, 18.1467990875
, 18.9974994659
, 19.9992008209
, 20.9992008209
, 21.9983005524
, 22.9983005524
, 23.9974994659
, 24.9974994659
, 25.9974994659
, 26.9974994659
, 27.9992008209
, 28.9974994659
, 29.9983005524
, 30.9983005524
, 32.0000000000
, 33.0083999634
, 34.1459999084
, 34.9975013733
, 35.9975013733
, 36.9975013733
, 37.9975013733
, 39.0024986267
, 39.9991989136
, 40.9991989136
, 41.9982986450
, 42.9975013733
, 43.9975013733
, 44.9991989136
, 45.9975013733
, 46.9975013733
, 47.9975013733
, 49.0108985901
, 50.1534996033
, 50.9982986450
, 51.9982986450
, 52.9975013733
, 53.9975013733
, 54.9975013733
, 55.9991989136
, 56.9975013733
, 57.9975013733
, 58.9982986450
, 59.9975013733
, 60.9982986450
, 61.9982986450
, 62.9982986450
, 63.9982986450
, 65.0225982666
, 66.0260009766
, 67.0225982666
, 68.0251998901
, 69.0217971802
, 70.0242996216
, 71.0251998901
, 72.0176010132
, 73.0210037231
, 74.0158996582
, 75.0260009766
, 76.0217971802
, 77.0185012817
, 78.0074996948
, 80.5361022949
, 80.5804977417
, 81.0126037598
, 82.0092010498
, 83.0117034912
, 84.0142974854
, 85.0109024048
, 85.9982986450
, 86.9982986450
, 87.9982986450
, 88.9982986450
, 89.9982986450
, 90.9982986450
, 91.9991989136
, 93.0000000000
, 93.9982986450
, 94.9982986450
, 95.9991989136
, 97.0083999634
, 98.0025024414
, 99.0000000000
, 99.9982986450
, 100.9982986450
, 101.9982986450
, 102.9982986450
, 103.9974975586
, 104.9974975586
, 105.9974975586
, 106.9974975586
, 107.9974975586
, 108.9974975586
, 109.9974975586
, 110.9974975586
, 111.9982986450
, 113.0066986084
, 113.9991989136
, 114.9974975586
, 115.9974975586
, 116.9974975586
, 117.9974975586
, 118.9974975586
, 119.9974975586
, 120.9974975586
, 121.9982986450
, 122.9974975586
, 123.9974975586
, 124.9974975586
, 125.9974975586
, 126.9974975586
, 127.9974975586
, 129.0209960938
, 130.0225982666
, 131.0234985352
, 132.0193023682
, 133.0184936523
, 134.0225982666
, 135.0267944336
, 136.0175933838
, 137.0200958252
, 138.0142974854
, 139.0243072510
, 140.0243072510
, 141.0175933838
, 142.0066986084
, 142.9983062744
, 143.9974975586
, 145.0066986084
, 145.9983062744
, 146.9992065430
, 147.9974975586
, 148.9983062744
, 149.9974975586
, 150.9974975586
, 151.9983062744
, 152.9974975586
, 154.0034027100
, 154.9974975586
, 155.9974975586
, 156.9983062744
, 157.9974975586
, 158.9974975586
, 159.9974975586
, 161.0041961670
, 161.9983062744
, 162.9983062744
, 163.9974975586
, 164.9974975586
, 165.9974975586
, 166.9974975586
, 167.9992065430
, 169.0050048828
, 169.9974975586
, 170.9974975586
, 171.9983062744
, 172.9983062744
, 173.9974975586
, 174.9974975586
, 175.9974975586
, 177.0059051514
, 178.1484985352
, 178.9974975586
, 179.9974975586
, 180.9992065430
, 181.9983062744
, 182.9983062744
, 183.9983062744
, 184.9974975586
, 185.9983062744
, 186.9974975586
, 187.9983062744
, 188.9983062744
, 189.9983062744
, 191.0000000000
, 191.9983062744
, 193.0218048096
, 194.0285034180
, 195.0218048096
, 196.0200958252
, 197.0184936523
, 198.0225982666
, 199.0243072510
, 200.0193023682
, 201.0200958252
, 202.0151062012
, 203.0209960938
, 204.0200958252
, 205.0158996582
, 206.0133972168
, 207.0175933838
, 208.0142974854
, 209.0184936523
, 210.0158996582
, 211.0133972168
, 212.0151062012
, 213.0084075928
, 213.9992065430
, 215.0075073242
, 216.0016937256
, 216.9983062744
, 217.9992065430
, 219.0000000000
, 220.0007934570
, 221.0000000000
, 221.9992065430
, 223.0007934570
, 224.0007934570
, 225.0133972168
, 226.1526947021
, 226.9983062744
, 227.9992065430
, 228.9983062744
, 229.9983062744
, 231.0007934570
, 231.9992065430
, 233.0000000000
, 233.9983062744
, 234.9992065430
, 235.9983062744
, 236.9983062744
, 237.9983062744
, 238.9983062744
, 240.0034027100
, 241.0133972168
, 242.1484985352
, 243.0007934570
, 243.9992065430
, 244.9983062744
, 245.9983062744
, 247.0025024414
, 247.9992065430
, 249.0034027100
, 249.9992065430
, 250.9983062744
, 251.9983062744
, 252.9983062744
, 253.9974975586
, 254.9983062744
, 255.9983062744
, 257.0267944336
, 258.0267944336
, 259.0242919922
, 260.0184936523
, 261.0133972168
, 262.0209960938
, 263.0184936523
, 264.0234985352
, 265.0252075195
, 266.0184936523
, 267.0209960938
, 268.0133972168
, 269.0143127441
, 270.0075073242
, 270.9992065430
, 272.1618957520
, 273.0091857910
, 274.1527099609
, 275.0000000000
, 275.9974975586
, 276.9974975586
, 277.9974975586
, 278.9974975586
, 279.9974975586
, 281.0007934570
, 281.9982910156
, 282.9982910156
, 283.9974975586
, 284.9974975586
, 285.9974975586
, 286.9974975586
, 287.9974975586
, 289.0083923340
, 290.1535034180
, 291.0007934570
, 291.9982910156
, 292.9982910156
, 293.9974975586
, 294.9974975586
, 295.9974975586
, 296.9974975586
, 297.9982910156
, 298.9974975586
, 299.9982910156
, 300.9974975586
, 301.9974975586
, 302.9982910156
, 303.9974975586
, 305.0058898926
, 305.9982910156
, 307.0007934570
, 307.9974975586
, 308.9974975586
, 309.9974975586
, 310.9974975586
, 311.9982910156
, 312.9982910156
, 313.9974975586
, 314.9974975586
, 315.9974975586
, 316.9974975586
, 317.9974975586
, 318.9974975586
, 319.9974975586
, 321.0209960938
, 322.0267944336
, 323.0201110840
, 324.0192871094
, 325.0143127441
, 326.0252075195
, 327.0209960938
, 328.0234985352
, 329.0226135254
, 330.0201110840
, 331.0226135254
, 332.0126037598
, 333.0168151855
, 334.0075073242
, 334.9974975586
, 335.9974975586
, 337.0075073242
, 337.9982910156
, 338.9992065430
, 339.9974975586
, 340.9982910156
, 341.9982910156
, 342.9982910156
, 343.9974975586
, 344.9974975586
, 345.9974975586
, 346.9974975586
, 347.9974975586
, 348.9974975586
, 349.9982910156
, 350.9974975586
, 351.9982910156
, 353.0067138672
, 353.9982910156
, 354.9992065430
, 355.9974975586
, 356.9974975586
, 357.9982910156
, 358.9974975586
, 359.9974975586
, 360.9982910156
, 361.9992065430
, 362.9982910156
, 363.9982910156
, 364.9982910156
, 365.9982910156
, 366.9992065430
, 367.9974975586
, 369.0050048828
, 369.9992065430
, 371.0050048828
, 371.9992065430
, 372.9982910156
, 373.9982910156
, 374.9982910156
, 375.9982910156
, 376.9992065430
, 377.9992065430
, 378.9982910156
, 379.9982910156
, 380.9982910156
, 381.9992065430
, 382.9982910156
, 384.0007934570
, 385.0075073242
, 386.0067138672
, 387.0017089844
, 387.9982910156
, 388.9974975586
, 389.9982910156
, 390.9982910156
, 391.9992065430
, 392.9982910156
, 393.9992065430
, 394.9982910156
, 395.9982910156
, 396.9982910156
, 397.9982910156
, 398.9982910156
, 400.0000000000
, 401.0209960938
, 402.0293884277
, 403.0260009766
, 404.0209960938
, 405.0168151855
, 406.0242919922
, 407.0226135254
, 408.0242919922
, 409.0242919922
, 410.0168151855
, 411.0242919922
, 412.0184936523
, 413.0176086426
, 414.0108947754
, 415.0000000000
, 415.9982910156
, 417.0108947754
, 418.1492919922
, 418.9982910156
, 419.9974975586
, 420.9992065430
, 421.9982910156
, 423.0000000000
, 424.0007934570
, 424.9982910156
, 425.9974975586
, 426.9974975586
, 427.9974975586
, 428.9974975586
, 429.9974975586
, 430.9992065430
, 432.0000000000
, 433.0108947754
, 434.1502075195
, 434.9974975586
, 435.9974975586
, 436.9974975586
, 437.9974975586
, 438.9974975586
, 439.9974975586
, 441.0050048828
, 442.0007934570
, 442.9982910156
, 443.9974975586
, 444.9974975586
, 446.0017089844
, 446.9974975586
, 447.9974975586
, 449.0108947754
, 450.1492919922
, 451.0007934570
, 451.9982910156
, 452.9982910156
, 453.9974975586
, 454.9974975586
, 455.9982910156
, 456.9974975586
, 457.9974975586
, 458.9974975586
, 459.9974975586
, 460.9982910156
, 461.9982910156
, 462.9982910156
, 463.9974975586
, 465.0192871094
, 466.0285034180
, 467.0242919922
, 468.0192871094
, 469.0151062012
, 470.0242919922
, 471.0217895508
, 472.0242919922
, 473.0252075195
, 474.0184936523
, 475.0217895508
