position=[0.0041887900
, 0.0045695892
, 0.0045695892
, 0.0045695892
, 0.0049503883
, 0.0049503883
, 0.0053311875
, 0.0053311875
, 0.0057119867
, 0.0057119867
, 0.0060927859
, 0.0060927859
, 0.0064735850
, 0.0064735850
, 0.0068543837
, 0.0068543837
, 0.0072351829
, 0.0076159821
, 0.0076159821
, 0.0079967817
, 0.0083775800
, 0.0083775800
, 0.0087583791
, 0.0091391783
, 0.0095199775
, 0.0099007767
, 0.0099007767
, 0.0102815758
, 0.0106623750
, 0.0110431742
, 0.0114239734
, 0.0118047725
, 0.0121855717
, 0.0125663709
, 0.0129471701
, 0.0133279692
, 0.0137087675
, 0.0140895667
, 0.0144703658
, 0.0148511650
, 0.0152319642
, 0.0159935635
, 0.0163743626
, 0.0167551599
, 0.0171359591
, 0.0175167583
, 0.0182783566
, 0.0186591558
, 0.0190399550
, 0.0198015533
, 0.0201823525
, 0.0205631517
, 0.0213247500
, 0.0217055492
, 0.0224671476
, 0.0228479467
, 0.0232287459
, 0.0239903443
, 0.0243711434
, 0.0251327418
, 0.0258943401
, 0.0262751393
, 0.0270367377
, 0.0274175350
, 0.0281791333
, 0.0289407317
, 0.0293215308
, 0.0300831292
, 0.0308447275
, 0.0316063277
, 0.0319871269
, 0.0327487253
, 0.0335103199
, 0.0342719182
, 0.0350335166
, 0.0354143158
, 0.0361759141
, 0.0369375125
, 0.0376991108
, 0.0396031067
, 0.0396031067
, 0.0399839059
, 0.0407455042
, 0.0415071025
, 0.0422687009
, 0.0430302992
, 0.0437918976
, 0.0449342951
, 0.0456958935
, 0.0464574918
, 0.0472190902
, 0.0479806885
, 0.0491230860
, 0.0498846844
, 0.0506462827
, 0.0517886803
, 0.0525502786
, 0.0533118770
, 0.0544542745
, 0.0552158691
, 0.0559774674
, 0.0571198650
, 0.0578814633
, 0.0590238608
, 0.0597854592
, 0.0609278567
, 0.0616894551
, 0.0628318563
, 0.0639742538
, 0.0647358522
, 0.0658782423
, 0.0670206398
, 0.0677822381
, 0.0689246356
, 0.0700670332
, 0.0708286315
, 0.0719710290
, 0.0731134266
, 0.0742558241
, 0.0753982216
, 0.0761598200
, 0.0773022175
, 0.0784446150
, 0.0795870125
, 0.0807294101
, 0.0818718076
, 0.0830142051
, 0.0841566026
, 0.0852990001
, 0.0864413977
, 0.0875837952
, 0.0887261927
, 0.0898685902
, 0.0913917869
, 0.0925341845
, 0.0936765820
, 0.0948189795
, 0.0959613770
, 0.0974845737
, 0.0986269712
, 0.0997693688
, 0.1012925655
, 0.1024349630
, 0.1035773605
, 0.1047197580
, 0.1062429547
, 0.1073853523
, 0.1089085490
, 0.1100509390
, 0.1115741357
, 0.1127165332
, 0.1142397299
, 0.1153821275
, 0.1169053242
, 0.1180477217
, 0.1195709184
, 0.1207133159
, 0.1222365126
, 0.1237597093
, 0.1249021068
, 0.1264253110
, 0.1279485077
, 0.1290909052
, 0.1306141019
, 0.1321372837
, 0.1336604804
, 0.1351836771
, 0.1367068738
, 0.1378492713
, 0.1393724680
, 0.1408956647
, 0.1424188614
, 0.1439420581
, 0.1454652548
, 0.1469884515
, 0.1485116482
, 0.1500348449
, 0.1515580416
, 0.1534620374
, 0.1546044350
, 0.1561276317
, 0.1576508284
, 0.1595548242
, 0.1610780209
, 0.1626012176
, 0.1641244143
, 0.1656476110
, 0.1675516069
, 0.1690748036
, 0.1705980003
, 0.1725019962
, 0.1740251929
, 0.1755483896
, 0.1774523854
, 0.1789755821
, 0.1808795780
, 0.1824027747
, 0.1843067706
, 0.1858299673
, 0.1877339631
, 0.1892571598
, 0.1911611557
, 0.1926843524
, 0.1945883483
, 0.1961115450
, 0.1980155408
, 0.1999195367
, 0.2014427334
, 0.2033467293
, 0.2052507252
, 0.2071547210
, 0.2086779177
, 0.2105819136
, 0.2124859095
, 0.2143899053
, 0.2162939012
, 0.2178170979
, 0.2197210789
, 0.2216250747
, 0.2235290706
, 0.2254330665
, 0.2273370624
, 0.2292410582
, 0.2311450541
, 0.2330490500
, 0.2349530458
, 0.2372378409
, 0.2391418368
, 0.2410458326
, 0.2429498285
, 0.2448538244
, 0.2467578202
, 0.2490426153
, 0.2509466112
, 0.2528506219
, 0.2547546029
, 0.2570393980
, 0.2589434087
, 0.2608473897
, 0.2631321847
, 0.2650361657
, 0.2673209608
, 0.2696057558
, 0.2711289525
, 0.2734137475
, 0.2753177583
, 0.2776025534
, 0.2795065343
, 0.2817913294
, 0.2836953402
, 0.2859801352
, 0.2882649302
, 0.2901689112
, 0.2924537063
, 0.2947385013
, 0.2966425121
, 0.2989273071
, 0.3012121022
, 0.3034968972
, 0.3054008782
, 0.3076856732
, 0.3099704683
, 0.3122552633
, 0.3145400584
, 0.3168248534
, 0.3191096485
, 0.3210136592
, 0.3232984543
, 0.3255832493
, 0.3278680444
, 0.3301528394
, 0.3324376345
, 0.3351032138
, 0.3370072246
, 0.3396728039
, 0.3415768147
, 0.3442423940
, 0.3465271890
, 0.3488119841
, 0.3510967791
, 0.3533815742
, 0.3560471535
, 0.3583319485
, 0.3606167436
, 0.3629015386
, 0.3655671477
, 0.3678519428
, 0.3701367378
, 0.3728023171
, 0.3750871122
, 0.3777527213
, 0.3800375164
, 0.3823223114
, 0.3849878907
, 0.3872726858
, 0.3899382949
, 0.3922230899
, 0.3948886693
, 0.3975542784
, 0.3998390734
, 0.4025046527
, 0.4047894478
, 0.4074550569
, 0.4101206362
, 0.4124054313
, 0.4150710404
, 0.4177366197
, 0.4204022288
, 0.4230678082
, 0.4253526032
, 0.4280182123
, 0.4306837916
, 0.4333494008
, 0.4360149801
, 0.4386805594
, 0.4413461685
, 0.4440117478
, 0.4466773570
, 0.4493429363
, 0.4520085454
, 0.4546741247
, 0.4573397338
, 0.4600053132
, 0.4626709223
, 0.4653365016
, 0.4680021107
, 0.4710485041
, 0.4737140834
, 0.4763796926
, 0.4790452719
, 0.4817108810
, 0.4847572744
, 0.4874228537
, 0.4900884628
, 0.4927540421
, 0.4958004355
, 0.4984660447
, 0.5011316538
, 0.5041780472
, 0.5068436265
, 0.5098900199
, 0.5125555992
, 0.5156019926
, 0.5182675719
, 0.5213139653
, 0.5239796042
, 0.5270259380
, 0.5296915770
, 0.5327379704
, 0.5357843637
, 0.5384499431
, 0.5414963365
, 0.5445427299
, 0.5475891232
, 0.5502547026
, 0.5533010960
, 0.5563474894
, 0.5590130687
, 0.5620594621
, 0.5651058555
, 0.5681522489
, 0.5711986423
, 0.5742450356
, 0.5772914290
, 0.5803378224
, 0.5833842158
, 0.5860498548
, 0.5890962481
, 0.5921426415
, 0.5955697894
, 0.5986161828
, 0.6016625762
, 0.6047089696
, 0.6077553630
, 0.6108017564
, 0.6138481498
, 0.6168945432
, 0.6203217506
, 0.6233681440
, 0.6264145374
, 0.6294609308
, 0.6328881383
, 0.6359345317
, 0.6389809251
, 0.6424080729
, 0.6454544663
, 0.6485008597
, 0.6519280672
, 0.6549744606
, 0.6580208540
, 0.6614480615
, 0.6644944549
, 0.6679216623
, 0.6709680557
, 0.6743952036
, 0.6778224111
, 0.6808688045
, 0.6842960119
, 0.6873424053
, 0.6907696128
, 0.6941967607
, 0.6976239681
, 0.7006703615
, 0.7040975690
, 0.7075247169
, 0.7105711102
, 0.7139983177
, 0.7174255252
, 0.7208527327
, 0.7242798805
, 0.7277070880
, 0.7311342955
, 0.7341806889
, 0.7376078963
, 0.7410350442
, 0.7444622517
, 0.7478894591
, 0.7513166666
, 0.7551246285
, 0.7581710219
, 0.7615982294
, 0.7650254369
, 0.7684525847
, 0.7722606063
, 0.7756878138
, 0.7791149616
, 0.7825421691
, 0.7859693766
, 0.7897773385
, 0.7932045460
, 0.7966317534
, 0.8000589013
, 0.8038669229
, 0.8072941303
, 0.8114829063
, 0.8145292997
, 0.8179565072
, 0.8217644691
, 0.8251916766
, 0.8289996386
, 0.8324268460
, 0.8362348676
, 0.8396620154
, 0.8434700370
, 0.8468972445
, 0.8507052064
, 0.8541324139
, 0.8579403758
, 0.8617483974
, 0.8651756048
, 0.8693643808
, 0.8727915883
, 0.8762187362
, 0.8800267577
, 0.8838347197
, 0.8876427412
, 0.8910698891
, 0.8948779106
, 0.8986858726
, 0.9024938941
, 0.9063018560
, 0.9101098776
, 0.9139178395
, 0.9177258611
, 0.9215338230
, 0.9253418446
, 0.9291498065
, 0.9329578280
, 0.9367657900
, 0.9405738115
, 0.9443817735
, 0.9481897950
, 0.9519977570
, 0.9558057785
, 0.9599945545
, 0.9638025165
, 0.9676105380
, 0.9714184999
, 0.9752265215
, 0.9790344834
, 0.9832233191
, 0.9870312810
, 0.9916008711
, 0.9950280786
, 0.9988360405
, 1.0030248165
, 1.0068328381
, 1.0106408596
, 1.0148296356
, 1.0186376572
, 1.0228264332
, 1.0266344547
, 1.0308232307
, 1.0346311331
, 1.0388200283
, 1.0426279306
, 1.0468167067
, 1.0510056019
, 1.0555751324
, 1.0590022802
, 1.0631910563
, 1.0669990778
, 1.0711878538
, 1.0753766298
, 1.0795655251
, 1.0833734274
, 1.0875622034
, 1.0917510986
, 1.0959398746
, 1.1001286507
, 1.1043174267
, 1.1081254482
, 1.1123142242
, 1.1168837547
, 1.1214534044
, 1.1248805523
, 1.1290693283
, 1.1332581043
, 1.1374469995
, 1.1420165300
, 1.1462053061
, 1.1503940821
, 1.1545828581
, 1.1587716341
, 1.1629605293
, 1.1675300598
, 1.1717188358
, 1.1759076118
, 1.1800963879
, 1.1846660376
, 1.1888548136
, 1.1930435896
