velocity=[0.0000000000
, 0.0000018562
, 0.0000126541
, 0.0000333308
, 0.0000648420
, 0.0001135501
, 0.0001814693
, 0.0002740521
, 0.0003925268
, 0.0005416882
, 0.0007220769
, 0.0009378099
, 0.0011888002
, 0.0014785574
, 0.0018064623
, 0.0021755528
, 0.0025847522
, 0.0030385288
, 0.0035406696
, 0.0040893555
, 0.0046893614
, 0.0053437930
, 0.0060494975
, 0.0068090451
, 0.0076264017
, 0.0085049970
, 0.0094458619
, 0.0104442285
, 0.0115011577
, 0.0126192169
, 0.0138005614
, 0.0150469299
, 0.0163596887
, 0.0177398324
, 0.0191877782
, 0.0207033847
, 0.0222879462
, 0.0239416454
, 0.0256640911
, 0.0274546798
, 0.0293125995
, 0.0312388055
, 0.0332394205
, 0.0353141576
, 0.0374606885
, 0.0396766216
, 0.0419614092
, 0.0443198271
, 0.0467503406
, 0.0492513180
, 0.0518261231
, 0.0544717535
, 0.0571870506
, 0.0599753894
, 0.0628355294
, 0.0657697544
, 0.0687742606
, 0.0718453825
, 0.0749850348
, 0.0781909749
, 0.0814664513
, 0.0848140642
, 0.0882303640
, 0.0917156264
, 0.0952661186
, 0.0988836437
, 0.1025692075
, 0.1063181832
, 0.1101317927
, 0.1140126139
, 0.1179608554
, 0.1219708547
, 0.1260427833
, 0.1301783919
, 0.1343788654
, 0.1386431605
, 0.1429644227
, 0.1473418176
, 0.1517761648
, 0.1562679261
, 0.1608132124
, 0.1653978676
, 0.1700217128
, 0.1746862382
, 0.1793919057
, 0.1841388792
, 0.1889271885
, 0.1937585920
, 0.1986397952
, 0.2035709769
, 0.2085502148
, 0.2135754824
, 0.2186465412
, 0.2237683982
, 0.2289397269
, 0.2341591716
, 0.2394306660
, 0.2447518855
, 0.2501204312
, 0.2555395663
, 0.2610062957
, 0.2665176988
, 0.2720762789
, 0.2776803374
, 0.2833317220
, 0.2890281081
, 0.2947708368
, 0.3005570769
, 0.3063896000
, 0.3122704923
, 0.3181958795
, 0.3241675198
, 0.3301866055
, 0.3362483680
, 0.3423537016
, 0.3485032618
, 0.3546918035
, 0.3609198034
, 0.3671891689
, 0.3735013902
, 0.3798555732
, 0.3862451315
, 0.3926693499
, 0.3991291225
, 0.4056249559
, 0.4121570587
, 0.4187253118
, 0.4253292978
, 0.4319683611
, 0.4386414886
, 0.4453470409
, 0.4520836473
, 0.4588499367
, 0.4656463265
, 0.4724783599
, 0.4793450832
, 0.4862435758
, 0.4931710958
, 0.5001266599
, 0.5071146488
, 0.5141328573
, 0.5211792588
, 0.5282575488
, 0.5353651643
, 0.5424977541
, 0.5496525764
, 0.5568322539
, 0.5640354156
, 0.5712642670
, 0.5785167813
, 0.5857945085
, 0.5930948853
, 0.6004189849
, 0.6077638268
, 0.6151300669
, 0.6225143671
, 0.6299172044
, 0.6373350620
, 0.6447699666
, 0.6522234678
, 0.6596911550
, 0.6671742797
, 0.6746736169
, 0.6821842194
, 0.6897069812
, 0.6972442269
, 0.7047977448
, 0.7123689651
, 0.7199569941
, 0.7275551558
, 0.7351626754
, 0.7427807450
, 0.7504100204
, 0.7580507994
, 0.7657030821
, 0.7733666897
, 0.7810412049
, 0.7887258530
, 0.7964202166
, 0.8041251302
, 0.8118363619
, 0.8195518255
, 0.8272719979
, 0.8350027800
, 0.8427435756
, 0.8504917622
, 0.8582448363
, 0.8660020232
, 0.8737680316
, 0.8815411329
, 0.8893197179
, 0.8971075416
, 0.9049021006
, 0.9127009511
, 0.9205062389
, 0.9283167124
, 0.9361350536
, 0.9439598322
, 0.9517930150
, 0.9596323371
, 0.9674792290
, 0.9753311872
, 0.9831894040
, 0.9910509586
, 0.9989165068
, 1.0067827702
, 1.0146523714
, 1.0225272179
, 1.0304032564
, 1.0382821560
, 1.0461668968
, 1.0540581942
, 1.0619510412
, 1.0698461533
, 1.0777459145
, 1.0856524706
, 1.0935648680
, 1.1014771461
, 1.1093889475
, 1.1173014641
, 1.1252156496
, 1.1331318617
, 1.1410505772
, 1.1489716768
, 1.1568950415
, 1.1648199558
, 1.1727459431
, 1.1806757450
, 1.1886153221
, 1.1965640783
, 1.2045198679
, 1.2124803066
, 1.2204447985
, 1.2284182310
, 1.2363991737
, 1.2443842888
, 1.2523721457
, 1.2603666782
, 1.2683656216
, 1.2763668299
, 1.2843734026
, 1.2923841476
, 1.3004018068
, 1.3084242344
, 1.3164461851
, 1.3244694471
, 1.3324923515
, 1.3405165672
, 1.3485397100
, 1.3565633297
, 1.3645845652
, 1.3726065159
, 1.3806316853
, 1.3886563778
, 1.3966827393
, 1.4047122002
, 1.4127404690
, 1.4207687378
, 1.4287985563
, 1.4368302822
, 1.4448589087
, 1.4528853893
, 1.4609121084
, 1.4689403772
, 1.4769716263
, 1.4850065708
, 1.4930438995
, 1.5010770559
, 1.5091050863
, 1.5171290636
, 1.5251494646
, 1.5331670046
, 1.5411819220
, 1.5491939783
, 1.5572022200
, 1.5652064085
, 1.5732070208
, 1.5812102556
, 1.5892159939
, 1.5972220898
, 1.6052262783
, 1.6132280827
, 1.6212323904
, 1.6292378902
, 1.6372414827
, 1.6452418566
, 1.6532430649
, 1.6612430811
, 1.6692398787
, 1.6772366762
, 1.6852306128
, 1.6932199001
, 1.7012082338
, 1.7091945410
, 1.7171809673
, 1.7251656055
, 1.7331501245
, 1.7411321402
, 1.7491148710
, 1.7571008205
, 1.7650866508
, 1.7730727196
, 1.7810554504
, 1.7890368700
, 1.7970186472
, 1.8049963713
, 1.8129712343
, 1.8209463358
, 1.8289242983
, 1.8369052410
, 1.8448834419
, 1.8528592587
, 1.8608343601
, 1.8688100576
, 1.8767873049
, 1.8847669363
, 1.8927493095
, 1.9007345438
, 1.9087225199
, 1.9167127609
, 1.9247047901
, 1.9326975346
, 1.9406888485
, 1.9486771822
, 1.9566619396
, 1.9646420479
, 1.9726181030
, 1.9805954695
, 1.9885736704
, 1.9965502024
, 2.0045225620
, 2.0124902725
, 2.0204579830
, 2.0284247398
, 2.0363869667
, 2.0443439484
, 2.0522999763
, 2.0602529049
, 2.0682001114
, 2.0761454105
, 2.0840876102
, 2.0920295715
, 2.0999696255
, 2.1079096794
, 2.1158475876
, 2.1237850189
, 2.1317195892
, 2.1396524906
, 2.1475808620
, 2.1555073261
, 2.1634342670
, 2.1713578701
, 2.1792800426
, 2.1872041225
, 2.1951305866
, 2.2030551434
, 2.2109787464
, 2.2189018726
, 2.2268192768
, 2.2347316742
, 2.2426412106
, 2.2505495548
, 2.2584581375
, 2.2663676739
, 2.2742791176
, 2.2821927071
, 2.2901065350
, 2.2980134487
, 2.3059120178
, 2.3138043880
, 2.3216977119
, 2.3295929432
, 2.3374888897
, 2.3453843594
, 2.3532779217
, 2.3611681461
, 2.3690533638
, 2.3769338131
, 2.3848149776
, 2.3926959038
, 2.4005737305
, 2.4084477425
, 2.4163224697
, 2.4241960049
, 2.4320664406
, 2.4399373531
, 2.4478061199
, 2.4556703568
, 2.4635334015
, 2.4713928699
, 2.4792459011
, 2.4870953560
, 2.4949395657
, 2.5027806759
, 2.5106165409
, 2.5184509754
, 2.5262870789
, 2.5341217518
, 2.5419554710
, 2.5497851372
, 2.5576131344
, 2.5654428005
, 2.5732738972
, 2.5811011791
, 2.5889265537
, 2.5967512131
, 2.6045706272
, 2.6123852730
, 2.6201975346
, 2.6280095577
, 2.6358230114
, 2.6436393261
, 2.6514573097
, 2.6592707634
, 2.6670789719
, 2.6748836040
, 2.6826860905
, 2.6904869080
, 2.6982846260
, 2.7060782909
, 2.7138702869
, 2.7216606140
, 2.7294485569
, 2.7372345924
, 2.7450249195
, 2.7528190613
, 2.7606148720
, 2.7684102058
, 2.7762043476
, 2.7840023041
, 2.7918026447
, 2.7996017933
, 2.8073985577
, 2.8151965141
, 2.8229939938
, 2.8307926655
, 2.8385925293
, 2.8463916779
, 2.8541929722
, 2.8619949818
, 2.8697996140
, 2.8776049614
, 2.8854122162
, 2.8932192326
, 2.9010274410
, 2.9088342190
, 2.9166407585
, 2.9244434834
, 2.9322454929
, 2.9400484562
, 2.9478471279
, 2.9556417465
, 2.9634377956
, 2.9712319374
, 2.9790253639
, 2.9868204594
, 2.9946177006
, 3.0024116039
, 3.0102024078
, 3.0179920197
, 3.0257821083
, 3.0335736275
, 3.0413672924
, 3.0491638184
, 3.0569632053
, 3.0647652149
, 3.0725679398
, 3.0803699493
, 3.0881712437
, 3.0959718227
, 3.1037709713
, 3.1115670204
, 3.1193590164
, 3.1271457672
, 3.1349277496
, 3.1427111626
, 3.1504955292
, 3.1582784653
, 3.1660580635
, 3.1738324165
, 3.1816017628
, 3.1893706322
, 3.1971371174
, 3.2049028873
, 3.2126693726
, 3.2204353809
, 3.2282037735
, 3.2359716892
, 3.2437357903
, 3.2514991760
, 3.2592599392
, 3.2670204639
, 3.2747786045
, 3.2825357914
, 3.2902896404
, 3.2980415821
, 3.3057887554
, 3.3135337830
, 3.3212792873
, 3.3290245533
, 3.3367688656
, 3.3445129395
, 3.3522527218
, 3.3599896431
, 3.3677268028
, 3.3754646778
, 3.3831980228
, 3.3909275532
, 3.3986554146
, 3.4063832760
, 3.4141125679
, 3.4218423367
, 3.4295659065
, 3.4372844696
, 3.4450044632
, 3.4527237415
, 3.4604380131
, 3.4681468010
, 3.4758501053
, 3.4835495949
, 3.4912524223
, 3.4989590645
, 3.5066678524
, 3.5143768787
, 3.5220844746
, 3.5297906399
, 3.5375001431
, 3.5452125072
, 3.5529248714
, 3.5606360435
, 3.5683484077
, 3.5760588646
