time=[0.0000000000
, 0.9991999865
, 1.9974999428
, 3.1157999039
, 3.9983999729
, 4.9984002113
, 5.9974999428
, 6.9974999428
, 8.0000000000
, 8.9983997345
, 9.9991998672
, 10.9975004196
, 11.9983997345
, 12.9975004196
, 13.9983997345
, 14.9983997345
, 15.9975004196
, 16.9992008209
, 17.9974994659
, 19.1116008759
, 20.0000000000
, 21.1485004425
, 21.9974994659
, 22.9974994659
, 23.9967002869
, 24.9967002869
, 25.9967002869
, 26.9967002869
, 27.9967002869
, 28.9967002869
, 29.9974994659
, 30.9974994659
, 31.9974994659
, 32.9967002869
, 33.9967002869
, 35.1108016968
, 35.9975013733
, 37.1442985535
, 37.9967002869
, 38.9967002869
, 39.9984016418
, 40.9984016418
, 41.9975013733
, 42.9967002869
, 43.9967002869
, 44.9967002869
, 46.0017013550
, 46.9967002869
, 47.9967002869
, 49.0009002686
, 49.9975013733
, 51.1133003235
, 52.0159988403
, 53.0234985352
, 54.0209999084
, 55.0234985352
, 56.0218009949
, 57.0143013000
, 58.0185012817
, 59.0125999451
, 60.0218009949
, 61.0234985352
, 62.0167999268
, 63.0218009949
, 64.0150985718
, 65.0000000000
, 65.9966964722
, 67.1619033813
, 68.0066986084
, 69.1501998901
, 69.9991989136
, 71.0042037964
, 72.0009002686
, 73.0613021851
, 73.9966964722
, 74.9966964722
, 75.9966964722
, 77.0034027100
, 77.9966964722
, 78.9966964722
, 79.9974975586
, 80.9974975586
, 81.9974975586
, 83.1333999634
, 83.9974975586
, 85.1452026367
, 85.9966964722
, 86.9966964722
, 87.9966964722
, 88.9966964722
, 89.9983978271
, 90.9974975586
, 91.9974975586
, 92.9966964722
, 93.9966964722
, 94.9966964722
, 95.9966964722
, 96.9966964722
, 97.9974975586
, 99.1904983521
, 100.0000000000
, 101.1460037231
, 101.9974975586
, 102.9966964722
, 103.9966964722
, 104.9966964722
, 105.9966964722
, 106.9991989136
, 107.9974975586
, 109.0026016235
, 110.0009002686
, 110.9974975586
, 111.9974975586
, 112.9983978271
, 113.9966964722
, 115.1744995117
, 116.0177001953
, 117.0234985352
, 118.0217971802
, 119.0234985352
, 120.1427001953
, 121.0193023682
, 122.0202026367
, 123.0177001953
, 124.0217971802
, 125.0202026367
, 126.0243988037
, 127.0234985352
, 128.0167999268
, 129.0000000000
, 129.9967041016
, 131.2592926025
, 132.0000000000
, 133.0016937256
, 134.0218048096
, 134.9974975586
, 135.9974975586
, 136.9974975586
, 137.9967041016
, 138.9974975586
, 139.9974975586
, 140.9974975586
, 141.9974975586
, 142.9974975586
, 143.9974975586
, 144.9974975586
, 145.9974975586
, 147.2198028564
, 147.9983978271
, 148.9992065430
, 149.9983978271
, 151.0009002686
, 151.9983978271
, 152.9974975586
, 153.9974975586
, 154.9974975586
, 155.9974975586
, 156.9974975586
, 157.9974975586
, 158.9974975586
, 159.9983978271
, 160.9983978271
, 161.9974975586
, 163.2214965820
, 163.9992065430
, 164.9992065430
, 165.9974975586
, 166.9974975586
, 167.9974975586
, 168.9974975586
, 169.9983978271
, 170.9974975586
, 171.9983978271
, 172.9967041016
, 173.9967041016
, 174.9974975586
, 175.9983978271
, 176.9967041016
, 177.9967041016
, 179.2214965820
, 180.0437011719
, 181.0227050781
, 182.0252075195
, 183.0252075195
, 184.0260009766
, 185.0209960938
, 186.0202026367
, 187.0160064697
, 188.1905059814
, 189.0101013184
, 190.0260009766
, 191.0285949707
, 192.0167999268
, 193.0041961670
, 193.9967041016
, 195.3448028564
, 196.0252075195
, 196.9983978271
, 197.9967041016
, 198.9974975586
, 199.9974975586
, 200.9974975586
, 201.9967041016
, 202.9967041016
, 203.9967041016
, 205.0034027100
, 205.9974975586
, 206.9967041016
, 207.9983978271
, 208.9967041016
, 209.9967041016
, 211.2677001953
, 212.0361022949
, 212.9983978271
, 213.9967041016
, 214.9967041016
, 215.9967041016
, 216.9967041016
, 217.9967041016
, 218.9967041016
, 219.9967041016
, 220.9974975586
, 221.9967041016
, 222.9967041016
, 223.9967041016
, 224.9967041016
, 225.9967041016
, 227.2810974121
, 228.0494995117
, 228.9983978271
, 229.9967041016
, 230.9974975586
, 231.9967041016
, 232.9967041016
, 233.9967041016
, 234.9974975586
, 235.9967041016
, 236.9967041016
, 237.9967041016
, 238.9967041016
, 239.9967041016
, 240.9967041016
, 241.9967041016
, 243.3054046631
, 244.0973052979
, 245.0234985352
, 246.0234985352
, 247.0252075195
, 248.0234985352
, 249.0202026367
, 250.0209960938
, 251.0160064697
, 252.0227050781
, 253.0092926025
, 254.0234985352
, 255.0234985352
, 256.0168151855
, 257.0050964355
, 257.9992065430
, 259.3129882813
, 260.0729980469
, 261.1393127441
, 262.0462036133
, 262.9967041016
, 263.9967041016
, 264.9967041016
, 265.9967041016
, 266.9967041016
, 267.9974975586
, 268.9974975586
, 269.9974975586
, 270.9974975586
, 271.9974975586
, 272.9984130859
, 273.9967041016
, 275.3163146973
, 276.0881042480
, 277.1477050781
, 277.9967041016
, 278.9967041016
, 280.0000000000
, 281.0050964355
, 281.9974975586
, 282.9974975586
, 283.9974975586
, 284.9974975586
, 285.9974975586
, 286.9967041016
, 287.9974975586
, 288.9974975586
, 289.9984130859
, 291.3305969238
, 292.1040954590
, 293.1552124023
, 293.9974975586
, 294.9974975586
, 295.9967041016
, 296.9984130859
, 297.9974975586
, 298.9974975586
, 299.9984130859
, 300.9984130859
, 301.9984130859
, 303.0025939941
, 303.9974975586
, 304.9984130859
, 305.9992065430
, 307.3305969238
, 308.1158142090
, 309.1543884277
, 309.9992065430
, 310.9984130859
, 311.9984130859
, 312.9974975586
, 313.9974975586
, 314.9984130859
, 315.9984130859
, 316.9974975586
, 317.9974975586
, 318.9984130859
, 319.9984130859
, 320.9992065430
, 322.0042114258
, 323.3088073730
, 324.2391052246
, 325.0268859863
, 326.0234985352
, 327.0285949707
, 328.0244140625
, 329.0244140625
, 330.0234985352
, 331.0177001953
, 332.0209960938
, 333.0151062012
, 334.0234985352
, 335.0260009766
, 336.0168151855
, 337.0177001953
, 338.0159912109
, 339.4078063965
, 340.1593933105
, 341.0168151855
, 342.0143127441
, 343.0134887695
, 344.0108947754
, 344.9974975586
, 345.9974975586
, 347.0108947754
, 347.9974975586
, 348.9974975586
, 350.0025939941
, 351.0093078613
, 351.9992065430
, 352.9974975586
, 353.9974975586
, 355.0093078613
, 356.0008850098
, 357.0000000000
, 357.9974975586
, 359.0058898926
, 360.0017089844
, 360.9974975586
, 362.0101013184
, 363.0042114258
, 363.9984130859
, 364.9967041016
, 365.9967041016
, 366.9967041016
, 367.9967041016
, 368.9967041016
, 369.9967041016
, 370.9967041016
, 372.0058898926
, 372.9992065430
, 373.9967041016
, 374.9967041016
, 375.9967041016
, 376.9967041016
, 377.9967041016
, 378.9967041016
, 379.9967041016
, 380.9974975586
, 381.9974975586
, 382.9967041016
, 383.9967041016
, 384.9967041016
, 385.9967041016
, 386.9967041016
, 388.0217895508
, 389.0260009766
, 390.0217895508
, 391.0268859863
, 392.0268859863
, 393.0209960938
, 394.0202026367
, 395.0184936523
, 396.0217895508
, 397.0184936523
, 398.0268859863
, 399.0244140625
, 400.0159912109
, 401.0058898926
, 401.9974975586
, 402.9967041016
, 404.0058898926
, 405.0033874512
, 405.9967041016
, 406.9967041016
, 407.9967041016
, 408.9984130859
, 409.9967041016
, 410.9967041016
, 411.9974975586
, 412.9967041016
, 413.9967041016
, 414.9967041016
, 415.9967041016
, 416.9967041016
, 417.9974975586
, 418.9967041016
, 420.0067138672
, 421.0000000000
, 421.9974975586
, 422.9967041016
, 423.9967041016
, 424.9967041016
, 425.9967041016
, 426.9967041016
, 427.9967041016
, 428.9967041016
, 429.9967041016
, 430.9967041016
, 431.9974975586
, 432.9967041016
, 433.9967041016
, 434.9967041016
, 436.0067138672
, 437.0008850098
, 437.9967041016
, 438.9974975586
, 439.9967041016
, 440.9974975586
, 441.9984130859
, 442.9967041016
, 443.9967041016
, 444.9974975586
, 445.9967041016
, 446.9967041016
, 447.9974975586
, 448.9974975586
, 449.9974975586
, 450.9974975586
, 452.0227050781
, 453.0252075195
, 454.0234985352
, 455.0277099609
, 456.0209960938
, 457.0252075195
, 458.0234985352
, 459.0151062012
, 460.0184936523
, 461.0126037598
, 462.0260009766
, 463.0234985352
, 464.0151062012
, 465.0067138672
, 465.9974975586
, 466.9967041016
, 468.0075988770
, 469.0000000000
, 469.9984130859
, 470.9992065430
, 471.9984130859
, 472.9974975586
, 473.9974975586
, 474.9967041016
