velocity=[0.0000000000
, 0.3811040521
, 0.0000000000
, 0.0000000000
, 0.0000000000
, 0.0000000000
, 0.0000000000
, 0.3807991743
, 0.0000000000
, 0.0000000000
, 0.0000000000
, 0.0000000000
, 0.3804568052
, 0.0000000000
, 0.0000000000
, 0.0000000000
, 0.3811419308
, 0.0000000000
, 0.3814479113
, 0.0000000000
, 0.4286352396
, 0.3315620720
, 0.0000000000
, 0.3807991743
, 0.3811037540
, 0.3807991743
, 0.0000000000
, 0.3807991743
, 0.3807986975
, 0.7615983486
, 0.3804955482
, 0.3807982504
, 0.3807991743
, 0.7622075081
, 0.3807991743
, 0.6835987568
, 0.4294567704
, 0.6641089916
, 0.4467367530
, 0.7615983486
, 0.7603038549
, 0.3807991743
, 0.7622846365
, 0.7622089386
, 0.3808000982
, 0.7615965009
, 0.7578085065
, 0.7654262781
, 0.7615983486
, 0.3792065084
, 0.7641957402
, 0.6825587749
, 0.8436906934
, 0.3779645562
, 0.7635060549
, 0.7597001195
, 0.3814466894
, 0.7673532367
, 0.3792065084
, 0.3830597401
, 0.7546547055
, 0.3801538348
, 0.3833672106
, 0.3789024055
, 0.3833686709
, 0.3866368532
, 0.3820613325
, 0.3268082142
, 0.0000000000
, 0.3330115974
, 0.0000000000
, 0.0000000000
, 0.0000000000
, 0.0000000000
, 0.0000000000
, 0.0000000000
, 0.0000000000
, 0.0000000000
, 0.0000000000
, -0.3807991743
, 0.0000000000
, -0.3807991743
, -0.3807991743
, 0.0000000000
, -0.4406900108
, -0.3317918479
, -0.4472108781
, 0.0000000000
, -0.3807991743
, -0.3807991743
, -0.3801524043
, -0.3811423182
, -0.7615983486
, -0.3811044693
, -0.3807991743
, -0.3807991743
, -0.3807991743
, -0.3807991743
, -0.3804943562
, -0.6383888125
, -0.4704118669
, -0.3322844207
, -0.4472130835
, -0.3811044693
, -0.3807991743
, -0.3807991743
, -0.3807991743
, -0.3798486292
, 0.0000000000
, -0.3788654208
, -0.3814481497
, -0.3820993602
, 0.0000000000
, -0.3804566562
, 0.0000000000
, 0.0000000000
, 0.0000000000
, -0.3786039054
, 0.0000000000
, 0.0000000000
, 0.3402417898
, 0.0000000000
, 0.0000000000
, 0.0000000000
, 0.3792454004
, 0.0000000000
, 0.3792079687
, 0.0000000000
, 0.3833672106
, 0.3873058856
, 0.3820584118
, 0.3016019762
, 0.0000000000
, 0.3801552951
, 0.3732918799
, 0.3902859390
, 0.7615983486
, 0.3807991743
, 0.3811015487
, 0.3804972768
, 0.7615983486
, 0.3807991743
, 0.3807991743
, 0.7615983486
, 0.3807991743
, 0.3807991743
, 0.7615983486
, 0.6230835915
, 0.4890826643
, 0.3804914653
, 0.7622147799
, 0.3798486292
, 0.3817544878
, 0.7622846365
, 0.3807991743
, 0.3807991743
, 0.3807991743
, 0.7616001964
, 0.3807991743
, 0.3807991743
, 0.3804529309
, 0.3807991743
, 0.0000000000
, 0.3111106753
, 0.4896416366
, 0.0000000000
, 0.3814510703
, 0.0000000000
, 0.0000000000
, 0.0000000000
, 0.3804566562
, 0.0000000000
, -0.3804566562
, 0.0000000000
, 0.0000000000
, 0.0000000000
, -0.3804566562
, 0.0000000000
, -0.3807991743
, -0.3109091520
, 0.0000000000
, -0.3889659345
, -0.3798449039
, -0.3807991743
, 0.0000000000
, -0.3827146292
, -0.3811015487
, -0.7648094893
, -0.3242225051
, -0.4646185338
, -0.3748393655
, -0.3798139393
, -0.7706886530
, -0.3856599331
, -0.3836736679
, -0.5649411678
, -0.5596657395
, -0.3912895322
, -0.3814452291
, -0.7609945536
, -0.3807991743
, -0.3807991743
, -0.7622030973
, -0.3807991743
, -0.3807991743
, -0.3782653213
, -0.7661224008
, -0.3811015487
, -0.3801552951
, -0.3814452291
, -0.3807991743
, -0.2996068895
, 0.0000000000
, -0.3957195580
, 0.0000000000
, -0.3807991743
, 0.0000000000
, -0.3807991743
, 0.0000000000
, 0.0000000000
, 0.0000000000
, 0.0000000000
, 0.0000000000
, 0.0000000000
, 0.3807991743
, 0.0000000000
, 0.0000000000
, 0.2964817584
, 0.4955728054
, 0.0000000000
, 0.3814452291
, 0.3804972768
, 0.0000000000
, 0.3807991743
, 0.3807991743
, 0.3804972768
, 0.3811015487
, 0.3807991743
, 0.3807991743
, 0.7615983486
, 0.3807991743
, 0.3807991743
, 0.3807991743
, 0.5819500685
, 0.4808673561
, 0.4111444056
, 0.7615983486
, 0.3801476359
, 0.3814510703
, 0.7641168237
, 0.3804972768
, 0.3827087581
, 0.7565306425
, 0.3859760761
, 0.3754653335
, 0.3807991743
, 0.3833631873
, 0.3853145838
, 0.3830553293
, 0.2898496389
, 0.5010402203
, 0.3571170568
, 0.4198952615
, 0.0000000000
, 0.3807991743
, 0.0000000000
, 0.0000000000
, 0.3807991743
, 0.0000000000
, 0.0000000000
, 0.0000000000
, 0.0000000000
, 0.0000000000
, -0.3804508746
, 0.0000000000
, -0.2885693610
, 0.0000000000
, -0.3593798280
, 0.0000000000
, -0.3807991743
, -0.3795444965
, 0.0000000000
, -0.3837149739
, -0.3807991743
, -0.3807991743
, -0.3808010221
, -0.3807991743
, -0.7622030973
, -0.3804972768
, -0.3807991743
, -0.3804508746
, -0.5716916323
, -0.4923075438
, -0.7245592475
, -0.4521024525
, -0.3807991743
, -0.7622030973
, -0.3801495135
, -0.3811481297
, -0.7615983486
, -0.3804508746
, -0.7615983486
, -0.3807991743
, -0.7584274411
, -0.3827498257
, -0.3804508746
, -0.3804972768
, -0.5720323324
, -0.4849602580
, -0.3666557074
, -0.4507469237
, -0.3811015487
, -0.3807991743
, 0.0000000000
, -0.3807991743
, -0.3804508746
, 0.0000000000
, 0.0000000000
, -0.3807991743
, 0.0000000000
, 0.0000000000
, 0.0000000000
, 0.0000000000
, 0.0000000000
, 0.0000000000
, 0.0000000000
, 0.3820934892
, 0.0000000000
, 0.3823979497
, 0.0000000000
, 0.3811481297
, 0.3830200434
, 0.0000000000
, 0.3830553293
, 0.3776299655
, 0.3798486292
, 0.3843295574
, 0.3804624677
, 0.3814510703
, 0.5471978784
, 0.5066602230
, 0.4441211224
, 0.3817544878
, 0.3811132014
, 0.3817895353
, 0.7719401717
, 0.3807991743
, 0.3757649660
, 0.7719401717
, 0.3807991743
, 0.3788682818
, 0.7565191984
, 0.3846831322
, 0.3814510703
, 0.3807991743
, 0.7527086139
, 0.0000000000
, 0.3811364770
, 0.3817544878
, 0.3776299655
, 0.3823979497
, 0.3824096620
, 0.0000000000
, 0.3830553293
, 0.3830219209
, 0.0000000000
, 0.0000000000
, 0.3807991743
, 0.0000000000
, 0.0000000000
, 0.0000000000
, 0.0000000000
, -0.3773330748
, 0.0000000000
, 0.0000000000
, -0.3808010221
, 0.0000000000
, -0.3807991743
, 0.0000000000
, -0.3807991743
, -0.3807991743
, -0.3804972768
, -0.3807991743
, 0.0000000000
, -0.3807991743
, -0.3807991743
, -0.7615983486
, -0.3807991743
, -0.3714786172
, -0.3792021871
, -0.7648193240
, -0.3788682818
, -0.3807991743
, -0.7661106586
, -0.3811015487
, -0.7629021406
, -0.3795482218
, -0.3820584118
, -0.7552599311
, -0.3817428052
, -0.7680676579
, -0.3846850097
, -0.3840220273
, -0.7622030973
, -0.3773330748
, -0.3817544878
, -0.7667226195
, -0.3807991743
, -0.3807991743
, -0.3801476359
, -0.3814510703
, -0.3808000982
, -0.3804972768
, 0.0000000000
, -0.3807991743
, -0.3807991743
, 0.0000000000
, -0.3807991743
, 0.0000000000
, 0.0000000000
, 0.0000000000
, 0.0000000000
, 0.0000000000
, 0.0000000000
, 0.0000000000
, 0.0000000000
, 0.3807991743
, 0.0000000000
, 0.3807991743
, 0.0000000000
, 0.3807991743
, 0.3807991743
, 0.0000000000
, 0.3811025023
, 0.3807991743
, 0.3807973266
, 0.3770252466
, 0.3830318153
, 0.3823979497
, 0.3804972768
, 0.7622030973
, 0.3804972768
, 0.3804508746
, 0.3814510703
, 0.7615983486
, 0.3804972768
, 0.3811015487
, 0.7615983486
, 0.3804972768
, 0.3807991743
, 0.7615983486
, 0.3807991743
, 0.3714361787
, 0.3798486292
, 0.7629021406
, 0.3792021871
, 0.3833730817
, 0.3792021871
, 0.3814491928
, 0.3840220273
, 0.3795135915
, 0.0000000000
, 0.3757649660
, 0.3817544878
, 0.0000000000
, 0.3840220273
, 0.0000000000
, 0.0000000000
, 0.0000000000
, 0.0000000000
, 0.0000000000
, 0.0000000000
, 0.0000000000
, 0.0000000000
, -0.3807991743
, 0.0000000000
, 0.0000000000
, -0.3807991743
, -0.3807991743
, 0.0000000000
, -0.3804972768
, -0.3811015487
, -0.3804953992
, -0.3811015487
, -0.3766951561
, -0.3347379565
, -0.4472090602
, -0.3807991743
, -0.3807991743
, -0.3807991743
, -0.7602990270
, -0.3811481297
, -0.3807991743
, -0.7615983486
, -0.3811015487
, -0.3807991743
, -0.7615983486
, -0.3807991743
, -0.7615983486
, -0.3807991743
, -0.7527994514
, -0.3352415860
, -0.4463132918
, -0.7622030973
, -0.3807973266
, -0.3807991743
, -0.3808000982
, -0.3782710433
, -0.7647958994
, -0.3814510703
, -0.3807991743
, 0.0000000000
, -0.3807982504
, -0.3811015487
, -0.3795482218
, 0.0000000000
, -0.3717681766
, 0.0000000000
, 0.0000000000
, -0.3817544878
