torque=[-0.2179999948
, -0.1803557873
, -0.1428935677
, -0.1012859941
, -0.0688444898
, -0.0326471627
, 0.0027870976
, 0.0373822935
, 0.0710522011
, 0.1034451351
, 0.1346467435
, 0.1643817872
, 0.1926842779
, 0.2193166614
, 0.2442694902
, 0.2673747241
, 0.2885462642
, 0.3077695072
, 0.3248560727
, 0.3414009511
, 0.3526339233
, 0.3645168245
, 0.3713546693
, 0.3772569895
, 0.3808082044
, 0.3819999993
, 0.3808238208
, 0.3772844076
, 0.3713956475
, 0.3631808162
, 0.3526630402
, 0.3399005830
, 0.3249363601
, 0.3078439236
, 0.2886633873
, 0.2649432123
, 0.2443679869
, 0.2156393677
, 0.1928189397
, 0.1645502299
, 0.1347198933
, 0.1035469547
, 0.0711347461
, 0.0375801250
, 0.0029903876
, -0.0324715003
, -0.0688481927
, -0.1054490209
, -0.1426766515
, -0.1803595573
, -0.2179058045
, -0.2599362135
, -0.2937982976
, -0.3312988579
, -0.3679805994
, -0.4042524993
, -0.4396386743
, -0.4739553034
, -0.5076631904
, -0.5398970246
, -0.5713357329
, -0.6011365652
, -0.6291897297
, -0.6559433937
, -0.6806705594
, -0.7034102082
, -0.7245300412
, -0.7466971874
, -0.7610037327
, -0.7779254913
, -0.7886245847
, -0.7991892695
, -0.8073787093
, -0.8135540485
, -0.8168082237
, -0.8179999590
, -0.8168238401
, -0.8132527471
, -0.8073956966
, -0.7991808653
, -0.7886630297
, -0.7759006023
, -0.7609363794
, -0.7413427830
, -0.7246472836
, -0.7001724839
, -0.6803873181
, -0.6554664373
, -0.6288190484
, -0.6005503535
, -0.5707200170
, -0.5395757556
, -0.5071348548
, -0.4735802710
, -0.4389905334
, -0.4035286307
, -0.3673345447
, -0.3305511177
, -0.2932935357
, -0.2485043406
, -0.2179999948
, -0.1748339981
, -0.1428936571
, -0.1056935489
, -0.0689066947
, -0.0327082537
, 0.0027589325
, 0.0374402478
, 0.0709695294
, 0.1035788804
, 0.1346986145
, 0.1643816978
, 0.1926594824
, 0.2193398327
, 0.2442285568
, 0.2712476850
, 0.2889539897
, 0.3082101941
, 0.3252455890
, 0.3401913941
, 0.3542733490
, 0.3633304238
, 0.3715145886
, 0.3773520887
, 0.3808670640
, 0.3819995224
, 0.3807575703
, 0.3771571517
, 0.3712533414
, 0.3631499112
, 0.3526722789
, 0.3361935616
, 0.3248962462
, 0.3077532351
, 0.2881558239
, 0.2674656510
, 0.2443680763
, 0.2194457501
, 0.1928188354
, 0.1645270735
, 0.1347474754
, 0.1035757288
, 0.0711348727
, 0.0375529341
, 0.0029624437
, -0.0325000845
, -0.0686946958
, -0.1137212738
, -0.1427401304
, -0.1802958399
, -0.2179396003
, -0.2557081878
, -0.2931400239
, -0.3303361237
, -0.3671225607
, -0.4033204615
, -0.4387870133
, -0.4733822048
, -0.5069695115
, -0.5394164324
, -0.5706222653
, -0.6004078388
, -0.6286594868
, -0.6610547304
, -0.6802888513
, -0.7033926249
, -0.7245461941
, -0.7437385321
, -0.7608560324
, -0.7758311629
, -0.7886152267
, -0.7991264462
, -0.8073610067
, -0.8132532239
, -0.8168082237
, -0.8180000186
, -0.8168198466
, -0.8132843971
, -0.8073956370
, -0.7970170975
, -0.7881226540
, -0.7755502462
, -0.7604909539
, -0.7433255315
, -0.7240708470
, -0.7029445171
, -0.6798220873
, -0.6549679041
, -0.6234635711
, -0.6001608968
, -0.5698776841
, -0.5385853648
, -0.5064970255
, -0.4733244181
, -0.4389902651
, -0.3910050988
, -0.3662933111
, -0.3304881155
, -0.2933232188
, -0.2557684779
, -0.2180943340
, -0.1804198474
, -0.1429233402
, -0.1056932658
, -0.0689064190
, -0.0324678086
, 0.0027870140
, 0.0373551436
, 0.0709992722
, 0.1033911631
, 0.1345706284
, 0.1721759886
, 0.1937193573
, 0.2193398327
, 0.2442287356
, 0.2673371434
, 0.2885301709
, 0.3077241480
, 0.3248433173
, 0.3398201466
, 0.3525955081
, 0.3631264269
, 0.3713490665
, 0.3772532344
, 0.3808082342
, 0.3819999993
, 0.3808238208
, 0.3758478761
, 0.3710198402
, 0.3631649017
, 0.3526722789
, 0.3399006128
, 0.3249491155
, 0.3078438640
, 0.2886633277
, 0.2674656510
, 0.2443871349
, 0.2194662243
, 0.1928188354
, 0.1645501256
, 0.1347716600
, 0.1036009789
, 0.0711610839
, 0.0270034689
, -0.0005400960
, -0.0334325209
, -0.0696442723
, -0.1065048203
, -0.1436790228
, -0.1810858399
, -0.2187915295
, -0.2562765181
, -0.2940490842
, -0.3307728767
, -0.3680718243
, -0.4042524993
, -0.4394640028
, -0.4736413956
, -0.5070260167
, -0.5493957996
, -0.5728937984
, -0.6044864058
, -0.6299962997
, -0.6552960873
, -0.6802287102
, -0.7033371329
, -0.7245301604
, -0.7437241673
, -0.7608560324
, -0.7758311629
, -0.7886047363
, -0.7991264462
, -0.8073546886
, -0.8132613301
, -0.8168082237
, -0.8178815246
, -0.8165982962
, -0.8125452995
, -0.8073956370
, -0.7991808057
, -0.7886338830
, -0.7757951617
, -0.7609363794
, -0.7438294291
, -0.7246472836
, -0.7034656405
, -0.6803680658
, -0.6554661989
, -0.6287970543
, -0.6005271077
, -0.5707195401
, -0.5289044380
, -0.5036071539
, -0.4681610465
, -0.4389624298
, -0.4034999311
, -0.3673342764
, -0.3304875493
, -0.2932935357
, -0.2557684779
, -0.2180598229
, -0.1803853959
, -0.1428594142
, -0.1054751500
, -0.0688774437
, -0.0326467007
, 0.0028469192
, 0.0486887023
, 0.0748705566
, 0.1083951220
, 0.1346469522
, 0.1644082963
, 0.1926846504
, 0.2193165869
, 0.2442478091
, 0.2673750222
, 0.2885646820
, 0.3077385426
, 0.3248560429
, 0.3398438692
, 0.3526154160
, 0.3631424606
, 0.3714020848
, 0.3786157668
, 0.3813144267
, 0.3819991350
, 0.3807597458
, 0.3771327436
, 0.3711991906
, 0.3629203141
, 0.3523595333
, 0.3396199048
, 0.3245587349
, 0.3075094223
, 0.2881215215
, 0.2668333948
, 0.2439036071
, 0.2189241201
, 0.1922885925
, 0.1524843276
, 0.1297921687
, 0.1029606611
, 0.0705792531
, 0.0370073654
, 0.0024927990
, -0.0325000845
, -0.0686946958
, -0.1059746891
, -0.1427064687
, -0.1802315414
, -0.2180977911
, -0.2560245097
, -0.2931702733
, -0.3303361237
, -0.3671225607
, -0.4037438929
, -0.4389057457
, -0.4734675884
, -0.5069695115
, -0.5396835208
, -0.5707232952
, -0.6003816724
, -0.6290057898
, -0.6554898620
, -0.6802698374
, -0.7033371329
, -0.7245301604
, -0.7437241673
, -0.7608433366
, -0.7758201361
, -0.7885954976
, -0.7991189957
, -0.8074139357
, -0.8132650852
, -0.8168082237
, -0.8179999590
, -0.8168238401
, -0.8132843971
, -0.8073956370
, -0.7991808057
, -0.7886722684
, -0.7759006023
, -0.7609363794
, -0.7438438535
, -0.7246633172
, -0.7034832239
, -0.6803871393
, -0.6554661989
, -0.6281290650
, -0.5996986032
, -0.5700062513
, -0.5386398435
, -0.5061635971
, -0.4727511406
, -0.4381664097
, -0.4027470052
, -0.3664181530
, -0.3297438622
, -0.2921942472
, -0.2547557056
, -0.2173971385
, -0.1801040918
, -0.1428936571
, -0.1056932658
, -0.0685710087
, -0.0324683525
, 0.0027591998
, 0.0373551436
, 0.0709433183
, 0.1034455597
, 0.1345706284
, 0.1643586457
, 0.1926594824
, 0.2192961127
, 0.2442287356
, 0.2673371434
, 0.2885301709
, 0.3077241480
, 0.3248560429
, 0.3398201466
, 0.3527120650
, 0.3631499112
, 0.3713546693
, 0.3772532344
, 0.3808082342
, 0.3819999993
, 0.3808238208
, 0.3772843778
, 0.3713956177
, 0.3631807864
, 0.3526722789
, 0.3399116099
, 0.3249363899
, 0.3078438640
, 0.2886633277
, 0.2674832344
, 0.2441465706
, 0.2193583399
, 0.1928188354
, 0.1645270735
, 0.1347716600
, 0.1035757288
, 0.0711046308
, 0.0375799946
, 0.0029902540
, -0.0325000845
, -0.0686657205
, -0.1054491624
, -0.1427064687
, -0.1802315414
, -0.2179056555
, -0.2555801570
, -0.2940490842
, -0.3313621283
, -0.3680718243
, -0.4044034183
, -0.4396104813
, -0.4743271172
, -0.5078281760
, -0.5399767756
, -0.5712349415
, -0.6008203626
, -0.6294422746
, -0.6559871435
, -0.6806707382
, -0.7035589218
, -0.7245461941
, -0.7437241673
, -0.7610181570
, -0.7758659124
, -0.7886154056
, -0.7991424799
, -0.8073611259
, -0.8132569790
, -0.8168101311
, -0.8179999590
, -0.8168219328
, -0.8132806420
, -0.8073900342
, -0.7991808057
, -0.7886630297
, -0.7759116292
, -0.7609363794
, -0.7438438535
, -0.7244431973
, -0.7001724839
, -0.6803871393
, -0.6554661989
, -0.6288188100
, -0.6005501151
, -0.5707195401
, -0.5395757556
, -0.5071348548
, -0.4735529423
, -0.4389902651
, -0.4035283625
, -0.3673342764
, -0.3305508494
, -0.2933232188
, -0.2557983100
, -0.2176836133
, -0.1748985499
, -0.1428936571
, -0.1056932658
, -0.0689064190
, -0.0327079780
, 0.0027591998
, 0.0375831202
, 0.0710259899
, 0.1034164205
, 0.1345948279
, 0.1643816978
