StateVariable_5=[0.0000000000
, 0.0376442112
, 0.0751064345
, 0.1167140007
, 0.1491555125
, 0.1853528321
, 0.2207870930
, 0.2553822994
, 0.2890522182
, 0.3214451373
, 0.3526467383
, 0.3823817968
, 0.4106842875
, 0.4373166561
, 0.4622694850
, 0.4853747487
, 0.5065462589
, 0.5257694721
, 0.5428560972
, 0.5594009757
, 0.5706338882
, 0.5825168490
, 0.5893546939
, 0.5952569842
, 0.5988082290
, 0.5999999642
, 0.5988238454
, 0.5952844024
, 0.5893956423
, 0.5811808109
, 0.5706630349
, 0.5579006076
, 0.5429363847
, 0.5258439183
, 0.5066633821
, 0.4829432070
, 0.4623679817
, 0.4336393774
, 0.4108189344
, 0.3825502396
, 0.3527199030
, 0.3215469420
, 0.2891347408
, 0.2555801272
, 0.2209903896
, 0.1855285019
, 0.1491518021
, 0.1125509813
, 0.0753233507
, 0.0376404375
, 0.0000941960
, -0.0419362150
, -0.0757982880
, -0.1132988483
, -0.1499806046
, -0.1862525046
, -0.2216386944
, -0.2559553087
, -0.2896632254
, -0.3218970299
, -0.3533357382
, -0.3831365407
, -0.4111897349
, -0.4379433692
, -0.4626705647
, -0.4854101837
, -0.5065299869
, -0.5286971927
, -0.5430036783
, -0.5599254966
, -0.5706245899
, -0.5811892748
, -0.5893787146
, -0.5955540538
, -0.5988082290
, -0.5999999642
, -0.5988238454
, -0.5952527523
, -0.5893957019
, -0.5811808705
, -0.5706630349
, -0.5579006076
, -0.5429363847
, -0.5233427882
, -0.5066472888
, -0.4821724892
, -0.4623873234
, -0.4374664128
, -0.4108190536
, -0.3825503588
, -0.3527200222
, -0.3215757310
, -0.2891348600
, -0.2555802464
, -0.2209905237
, -0.1855286360
, -0.1493345499
, -0.1125511229
, -0.0752935335
, -0.0305043366
, -0.0000000000
, 0.0431660004
, 0.0751063451
, 0.1123064533
, 0.1490933001
, 0.1852917522
, 0.2207589298
, 0.2554402351
, 0.2889695168
, 0.3215788901
, 0.3526985943
, 0.3823817074
, 0.4106594920
, 0.4373398125
, 0.4622285366
, 0.4892476797
, 0.5069540143
, 0.5262101889
, 0.5432456136
, 0.5581914186
, 0.5722733736
, 0.5813304186
, 0.5895146132
, 0.5953521132
, 0.5988670588
, 0.5999994874
, 0.5987575650
, 0.5951571465
, 0.5892533660
, 0.5811498761
, 0.5706722736
, 0.5541935563
, 0.5428962111
, 0.5257532597
, 0.5061557889
, 0.4854656458
, 0.4623680711
, 0.4374457598
, 0.4108188450
, 0.3825270832
, 0.3527474701
, 0.3215757310
, 0.2891348600
, 0.2555529475
, 0.2209624499
, 0.1854999214
, 0.1493053138
, 0.1042787284
, 0.0752598643
, 0.0377041660
, 0.0000604005
, -0.0377081856
, -0.0751400143
, -0.1123361215
, -0.1491225511
, -0.1853204668
, -0.2207870185
, -0.2553822100
, -0.2889695168
, -0.3214164078
, -0.3526222706
, -0.3824078441
, -0.4106594920
, -0.4430547655
, -0.4622888863
, -0.4853926003
, -0.5065461993
, -0.5257385373
, -0.5428560376
, -0.5578311682
, -0.5706152320
, -0.5811264515
, -0.5893610120
, -0.5952532291
, -0.5988082290
, -0.5999999642
, -0.5988198519
, -0.5952844024
, -0.5893956423
, -0.5790170431
, -0.5701226592
, -0.5575502515
, -0.5424909592
, -0.5253255367
, -0.5060708523
, -0.4849445224
, -0.4618220925
, -0.4369678795
, -0.4054635763
, -0.3821609020
, -0.3518776596
, -0.3205853701
, -0.2884970307
, -0.2553244233
, -0.2209902555
, -0.1730051041
, -0.1482933015
, -0.1124881208
, -0.0753232092
, -0.0377684645
, -0.0000943398
, 0.0375801586
, 0.0750766695
, 0.1123067364
, 0.1490935832
, 0.1855321974
, 0.2207870185
, 0.2553551495
, 0.2889992595
, 0.3213911653
, 0.3525706232
, 0.3901759982
, 0.4117193520
, 0.4373398125
, 0.4622287452
, 0.4853371382
, 0.5065301657
, 0.5257241130
, 0.5428433418
, 0.5578201413
, 0.5705955029
, 0.5811264515
, 0.5893490314
, 0.5952532291
, 0.5988082290
, 0.5999999642
, 0.5988238454
, 0.5938478708
, 0.5890198350
, 0.5811648965
, 0.5706722736
, 0.5579006076
, 0.5429491401
, 0.5258438587
, 0.5066633224
, 0.4854656458
, 0.4623871446
, 0.4374662340
, 0.4108188450
, 0.3825501204
, 0.3527716696
, 0.3216009736
, 0.2891610861
, 0.2450034618
, 0.2174599022
, 0.1845674813
, 0.1483557224
, 0.1114951819
, 0.0743209720
, 0.0369141623
, -0.0007915339
, -0.0382765308
, -0.0760490745
, -0.1127728894
, -0.1500718147
, -0.1862525046
, -0.2214640081
, -0.2556414008
, -0.2890259922
, -0.3313958049
, -0.3548938036
, -0.3864864111
, -0.4119962752
, -0.4372961223
, -0.4622287452
, -0.4853371382
, -0.5065301657
, -0.5257241130
, -0.5428560376
, -0.5578311682
, -0.5706047416
, -0.5811264515
, -0.5893546939
, -0.5952613354
, -0.5988082290
, -0.5998815298
, -0.5985983014
, -0.5945453048
, -0.5893956423
, -0.5811808109
, -0.5706338882
, -0.5577951074
, -0.5429363847
, -0.5258294344
, -0.5066472888
, -0.4854656458
, -0.4623680711
, -0.4374662340
, -0.4107970297
, -0.3825270832
, -0.3527195454
, -0.3109044433
, -0.2856071591
, -0.2501610219
, -0.2209624499
, -0.1854999214
, -0.1493342817
, -0.1124875546
, -0.0752935335
, -0.0377684645
, -0.0000598253
, 0.0376146026
, 0.0751405880
, 0.1125248447
, 0.1491225511
, 0.1853532940
, 0.2208469212
, 0.2666887045
, 0.2928705513
, 0.3263951242
, 0.3526469469
, 0.3824082911
, 0.4106846452
, 0.4373165965
, 0.4622478187
, 0.4853750169
, 0.5065646768
, 0.5257385373
, 0.5428560376
, 0.5578438640
, 0.5706154108
, 0.5811424851
, 0.5894020796
, 0.5966157913
, 0.5993144512
, 0.5999991298
, 0.5987597704
, 0.5951327682
, 0.5891991854
, 0.5809203386
, 0.5703595281
, 0.5576199293
, 0.5425587296
, 0.5255094171
, 0.5061215162
, 0.4848333895
, 0.4619036019
, 0.4369241297
, 0.4102886021
, 0.3704843223
, 0.3477921784
, 0.3209606707
, 0.2885792553
, 0.2550073564
, 0.2204927951
, 0.1854999214
, 0.1493053138
, 0.1120253131
, 0.0752935335
, 0.0377684645
, -0.0000977913
, -0.0380245112
, -0.0751702636
, -0.1123361215
, -0.1491225511
, -0.1857438833
, -0.2209057510
, -0.2554675639
, -0.2889695168
, -0.3216835260
, -0.3527232707
, -0.3823817074
, -0.4110057652
, -0.4374898374
, -0.4622698128
, -0.4853371382
, -0.5065301657
, -0.5257241130
, -0.5428433418
, -0.5578201413
, -0.5705955029
, -0.5811190009
, -0.5894139409
, -0.5952650905
, -0.5988082290
, -0.5999999642
, -0.5988238454
, -0.5952844024
, -0.5893956423
, -0.5811808109
, -0.5706722736
, -0.5579006076
, -0.5429363847
, -0.5258438587
, -0.5066633224
, -0.4854832292
, -0.4623871446
, -0.4374662340
, -0.4101290703
, -0.3816986084
, -0.3520062566
, -0.3206398189
, -0.2881635725
, -0.2547511458
, -0.2201664150
, -0.1847469956
, -0.1484181583
, -0.1117438674
, -0.0741942450
, -0.0367556959
, 0.0006028544
, 0.0378959142
, 0.0751063451
, 0.1123067364
, 0.1494289935
, 0.1855316460
, 0.2207591981
, 0.2553551495
, 0.2889433205
, 0.3214455545
, 0.3525706232
, 0.3823586404
, 0.4106594920
, 0.4372961223
, 0.4622287452
, 0.4853371382
, 0.5065301657
, 0.5257241130
, 0.5428560376
, 0.5578201413
, 0.5707120895
, 0.5811498761
, 0.5893546939
, 0.5952532291
, 0.5988082290
, 0.5999999642
, 0.5988238454
, 0.5952844024
, 0.5893956423
, 0.5811808109
, 0.5706722736
, 0.5579116344
, 0.5429363847
, 0.5258438587
, 0.5066633224
, 0.4854832292
, 0.4621465802
, 0.4373583496
, 0.4108188450
, 0.3825270832
, 0.3527716696
, 0.3215757310
, 0.2891046405
, 0.2555800080
, 0.2209902555
, 0.1854999214
, 0.1493342817
, 0.1125508398
, 0.0752935335
, 0.0377684645
, 0.0000943398
, -0.0375801586
, -0.0760490745
, -0.1133621186
, -0.1500718147
, -0.1864034235
, -0.2216104865
, -0.2563271224
, -0.2898281813
, -0.3219767809
, -0.3532349467
, -0.3828203976
, -0.4114422500
, -0.4379871190
, -0.4626707435
, -0.4855589271
, -0.5065461993
, -0.5257241130
, -0.5430181623
, -0.5578659177
, -0.5706154108
, -0.5811424851
, -0.5893611312
, -0.5952569842
, -0.5988100767
, -0.5999999642
, -0.5988219380
, -0.5952806473
, -0.5893900394
, -0.5811808109
, -0.5706630349
, -0.5579116344
, -0.5429363847
, -0.5258438587
, -0.5064432025
, -0.4821724892
, -0.4623871446
, -0.4374662340
, -0.4108188450
, -0.3825501204
, -0.3527195454
, -0.3215757310
, -0.2891348600
, -0.2555529475
, -0.2209902555
, -0.1855283678
, -0.1493342817
, -0.1125508398
, -0.0753232092
, -0.0377983190
, 0.0003163835
, 0.0431014523
, 0.0751063451
, 0.1123067364
, 0.1490935832
, 0.1852920204
, 0.2207591981
, 0.2555831075
, 0.2890259922
, 0.3214164078
, 0.3525948226
, 0.3823817074
, 0.4106594920
, 0.4372961223
, 0.4623079598
