time=[0.0000000000
, 1.0025999546
, 2.1544001102
, 2.9974999428
, 4.0050997734
, 4.9984002113
, 5.9966998100
, 6.9966998100
, 7.9966998100
, 8.9983997345
, 9.9975004196
, 10.9967002869
, 11.9967002869
, 12.9967002869
, 13.9967002869
, 14.9967002869
, 15.9967002869
, 17.0100994110
, 18.1501998901
, 18.9983997345
, 19.9974994659
, 20.9974994659
, 21.9967002869
, 22.9974994659
, 23.9974994659
, 24.9992008209
, 25.9967002869
, 26.9967002869
, 27.9967002869
, 28.9967002869
, 29.9967002869
, 30.9974994659
, 31.9967002869
, 33.0201988220
, 34.0218009949
, 35.0209999084
, 36.0260009766
, 37.0227012634
, 38.0218009949
, 39.0209999084
, 40.0135002136
, 41.0209999084
, 42.0143013000
, 43.0209999084
, 44.0218009949
, 45.0143013000
, 46.0059013367
, 46.9967002869
, 47.9984016418
, 49.0066986084
, 49.9991989136
, 50.9984016418
, 51.9975013733
, 52.9967002869
, 53.9967002869
, 54.9967002869
, 55.9967002869
, 56.9967002869
, 57.9975013733
, 58.9967002869
, 59.9975013733
, 60.9975013733
, 61.9975013733
, 62.9975013733
, 63.9975013733
, 65.0058975220
, 66.0000000000
, 66.9966964722
, 67.9974975586
, 68.9983978271
, 69.9974975586
, 70.9974975586
, 71.9974975586
, 72.9974975586
, 73.9966964722
, 74.9974975586
, 75.9974975586
, 76.9974975586
, 77.9974975586
, 78.9974975586
, 79.9974975586
, 81.0075988770
, 82.0000000000
, 82.9974975586
, 83.9974975586
, 84.9974975586
, 85.9966964722
, 86.9974975586
, 87.9974975586
, 88.9974975586
, 89.9974975586
, 90.9991989136
, 91.9983978271
, 92.9974975586
, 93.9974975586
, 94.9974975586
, 95.9983978271
, 97.0217971802
, 98.0217971802
, 99.0243988037
, 100.0210037231
, 101.0177001953
, 102.0260009766
, 103.0260009766
, 104.0185012817
, 105.0217971802
, 106.0167999268
, 107.0210037231
, 108.0159988403
, 109.0150985718
, 110.0075988770
, 110.9974975586
, 111.9966964722
, 113.0050964355
, 113.9974975586
, 114.9983978271
, 115.9974975586
, 116.9966964722
, 117.9983978271
, 118.9966964722
, 119.9966964722
, 120.9974975586
, 121.9966964722
, 122.9966964722
, 123.9966964722
, 124.9966964722
, 125.9966964722
, 126.9974975586
, 127.9966964722
, 129.0059051514
, 129.9983978271
, 130.9974975586
, 131.9974975586
, 132.9967041016
, 133.9967041016
, 134.9967041016
, 135.9967041016
, 136.9967041016
, 137.9967041016
, 138.9967041016
, 139.9967041016
, 140.9974975586
, 141.9967041016
, 142.9967041016
, 143.9967041016
, 145.0066986084
, 145.9967041016
, 147.0000000000
, 147.9974975586
, 148.9974975586
, 150.1024017334
, 150.9983978271
, 151.9974975586
, 152.9967041016
, 153.9974975586
, 154.9974975586
, 155.9967041016
, 156.9974975586
, 157.9967041016
, 158.9967041016
, 159.9974975586
, 161.0084075928
, 162.1477050781
, 162.9967041016
, 163.9967041016
, 164.9974975586
, 165.9967041016
, 166.9967041016
, 167.9967041016
, 168.9974975586
, 169.9974975586
, 170.9974975586
, 171.9974975586
, 172.9967041016
, 173.9974975586
, 174.9967041016
, 175.9967041016
, 177.0234985352
, 178.0252075195
, 179.0209960938
, 180.0177001953
, 181.0101013184
, 182.0243988037
, 183.0252075195
, 184.0218048096
, 185.0234985352
, 186.0160064697
, 187.0243988037
, 188.0151062012
, 189.0160064697
, 190.0108947754
, 190.9992065430
, 191.9974975586
, 193.0066986084
, 194.1519012451
, 194.9974975586
, 195.9983978271
, 196.9983978271
, 197.9974975586
, 198.9967041016
, 199.9983978271
, 200.9974975586
, 201.9974975586
, 202.9967041016
, 203.9967041016
, 204.9967041016
, 205.9967041016
, 206.9974975586
, 207.9974975586
, 209.0084075928
, 210.1468048096
, 210.9983978271
, 211.9983978271
, 213.0025939941
, 214.0000000000
, 214.9967041016
, 215.9992065430
, 216.9983978271
, 217.9974975586
, 218.9974975586
, 219.9992065430
, 220.9983978271
, 221.9974975586
, 222.9983978271
, 223.9983978271
, 225.0092926025
, 226.1477050781
, 226.9983978271
, 227.9967041016
, 228.9967041016
, 229.9983978271
, 230.9974975586
, 231.9974975586
, 232.9983978271
, 233.9974975586
, 234.9974975586
, 235.9974975586
, 236.9974975586
, 237.9974975586
, 238.9992065430
, 239.9983978271
, 241.0252075195
, 242.0269012451
, 243.0252075195
, 244.0193023682
, 245.0151062012
, 246.0260009766
, 247.0269012451
, 248.0202026367
, 249.0243988037
, 250.0151062012
, 251.0234985352
, 252.0243988037
, 253.0151062012
, 254.0075988770
, 255.0050964355
, 255.9974975586
, 257.0067138672
, 258.1467895508
, 258.9967041016
, 259.9984130859
, 260.9974975586
, 261.9974975586
, 262.9967041016
, 263.9967041016
, 264.9967041016
, 265.9967041016
, 266.9967041016
, 267.9967041016
, 268.9967041016
, 269.9967041016
, 270.9967041016
, 271.9967041016
, 273.0058898926
, 273.9974975586
, 274.9992065430
, 275.9967041016
, 276.9967041016
, 277.9967041016
, 278.9967041016
, 279.9974975586
, 280.9974975586
, 281.9974975586
, 282.9967041016
, 283.9967041016
, 284.9967041016
, 285.9974975586
, 286.9967041016
, 287.9967041016
, 289.0058898926
, 289.9974975586
, 291.0000000000
, 291.9967041016
, 292.9967041016
, 293.9967041016
, 294.9967041016
, 295.9967041016
, 296.9974975586
, 297.9967041016
, 298.9967041016
, 299.9967041016
, 300.9974975586
, 301.9967041016
, 302.9967041016
, 303.9967041016
, 305.0217895508
, 306.0260009766
, 307.0227050781
, 308.0177001953
, 309.0151062012
, 310.0202026367
, 311.0151062012
, 312.0227050781
, 313.0244140625
, 314.0177001953
, 315.0202026367
, 316.0134887695
, 317.0177001953
, 318.0058898926
, 318.9967041016
, 319.9992065430
, 321.0093078613
, 321.9974975586
, 322.9984130859
, 323.9984130859
, 324.9967041016
, 325.9967041016
, 326.9967041016
, 327.9967041016
, 328.9967041016
, 329.9974975586
, 330.9974975586
, 331.9967041016
, 332.9967041016
, 333.9967041016
, 334.9967041016
, 335.9967041016
, 337.0058898926
, 337.9967041016
, 338.9984130859
, 339.9974975586
, 340.9974975586
, 341.9967041016
, 342.9967041016
, 343.9967041016
, 344.9992065430
, 345.9967041016
, 346.9974975586
, 347.9967041016
, 348.9967041016
, 349.9974975586
, 350.9974975586
, 351.9967041016
, 353.0075988770
, 353.9974975586
, 354.9992065430
, 355.9967041016
, 356.9967041016
, 357.9974975586
, 358.9967041016
, 359.9974975586
, 360.9974975586
, 361.9967041016
, 362.9967041016
, 363.9984130859
, 364.9967041016
, 365.9974975586
, 366.9974975586
, 367.9984130859
, 369.0209960938
, 370.0268859863
, 371.0227050781
, 372.0192871094
, 373.0143127441
, 374.0227050781
, 375.0151062012
, 376.0234985352
, 377.0260009766
, 378.0184936523
, 379.0217895508
, 380.0108947754
, 381.0184936523
, 382.0075988770
, 382.9974975586
, 383.9974975586
, 385.0118103027
, 385.9974975586
, 386.9992065430
, 387.9974975586
, 388.9974975586
, 390.0017089844
, 390.9984130859
, 391.9984130859
, 392.9974975586
, 393.9974975586
, 394.9974975586
, 395.9974975586
, 397.0000000000
, 397.9984130859
, 398.9974975586
, 399.9992065430
, 401.0108947754
, 402.1467895508
, 402.9974975586
, 403.9974975586
, 404.9974975586
, 405.9992065430
, 406.9992065430
, 407.9967041016
, 408.9967041016
, 409.9984130859
, 410.9974975586
, 411.9992065430
, 412.9967041016
, 413.9967041016
, 414.9974975586
, 415.9984130859
, 417.0118103027
, 418.1484985352
, 418.9974975586
, 419.9984130859
, 420.9974975586
, 421.9974975586
, 422.9967041016
, 423.9967041016
, 424.9967041016
, 425.9974975586
, 426.9974975586
, 427.9967041016
, 428.9967041016
, 429.9974975586
, 430.9974975586
, 431.9974975586
, 433.0184936523
, 434.0244140625
, 435.0227050781
, 436.0184936523
, 437.0143127441
, 438.0202026367
, 439.0168151855
, 440.0217895508
, 441.0252075195
, 442.0202026367
, 443.0209960938
, 444.0159912109
, 445.0151062012
, 446.0067138672
, 446.9992065430
, 448.1552124023
, 449.0134887695
, 450.1467895508
, 451.0025939941
, 451.9974975586
, 452.9967041016
, 453.9967041016
, 454.9967041016
, 455.9967041016
, 456.9967041016
, 457.9967041016
, 458.9967041016
, 459.9974975586
, 460.9974975586
, 461.9974975586
, 463.0033874512
, 463.9967041016
, 465.0093078613
, 466.1427001953
, 466.9992065430
, 467.9967041016
, 468.9967041016
, 469.9984130859
, 470.9974975586
, 471.9974975586
, 472.9967041016
, 473.9974975586
, 474.9974975586
