torque=[0.0000000000
, 0.0000000000
, 0.0000000000
, 0.0000000000
, 0.0000000000
, 0.0000000000
, 0.0000000000
, 0.0000000000
, 0.0000000000
, 5.0000000000
, 5.0000000000
, 5.0000000000
, 5.0000000000
, 5.0000000000
, 5.0000000000
, 5.0000000000
, 5.0000000000
, 5.0000000000
, 5.0000000000
, 5.0000000000
, 5.0000000000
, 5.0000000000
, 5.0000000000
, 5.0000000000
, 5.0000000000
, 5.0000000000
, 5.0000000000
, 5.0000000000
, 5.0000000000
, 5.0000000000
, 5.0000000000
, 5.0000000000
, 5.0000000000
, 5.0000000000
, 5.0000000000
, 5.0000000000
, 5.0000000000
, 5.0000000000
, 5.0000000000
, 5.0000000000
, 5.0000000000
, 4.7025175095
, 4.2456235886
, 3.7846250534
, 3.3157162666
, 2.8486759663
, 2.3821206093
, 1.9152593613
, 1.4436080456
, 0.9749963284
, 0.5062636137
, 0.0414387025
, -0.4188823700
, -0.8685995936
, -1.3101756573
, -1.7465138435
, -2.1677908897
, -2.5731003284
, -2.9663074017
, -3.3470294476
, -3.7032878399
, -4.0374069214
, -4.3451056480
, -4.6272478104
, -4.8791155815
, -5.0000000000
, -5.0000000000
, -5.0000000000
, -5.0000000000
, -5.0000000000
, -5.0000000000
, -5.0000000000
, -5.0000000000
, -5.0000000000
, -5.0000000000
, -5.0000000000
, -5.0000000000
, -4.8202071190
, -4.5628061295
, -4.2751832008
, -3.9542162418
, -3.6077020168
, -3.2449443340
, -2.8635821342
, -2.4678430557
, -2.0589940548
, -1.6383465528
, -1.2126727104
, -0.7833004594
, -0.3476917744
, 0.0953928903
, 0.5409759879
, 0.9846521020
, 1.4206662178
, 1.8479315042
, 2.2633557320
, 2.6651761532
, 3.0434515476
, 3.4000370502
, 3.7396008968
, 4.0539531708
, 4.3392724991
, 4.5990014076
, 4.8275065422
, 5.0000000000
, 5.0000000000
, 5.0000000000
, 5.0000000000
, 5.0000000000
, 5.0000000000
, 5.0000000000
, 5.0000000000
, 5.0000000000
, 5.0000000000
, 4.9581809044
, 4.7498497963
, 4.5084199905
, 4.2370800972
, 3.9373216629
, 3.6140329838
, 3.2651405334
, 2.9009439945
, 2.5201072693
, 2.1223163605
, 1.7122309208
, 1.2921649218
, 0.8608701229
, 0.4188211262
, -0.0270518996
, -0.4731117487
, -0.9130165577
, -1.3446655273
, -1.7646207809
, -2.1733210087
, -2.5690212250
, -2.9536316395
, -3.3238651752
, -3.6736941338
, -3.9971835613
, -4.2894186974
, -4.5511841774
, -4.7822833061
, -4.9831557274
, -5.0000000000
, -5.0000000000
, -5.0000000000
, -5.0000000000
, -5.0000000000
, -5.0000000000
, -5.0000000000
, -5.0000000000
, -5.0000000000
, -5.0000000000
, -4.8523263931
, -4.6243410110
, -4.3680047989
, -4.0822472572
, -3.7651574612
, -3.4240386486
, -3.0624561310
, -2.6832909584
, -2.2914836407
, -1.8898112774
, -1.4772142172
, -1.0535613298
, -0.6225107908
, -0.1817966402
, 0.2594019771
, 0.7031323314
, 1.1442674398
, 1.5754954815
, 1.9967188835
, 2.4056611061
, 2.7963914871
, 3.1604893208
, 3.5019633770
, 3.8267164230
, 4.1272711754
, 4.3975977898
, 4.6354951859
, 4.8411989212
, 5.0000000000
, 5.0000000000
, 5.0000000000
, 5.0000000000
, 5.0000000000
, 5.0000000000
, 5.0000000000
, 5.0000000000
, 5.0000000000
, 5.0000000000
, 4.8195233345
, 4.5928554535
, 4.3349189758
, 4.0520105362
, 3.7461900711
, 3.4157743454
, 3.0626289845
, 2.6926178932
, 2.3084642887
, 1.9080717564
, 1.4909195900
, 1.0635241270
, 0.6255223751
, 0.1829501390
, -0.2624756098
, -0.7040393353
, -1.1366930008
, -1.5653102398
, -1.9816313982
, -2.3850896358
, -2.7773232460
, -3.1493554115
, -3.5005316734
, -3.8288815022
, -4.1337847710
, -4.4186482430
, -4.6762399673
, -4.9013714790
, -5.0000000000
, -5.0000000000
, -5.0000000000
, -5.0000000000
, -5.0000000000
, -5.0000000000
, -5.0000000000
, -5.0000000000
, -5.0000000000
, -5.0000000000
, -4.9282116890
, -4.7161626816
, -4.4704852104
, -4.1893754005
, -3.8796241283
, -3.5466182232
, -3.1968405247
, -2.8296983242
, -2.4433221817
, -2.0427212715
, -1.6342194080
, -1.2135223150
, -0.7864415646
, -0.3596165478
, 0.0721332356
, 0.5070520043
, 0.9434335828
, 1.3734011650
, 1.7891393900
, 2.1925907135
, 2.5859336853
, 2.9606640339
, 3.3172488213
, 3.6522521973
, 3.9609410763
, 4.2423586845
, 4.5014085770
, 4.7333421707
, 4.9318060875
, 5.0000000000
, 5.0000000000
, 5.0000000000
, 5.0000000000
, 5.0000000000
, 5.0000000000
, 5.0000000000
, 5.0000000000
, 5.0000000000
, 4.8868913651
, 4.6870584488
, 4.4576907158
, 4.1981482506
, 3.9067418575
, 3.5846431255
, 3.2399427891
, 2.8761324883
, 2.4930119514
, 2.0918676853
, 1.6801705360
, 1.2602362633
, 0.8305376172
, 0.3910482824
, -0.0519921742
, -0.4942768216
, -0.9290196300
, -1.3569834232
, -1.7742735147
, -2.1814327240
, -2.5762538910
, -2.9602580070
, -3.3299720287
, -3.6792335510
, -4.0025959015
, -4.2963256836
, -4.5586338043
, -4.7891621590
, -4.9863123894
, -5.0000000000
, -5.0000000000
, -5.0000000000
, -5.0000000000
, -5.0000000000
, -5.0000000000
, -5.0000000000
, -5.0000000000
, -5.0000000000
, -5.0000000000
, -4.8021826744
, -4.5684757233
, -4.3056669235
, -4.0153851509
, -3.7046909332
, -3.3754789829
, -3.0262904167
, -2.6547729969
, -2.2606728077
, -1.8492347002
, -1.4279468060
, -1.0045614243
, -0.5749565959
, -0.1408998072
, 0.2961398959
, 0.7301400900
, 1.1621402502
, 1.5935209990
, 2.0175096989
, 2.4274058342
, 2.8202953339
, 3.1893482208
, 3.5399470329
, 3.8659162521
, 4.1623220444
, 4.4294924736
, 4.6719188690
, 4.8851051331
, 5.0000000000
, 5.0000000000
, 5.0000000000
, 5.0000000000
, 5.0000000000
, 5.0000000000
, 5.0000000000
, 5.0000000000
, 5.0000000000
, 4.9924087524
, 4.8004941940
, 4.5745701790
, 4.3225197792
, 4.0414409637
, 3.7334265709
, 3.4004867077
, 3.0447478294
, 2.6739940643
, 2.2905991077
, 1.8932353258
, 1.4797111750
, 1.0507372618
, 0.6130076647
, 0.1715912372
, -0.2664740384
, -0.7008695602
, -1.1330697536
, -1.5598729849
, -1.9825677872
, -2.4000787735
, -2.8015992641
, -3.1774916649
, -3.5294818878
, -3.8567698002
, -4.1568684578
, -4.4279985428
, -4.6691050529
, -4.8805932999
, -5.0000000000
, -5.0000000000
, -5.0000000000
, -5.0000000000
, -5.0000000000
, -5.0000000000
, -5.0000000000
, -5.0000000000
, -5.0000000000
, -5.0000000000
, -4.9426875114
, -4.7311625481
, -4.4808092117
, -4.1965475082
, -3.8915092945
, -3.5644912720
, -3.2128374577
, -2.8365821838
, -2.4442601204
, -2.0378482342
, -1.6207760572
, -1.2003107071
, -0.7758718133
, -0.3433227837
, 0.0965324268
, 0.5384666920
, 0.9794707298
, 1.4116824865
, 1.8278734684
, 2.2300062180
, 2.6231994629
, 3.0049321651
, 3.3688411713
, 3.7085165977
, 4.0192008018
, 4.2982196808
, 4.5444846153
, 4.7586569786
, 4.9429574013
, 5.0000000000
, 5.0000000000
, 5.0000000000
, 5.0000000000
, 5.0000000000
, 5.0000000000
, 5.0000000000
, 5.0000000000
, 5.0000000000
, 4.9082360268
, 4.7033748627
, 4.4667110443
, 4.2001237869
, 3.9030466080
, 3.5771174431
, 3.2285420895
, 2.8553161621
, 2.4621431828
, 2.0580770969
, 1.6410582066
, 1.2148758173
, 0.7830299139
, 0.3521754742
, -0.0772588104
, -0.5089961886
, -0.9451017976
, -1.3788167238
, -1.8021122217
, -2.2132666111
, -2.6096832752
, -2.9908392429
, -3.3489427567
, -3.6862988472
, -3.9991092682
, -4.2851366997
, -4.5435919762
, -4.7734289169
, -4.9732565880
, -5.0000000000
, -5.0000000000
, -5.0000000000
, -5.0000000000
, -5.0000000000
, -5.0000000000
, -5.0000000000
, -5.0000000000
, -5.0000000000
, -4.9960379601
, -4.7895889282
, -4.5549287796
, -4.2934141159
, -4.0036659241
, -3.6856412888
, -3.3462450504
, -2.9880640507
, -2.6103544235
, -2.2141225338
, -1.8067262173
, -1.3904337883
, -0.9662188292
, -0.5376132131
, -0.1015037373
, 0.3338786066
, 0.7708291411
, 1.2067122459
, 1.6348946095
, 2.0480747223
, 2.4445865154
, 2.8280138969
, 3.1962676048
, 3.5438835621
, 3.8656225204
, 4.1577630043
, 4.4185056686
, 4.6501369476
, 4.8571257591
, 5.0000000000
, 5.0000000000
, 5.0000000000
, 5.0000000000
, 5.0000000000
, 5.0000000000
, 5.0000000000
, 5.0000000000
, 5.0000000000
, 4.9461965561
, 4.7576065063
, 4.5357370377
, 4.2877802849
, 4.0101804733
, 3.7061707973
, 3.3773069382
, 3.0230469704
, 2.6449024677
, 2.2512185574
, 1.8437609673
, 1.4191832542
, 0.9822877645
, 0.5424961448
, 0.1072649658
, -0.3282964528
, -0.7620702386
, -1.1935610771
, -1.6167861223
, -2.0323445797
, -2.4362540245
