time=[0.0000000000
, 0.8230000138
, 1.8229999542
, 2.8220999241
, 3.8220999241
, 4.8221001625
, 5.8238000870
, 6.8221001625
, 7.8229999542
, 8.8220996857
, 9.8220996857
, 10.8220996857
, 11.8229999542
, 12.8212995529
, 14.0562000275
, 14.8229999542
, 15.8238000870
, 16.8213005066
, 17.8220996857
, 18.8229999542
, 19.8220996857
, 20.8220996857
, 21.8229999542
, 22.8255004883
, 23.8220996857
, 24.8229999542
, 25.8213005066
, 26.8213005066
, 27.8213005066
, 28.8220996857
, 30.0443992615
, 30.8740997314
, 31.8472995758
, 32.8473014832
, 33.8531990051
, 34.8498001099
, 35.8456001282
, 36.8456001282
, 37.8431015015
, 38.8480987549
, 39.8447990417
, 40.8489990234
, 41.8506011963
, 42.8405990601
, 43.8255004883
, 44.8213005066
, 46.0896987915
, 46.8447990417
, 47.8230018616
, 48.8213005066
, 49.8213005066
, 50.8221015930
, 51.8221015930
, 52.8213005066
, 53.8213005066
, 54.8213005066
, 55.8213005066
, 56.8213005066
, 57.8213005066
, 58.8213005066
, 59.8213005066
, 60.8213005066
, 62.0847015381
, 62.8557014465
, 63.8230018616
, 64.8212966919
, 65.8212966919
, 66.8212966919
, 67.8220977783
, 68.8212966919
, 69.8220977783
, 70.8220977783
, 71.8212966919
, 72.8229980469
, 73.8212966919
, 74.8220977783
, 75.8212966919
, 76.8212966919
, 78.0989990234
, 78.8707962036
, 79.8246002197
, 80.8220977783
, 81.8212966919
, 82.8212966919
, 83.8371963501
, 84.8220977783
, 85.8212966919
, 86.8229980469
, 87.8212966919
, 88.8212966919
, 89.8212966919
, 90.8220977783
, 91.8212966919
, 92.8212966919
, 94.1191024780
, 94.9186019897
, 95.8498001099
, 96.8448028564
, 97.8489990234
, 98.8489990234
, 99.8431015015
, 100.8480987549
, 101.8396987915
, 102.8431015015
, 103.8371963501
, 104.8506011963
, 105.8472976685
, 106.8396987915
, 107.8263015747
, 108.8212966919
, 110.1333999634
, 110.9001007080
, 111.8229980469
, 112.8212966919
, 113.8212966919
, 114.8212966919
, 115.8212966919
, 116.8212966919
, 117.8212966919
, 118.8212966919
, 119.8212966919
, 120.8220977783
, 121.8212966919
, 122.8212966919
, 123.8212966919
, 124.8220977783
, 126.1324996948
, 126.9051971436
, 127.8229980469
, 128.8229980469
, 129.8229980469
, 130.8220977783
, 131.8220977783
, 132.8213043213
, 133.8220977783
, 134.8220977783
, 135.8229980469
, 136.8220977783
, 137.8220977783
, 138.8220977783
, 139.8229980469
, 140.8220977783
, 142.1609954834
, 143.1551971436
, 144.1123962402
, 144.8229980469
, 145.8354949951
, 146.8255004883
, 147.8246002197
, 148.8229980469
, 149.8238067627
, 150.8229980469
, 151.8229980469
, 152.8220977783
, 153.8220977783
, 154.8213043213
, 155.8213043213
, 156.8238067627
, 158.1576995850
, 158.9739990234
, 159.8489990234
, 160.8473052979
, 161.8531951904
, 162.8473052979
, 163.8522949219
, 164.8497924805
, 165.8464050293
, 166.8473052979
, 167.8406066895
, 168.8489990234
, 169.8455963135
, 170.8414001465
, 171.8338928223
, 172.8238067627
, 174.2801971436
, 174.9311981201
, 175.9723052979
, 176.8220977783
, 177.8220977783
, 178.8229980469
, 179.8229980469
, 180.8229980469
, 181.8220977783
, 182.8213043213
, 183.8213043213
, 184.8213043213
, 185.8213043213
, 186.8220977783
, 187.8220977783
, 188.8213043213
, 189.8220977783
, 190.8262939453
, 191.9730987549
, 192.8220977783
, 193.8220977783
, 194.8220977783
, 195.8220977783
, 196.8213043213
, 197.8213043213
, 198.8213043213
, 199.8220977783
, 200.8220977783
, 201.8220977783
, 202.8213043213
, 203.8213043213
, 204.8213043213
, 205.8220977783
, 206.8255004883
, 207.9714050293
, 208.8220977783
, 209.8229980469
, 210.8220977783
, 211.8220977783
, 212.8213043213
, 213.8213043213
, 214.8213043213
, 215.8262939453
, 216.8213043213
, 217.8213043213
, 218.8213043213
, 219.8220977783
, 220.8220977783
, 221.8220977783
, 222.8439025879
, 223.8489990234
, 224.8473052979
, 225.8489990234
, 226.8430938721
, 227.8473052979
, 228.8455963135
, 229.8388977051
, 230.8430938721
, 231.8388977051
, 232.8464050293
, 233.8464050293
, 234.8397064209
, 235.8305053711
, 236.8213043213
, 237.8213043213
, 238.8296966553
, 239.9638977051
, 240.8220977783
, 241.8733062744
, 242.8213043213
, 243.8271942139
, 244.8238067627
, 245.8213043213
, 246.8213043213
, 247.8213043213
, 248.8213043213
, 249.8213043213
, 250.8220977783
, 251.8220977783
, 252.8213043213
, 253.8213043213
, 254.8305053711
, 255.8238067627
, 256.8212890625
, 257.8212890625
, 258.8212890625
, 259.8212890625
, 260.8212890625
, 261.8221130371
, 262.8212890625
, 263.8212890625
, 264.8212890625
, 265.8212890625
, 266.8212890625
, 267.8212890625
, 268.8212890625
, 269.8212890625
, 270.8305053711
, 271.8237915039
, 272.8212890625
, 273.8221130371
, 274.8212890625
, 275.8221130371
, 276.8212890625
, 277.8212890625
, 278.8212890625
, 279.8212890625
, 280.8212890625
, 281.8221130371
, 282.8212890625
, 283.8212890625
, 284.8212890625
, 285.8212890625
, 286.8297119141
, 287.8229980469
, 288.8212890625
, 289.8212890625
, 290.8212890625
, 291.8221130371
, 292.8212890625
, 293.8221130371
, 294.8229980469
, 295.8221130371
, 296.8221130371
, 297.8221130371
, 298.8212890625
, 299.8221130371
, 300.8221130371
, 301.8229980469
, 302.8464050293
, 303.8481140137
, 304.8472900391
, 305.8472900391
, 306.8431091309
, 307.8497924805
, 308.8489990234
, 309.8439025879
, 310.8481140137
, 311.8381042480
, 312.8472900391
, 313.8472900391
, 314.8422851563
, 315.8322143555
, 316.8229980469
, 317.8221130371
, 318.8312988281
, 319.8237915039
, 320.8229980469
, 321.8237915039
, 322.8221130371
, 323.8229980469
, 324.8212890625
, 325.8229980469
, 326.8221130371
, 327.8229980469
, 328.8221130371
, 329.8212890625
, 330.8221130371
, 331.8221130371
, 332.8221130371
, 333.8212890625
, 334.8322143555
, 335.8237915039
, 336.8212890625
, 337.8212890625
, 338.8212890625
, 339.8212890625
, 340.8212890625
, 341.8221130371
, 342.8212890625
, 343.8212890625
, 344.8212890625
, 345.8212890625
, 346.8212890625
, 347.8212890625
, 348.8212890625
, 349.8212890625
, 350.8287963867
, 351.8237915039
, 352.8212890625
, 353.8212890625
, 354.8212890625
, 355.8212890625
, 356.8212890625
, 357.8212890625
, 358.8212890625
, 359.8221130371
, 360.8221130371
, 361.8221130371
, 362.8212890625
, 363.8540039063
, 364.8212890625
, 365.8212890625
, 366.8472900391
, 367.9932861328
, 368.8221130371
, 369.8237915039
, 370.8237915039
, 371.8255004883
, 372.8464050293
, 373.8447875977
, 374.8396911621
, 375.8472900391
, 376.8456115723
, 377.8481140137
, 378.8489990234
, 379.8431091309
, 380.8456115723
, 381.8371887207
, 382.8447875977
, 383.8406066895
, 384.8280029297
, 385.8229980469
, 386.8221130371
, 387.8212890625
, 388.8255004883
, 389.8237915039
, 390.8237915039
, 391.8237915039
, 392.8330078125
, 393.8212890625
, 394.8212890625
, 395.8297119141
, 396.8212890625
, 397.8212890625
, 398.8322143555
, 399.9747924805
, 400.8221130371
, 401.8221130371
, 402.8212890625
, 403.8212890625
, 404.8212890625
, 405.8221130371
, 406.8212890625
, 407.8212890625
, 408.8212890625
, 409.8221130371
, 410.8221130371
, 411.8212890625
, 412.8212890625
, 413.8255004883
, 414.8312988281
, 415.9706115723
, 416.8262939453
, 417.8212890625
, 418.8221130371
, 419.8237915039
, 420.8221130371
, 421.8221130371
, 422.8212890625
, 423.8212890625
, 424.8212890625
, 425.8229980469
, 426.8221130371
, 427.8221130371
, 428.8212890625
, 429.8221130371
, 430.8472900391
, 431.8515014648
, 432.8481140137
, 433.8422851563
, 434.8388977051
, 435.8497924805
, 436.8505859375
, 437.8456115723
, 438.8472900391
, 439.8414001465
, 440.8489990234
, 441.8489990234
, 442.8431091309
, 443.8338928223
, 444.8245849609
, 445.8229980469
, 446.8312988281
, 447.9747924805
, 448.8221130371
, 449.8255004883
, 450.8229980469
, 451.8221130371
, 452.8212890625
, 453.8221130371
, 454.8221130371
, 455.8221130371
, 456.8221130371
, 457.8221130371
, 458.8212890625
, 459.8229980469
, 460.8229980469
, 461.8221130371
, 462.8322143555
, 463.9681091309
, 464.8221130371
, 465.8237915039
, 466.8221130371
, 467.8221130371
, 468.8221130371
, 469.8237915039
, 470.8237915039
, 471.8255004883
, 472.8221130371
, 473.8229980469
, 474.8221130371
