time=[0.0000000000
, 1.0067000389
, 2.1468000412
, 2.9932999611
, 3.9949998856
, 4.9949998856
, 5.9941000938
, 6.9974999428
, 7.9932999611
, 8.9940996170
, 9.9933004379
, 10.9958000183
, 11.9940996170
, 12.9933004379
, 13.9940996170
, 14.9940996170
, 15.9940996170
, 17.0032997131
, 18.1375999451
, 18.9941005707
, 19.9941005707
, 20.9932994843
, 21.9932994843
, 22.9932994843
, 23.9958000183
, 24.9950008392
, 25.9941005707
, 26.9932994843
, 27.9932994843
, 29.0419006348
, 29.9992008209
, 30.9941005707
, 31.9983005524
, 33.0041999817
, 34.1484985352
, 34.9982986450
, 35.9940986633
, 36.9975013733
, 37.9933013916
, 38.9958000183
, 39.9949989319
, 40.9940986633
, 41.9933013916
, 42.9933013916
, 43.9958000183
, 44.9940986633
, 45.9940986633
, 46.9933013916
, 47.9933013916
, 49.0192985535
, 50.0225982666
, 51.0192985535
, 52.0167999268
, 53.0143013000
, 54.0176010132
, 55.0209999084
, 56.0158996582
, 57.0176010132
, 58.0108985901
, 59.0200996399
, 60.0209999084
, 61.0116996765
, 62.0017013550
, 62.9940986633
, 63.9958000183
, 65.0074996948
, 66.1460037231
, 67.0033035278
, 67.9941024780
, 68.9941024780
, 69.9941024780
, 70.9933013916
, 71.9941024780
, 72.9933013916
, 73.9950027466
, 74.9941024780
, 75.9941024780
, 76.9933013916
, 77.9933013916
, 78.9933013916
, 79.9933013916
, 81.0033035278
, 82.1408996582
, 82.9941024780
, 83.9957962036
, 84.9941024780
, 85.9950027466
, 86.9941024780
, 87.9933013916
, 88.9941024780
, 89.9933013916
, 90.9941024780
, 91.9933013916
, 92.9941024780
, 93.9950027466
, 94.9941024780
, 95.9941024780
, 97.0083999634
, 98.1417999268
, 98.9957962036
, 99.9950027466
, 100.9933013916
, 101.9950027466
, 102.9950027466
, 103.9957962036
, 104.9941024780
, 105.9941024780
, 106.9950027466
, 107.9933013916
, 108.9933013916
, 109.9933013916
, 110.9933013916
, 111.9941024780
, 113.0217971802
, 114.0225982666
, 115.0201034546
, 116.0150985718
, 117.0142974854
, 118.0225982666
, 119.0184020996
, 120.0217971802
, 121.0201034546
, 122.0133972168
, 123.0193023682
, 124.0193023682
, 125.0150985718
, 126.0033035278
, 126.9950027466
, 127.9965972900
, 129.0016937256
, 129.9949951172
, 130.9958038330
, 131.9940948486
, 132.9940948486
, 133.9940948486
, 134.9940948486
, 135.9949951172
, 136.9940948486
, 137.9940948486
, 138.9940948486
, 139.9949951172
, 140.9940948486
, 141.9940948486
, 142.9940948486
, 143.9940948486
, 145.0025024414
, 145.9958038330
, 146.9958038330
, 147.9949951172
, 148.9933013916
, 149.9949951172
, 150.9940948486
, 151.9933013916
, 152.9940948486
, 153.9933013916
, 154.9933013916
, 155.9940948486
, 156.9933013916
, 157.9933013916
, 158.9933013916
, 159.9933013916
, 161.0016937256
, 161.9940948486
, 162.9949951172
, 163.9933013916
, 164.9940948486
, 165.9940948486
, 166.9933013916
, 167.9933013916
, 168.9933013916
, 169.9933013916
, 170.9933013916
, 171.9933013916
, 172.9933013916
, 173.9933013916
, 174.9940948486
, 175.9940948486
, 177.0200958252
, 178.0243072510
, 179.0209960938
, 180.0126037598
, 181.0175933838
, 182.0184020996
, 183.0092010498
, 184.0184020996
, 185.0184020996
, 186.0200958252
, 187.0175933838
, 188.0167999268
, 189.0158996582
, 190.0092010498
, 190.9965972900
, 191.9933013916
, 193.0041961670
, 193.9933013916
, 194.9958038330
, 195.9949951172
, 196.9933013916
, 197.9933013916
, 198.9933013916
, 199.9940948486
, 200.9933013916
, 201.9933013916
, 202.9933013916
, 203.9933013916
, 204.9940948486
, 205.9940948486
, 206.9933013916
, 207.9933013916
, 209.0025024414
, 209.9933013916
, 210.9958038330
, 211.9933013916
, 213.0000000000
, 213.9965972900
, 214.9965972900
, 215.9974975586
, 216.9958038330
, 217.9965972900
, 218.9958038330
, 219.9958038330
, 220.9958038330
, 221.9958038330
, 223.0007934570
, 223.9958038330
, 225.0084075928
, 226.0000000000
, 227.0007934570
, 227.9958038330
, 228.9958038330
, 229.9958038330
, 230.9958038330
, 231.9949951172
, 232.9958038330
, 233.9958038330
, 234.9965972900
, 235.9958038330
, 236.9965972900
, 237.9958038330
, 238.9958038330
, 239.9949951172
, 241.0108947754
, 242.1618957520
, 242.9965972900
, 243.9983062744
, 244.9949951172
, 245.9958038330
, 246.9958038330
, 247.9958038330
, 248.9958038330
, 249.9965972900
, 250.9958038330
, 251.9958038330
, 252.9974975586
, 253.9992065430
, 254.9958038330
, 255.9958038330
, 257.0168151855
, 258.0252075195
, 259.0201110840
, 260.0151062012
, 261.0126037598
, 262.0201110840
, 263.0184020996
, 264.0201110840
, 265.0217895508
, 266.0158996582
, 267.0192871094
, 268.0126037598
, 269.0126037598
, 270.0067138672
, 270.9966125488
, 271.9957885742
, 273.0116882324
, 274.0017089844
, 275.0000000000
, 275.9966125488
, 276.9974975586
, 277.9974975586
, 278.9966125488
, 279.9966125488
, 280.9982910156
, 281.9957885742
, 282.9957885742
, 283.9957885742
, 284.9957885742
, 285.9966125488
, 286.9957885742
, 287.9966125488
, 289.0133972168
, 289.9982910156
, 290.9982910156
, 291.9966125488
, 292.9966125488
, 294.0007934570
, 294.9974975586
, 295.9966125488
, 296.9974975586
, 297.9966125488
, 298.9957885742
, 299.9966125488
, 300.9957885742
, 301.9957885742
, 302.9949951172
, 303.9957885742
, 305.0116882324
, 306.0000000000
, 307.0000000000
, 307.9966125488
, 308.9957885742
, 309.9957885742
, 310.9957885742
, 311.9957885742
, 312.9949951172
, 313.9982910156
, 314.9957885742
, 315.9966125488
, 316.9949951172
, 317.9982910156
, 318.9957885742
, 319.9957885742
, 321.0201110840
, 322.0293884277
, 323.0226135254
, 324.0176086426
, 325.0158996582
, 326.0176086426
, 327.0143127441
, 328.0226135254
, 329.0242919922
, 330.0184020996
, 331.0192871094
, 332.0126037598
, 333.0116882324
, 334.0075073242
, 334.9957885742
, 335.9957885742
, 337.0126037598
, 337.9992065430
, 338.9982910156
, 339.9966125488
, 340.9957885742
, 341.9957885742
, 342.9957885742
, 343.9957885742
, 344.9957885742
, 345.9966125488
, 346.9957885742
, 347.9949951172
, 348.9949951172
, 349.9982910156
, 350.9957885742
, 351.9957885742
, 353.0108947754
, 354.0042114258
, 355.0000000000
, 355.9982910156
, 356.9982910156
, 358.0017089844
, 358.9982910156
, 359.9982910156
, 360.9982910156
, 361.9966125488
, 362.9957885742
, 363.9957885742
, 364.9957885742
, 365.9974975586
, 366.9957885742
, 367.9949951172
, 369.0126037598
, 369.9992065430
, 371.0007934570
, 371.9957885742
, 372.9957885742
, 374.0032958984
, 374.9966125488
, 375.9966125488
, 376.9957885742
, 377.9957885742
, 378.9957885742
, 379.9957885742
, 380.9966125488
, 381.9957885742
, 382.9957885742
, 383.9992065430
, 385.0116882324
, 386.0267944336
, 387.0226135254
, 388.0158996582
, 389.0151062012
, 390.0158996582
, 391.0116882324
, 392.0209960938
, 393.0209960938
, 394.0184020996
, 395.0201110840
, 396.0116882324
, 397.0126037598
, 398.0042114258
, 398.9932861328
, 399.9949951172
, 401.0091857910
, 401.9949951172
, 402.9949951172
, 403.9941101074
, 404.9941101074
, 405.9949951172
, 406.9941101074
, 407.9932861328
, 408.9941101074
, 409.9941101074
, 410.9941101074
, 412.0151062012
, 412.9957885742
, 413.9949951172
, 414.9941101074
, 415.9949951172
, 417.0067138672
, 417.9941101074
, 418.9966125488
, 419.9949951172
, 420.9941101074
, 421.9941101074
, 422.9941101074
, 423.9941101074
, 424.9949951172
, 425.9949951172
, 426.9941101074
, 427.9941101074
, 428.9941101074
, 429.9949951172
, 430.9941101074
, 431.9941101074
, 433.0075073242
, 433.9941101074
, 434.9966125488
, 435.9949951172
, 436.9941101074
, 437.9941101074
, 438.9949951172
, 439.9949951172
, 440.9941101074
, 441.9941101074
, 442.9941101074
, 443.9949951172
, 444.9949951172
, 445.9949951172
, 446.9941101074
, 447.9941101074
, 449.0151062012
, 450.0267944336
, 451.0234985352
, 452.0184020996
, 453.0133972168
, 454.0176086426
, 455.0101013184
, 456.0192871094
, 457.0151062012
, 458.0217895508
, 459.0209960938
, 460.0126037598
, 461.0126037598
, 462.0158996582
, 463.0285034180
, 463.9949951172
, 465.0168151855
, 465.9949951172
, 466.9949951172
, 467.9932861328
, 468.9932861328
, 469.9932861328
, 470.9932861328
, 471.9932861328
, 472.9941101074
, 473.9941101074
, 474.9941101074
