position=[0.0053311875
, 0.0057119867
, 0.0060927859
, 0.0068543837
, 0.0079967817
, 0.0095199775
, 0.0110431742
, 0.0129471701
, 0.0152319642
, 0.0178975575
, 0.0205631517
, 0.0236095451
, 0.0270367377
, 0.0308447275
, 0.0350335166
, 0.0392223075
, 0.0437918976
, 0.0487422869
, 0.0544542745
, 0.0590238608
, 0.0647358522
, 0.0708286315
, 0.0773022175
, 0.0837758034
, 0.0906301886
, 0.0978653729
, 0.1051005572
, 0.1130973324
, 0.1210941151
, 0.1298525035
, 0.1378492713
, 0.1466076523
, 0.1557468325
, 0.1652668118
, 0.1763099879
, 0.1846875697
, 0.1945883483
, 0.2044891268
, 0.2147707045
, 0.2250522673
, 0.2353338450
, 0.2459962219
, 0.2562777996
, 0.2669401765
, 0.2772217393
, 0.2878841162
, 0.2985464931
, 0.3088280857
, 0.3194904625
, 0.3301528394
, 0.3404344022
, 0.3507159650
, 0.3606167436
, 0.3705175221
, 0.3804183006
, 0.3903190792
, 0.4002198577
, 0.4097398520
, 0.4188790321
, 0.4283989966
, 0.4375381768
, 0.4466773570
, 0.4554357231
, 0.4641941190
, 0.4729524851
, 0.4817108810
, 0.4912308455
, 0.4984660447
, 0.5068436265
, 0.5148404241
, 0.5232179761
, 0.5312147737
, 0.5392115116
, 0.5472083092
, 0.5548242927
, 0.5628210902
, 0.5704370737
, 0.5780530572
, 0.5856690407
, 0.5932850242
, 0.6009010077
, 0.6085169911
, 0.6168945432
, 0.6229873300
, 0.6306033134
, 0.6378384829
, 0.6454544663
, 0.6526896954
, 0.6599248648
, 0.6671600342
, 0.6743952036
, 0.6816304326
, 0.6892464161
, 0.6964815855
, 0.7037167549
, 0.7109519243
, 0.7181870937
, 0.7254223228
, 0.7337998748
, 0.7398926616
, 0.7471278310
, 0.7543630600
, 0.7615982294
, 0.7692142129
, 0.7764493823
, 0.7836845517
, 0.7909197211
, 0.7981549501
, 0.8053901196
, 0.8126252890
, 0.8198604584
, 0.8270956874
, 0.8343308568
, 0.8419468403
, 0.8491820097
, 0.8564171791
, 0.8636524081
, 0.8708875775
, 0.8781227469
, 0.8853579164
, 0.8925930858
, 0.8998283148
, 0.9070634842
, 0.9142986536
, 0.9215338230
, 0.9287690520
, 0.9360042214
, 0.9428585768
, 0.9500938058
, 0.9573289752
, 0.9645641446
, 0.9714184999
, 0.9786537290
, 0.9858888984
, 0.9931240678
, 0.9999784827
, 1.0072135925
, 1.0144488811
, 1.0216840506
, 1.0285383463
, 1.0357736349
, 1.0426279306
, 1.0498631001
, 1.0570982695
, 1.0639526844
, 1.0711878538
, 1.0784230232
, 1.0852774382
, 1.0925126076
, 1.0993670225
, 1.1066021919
, 1.1134566069
, 1.1206917763
, 1.1275461912
, 1.1347813606
, 1.1416357756
, 1.1488709450
, 1.1557252407
, 1.1629605293
, 1.1698148251
, 1.1770499945
, 1.1839044094
, 1.1911395788
, 1.1979939938
, 1.2048484087
, 1.2120835781
, 1.2189379930
, 1.2261731625
, 1.2330274582
, 1.2402627468
, 1.2471170425
, 1.2543522120
, 1.2612066269
, 1.2684417963
, 1.2752962112
, 1.2821506262
, 1.2893857956
, 1.2966209650
, 1.3034753799
, 1.3107105494
, 1.3175649643
, 1.3248001337
, 1.3316544294
, 1.3385088444
, 1.3457440138
, 1.3525984287
, 1.3598335981
, 1.3666880131
, 1.3735424280
, 1.3807775974
, 1.3876320124
, 1.3944863081
, 1.4017214775
, 1.4085758924
, 1.4154303074
, 1.4226654768
, 1.4295198917
, 1.4367550611
, 1.4436094761
, 1.4508446455
, 1.4576989412
, 1.4645533562
, 1.4717885256
, 1.4786429405
, 1.4858781099
, 1.4927325249
, 1.4995869398
, 1.5068221092
, 1.5136764050
, 1.5209116936
, 1.5277659893
, 1.5350011587
, 1.5418555737
, 1.5490907431
, 1.5559451580
, 1.5627995729
, 1.5700347424
, 1.5768891573
, 1.5841243267
, 1.5909786224
, 1.5978330374
, 1.6050682068
, 1.6119226217
, 1.6191577911
, 1.6260122061
, 1.6332473755
, 1.6401017904
, 1.6469562054
, 1.6538105011
, 1.6610456705
, 1.6679000854
, 1.6751352549
, 1.6819896698
, 1.6888440847
, 1.6960792542
, 1.7029336691
, 1.7101688385
, 1.7170231342
, 1.7238775492
, 1.7311127186
, 1.7379671335
, 1.7452023029
, 1.7531991005
, 1.7589111328
, 1.7661463022
, 1.7730005980
, 1.7802358866
, 1.7870901823
, 1.7939445972
, 1.8011797667
, 1.8080341816
, 1.8152693510
, 1.8221237659
, 1.8293589354
, 1.8362133503
, 1.8434485197
, 1.8503028154
, 1.8575381041
, 1.8647732735
, 1.8716275692
, 1.8784819841
, 1.8853363991
, 1.8925715685
, 1.8994259834
, 1.9066611528
, 1.9135155678
, 1.9203698635
, 1.9276050329
, 1.9344594479
, 1.9413138628
, 1.9485490322
, 1.9554034472
, 1.9622578621
, 1.9694930315
, 1.9763473272
, 1.9832017422
, 1.9904369116
, 1.9972913265
, 2.0041456223
, 2.0113809109
, 2.0182352066
, 2.0254704952
, 2.0323247910
, 2.0391793251
, 2.0464143753
, 2.0532689095
, 2.0601232052
, 2.0673582554
, 2.0742127895
, 2.0814478397
, 2.0883023739
, 2.0951566696
, 2.1023919582
, 2.1092462540
, 2.1164815426
, 2.1233358383
, 2.1301901340
, 2.1374254227
, 2.1442797184
, 2.1511342525
, 2.1583693027
, 2.1652238369
, 2.1724588871
, 2.1793134212
, 2.1861677170
, 2.1934027672
, 2.2002573013
, 2.2074923515
, 2.2143468857
, 2.2212011814
, 2.2284364700
, 2.2352907658
, 2.2421450615
, 2.2493803501
, 2.2562346458
, 2.2630891800
, 2.2703242302
, 2.2771787643
, 2.2844138145
, 2.2912683487
, 2.2981226444
, 2.3057386875
, 2.3125929832
, 2.3194472790
, 2.3266825676
, 2.3335368633
, 2.3407721519
, 2.3476264477
, 2.3544809818
, 2.3617160320
, 2.3685705662
, 2.3754248619
, 2.3826599121
, 2.3895144463
, 2.3963687420
, 2.4032232761
, 2.4104583263
, 2.4173128605
, 2.4245479107
, 2.4314022064
, 2.4382567406
, 2.4454917908
, 2.4523463249
, 2.4592006207
, 2.4664359093
, 2.4732902050
, 2.4805254936
, 2.4873797894
, 2.4942340851
, 2.5014693737
, 2.5083236694
, 2.5151782036
, 2.5224132538
, 2.5292677879
, 2.5365028381
, 2.5433571339
, 2.5502116680
, 2.5570659637
, 2.5643012524
, 2.5711555481
, 2.5783908367
, 2.5852451324
, 2.5924804211
, 2.5993347168
, 2.6061890125
, 2.6130435467
, 2.6202785969
, 2.6271331310
, 2.6343681812
, 2.6412227154
, 2.6480770111
, 2.6553122997
, 2.6621665955
, 2.6690208912
, 2.6762561798
, 2.6831104755
, 2.6903457642
, 2.6972000599
, 2.7040545940
, 2.7112896442
, 2.7181439400
, 2.7249984741
, 2.7322335243
, 2.7390880585
, 2.7463231087
, 2.7531776428
, 2.7604126930
, 2.7672672272
, 2.7745022774
, 2.7813568115
, 2.7882111073
, 2.7954461575
, 2.8023006916
, 2.8095357418
, 2.8163902760
, 2.8232445717
, 2.8304798603
, 2.8373341560
, 2.8441884518
, 2.8510429859
, 2.8582780361
, 2.8651325703
, 2.8719868660
, 2.8792221546
, 2.8860764503
, 2.8929307461
, 2.9001660347
, 2.9070203304
, 2.9142556190
, 2.9211099148
, 2.9279644489
, 2.9351994991
, 2.9424347878
, 2.9492890835
, 2.9561433792
, 2.9629979134
, 2.9702329636
, 2.9770874977
, 2.9843225479
, 2.9911770821
, 2.9980313778
, 3.0052666664
, 3.0121209621
, 3.0189752579
, 3.0262105465
, 3.0330648422
, 3.0403001308
, 3.0471544266
, 3.0543897152
, 3.0612440109
, 3.0680983067
, 3.0753335953
, 3.0821878910
, 3.0894231796
, 3.0962774754
, 3.1031320095
, 3.1103670597
, 3.1172215939
, 3.1240758896
, 3.1313111782
, 3.1381654739
, 3.1454007626
, 3.1522550583
, 3.1591093540
, 3.1663446426
, 3.1731989384
, 3.1800534725
, 3.1872885227
, 3.1941428185
, 3.2013781071
, 3.2086133957
, 3.2154676914
, 3.2227029800
, 3.2295572758
, 3.2364115715
, 3.2436468601
, 3.2505011559
, 3.2573556900
, 3.2645907402
, 3.2714450359
, 3.2782995701
, 3.2855346203
, 3.2923891544
, 3.2996242046
, 3.3060979843
, 3.3133330345
, 3.3201873302
, 3.3270418644
, 3.3342769146
, 3.3411314487
, 3.3479857445
, 3.3552210331
, 3.3620753288
, 3.3693106174
, 3.3761649132
, 3.3830192089
, 3.3902544975
, 3.3971087933
, 3.4043440819
, 3.4111983776
, 3.4180529118
, 3.4252879620
, 3.4332847595
, 3.4389967918
, 3.4462318420
, 3.4530863762
, 3.4603214264
, 3.4671759605
, 3.4740302563
, 3.4812655449
, 3.4881198406
, 3.4953551292
, 3.5022094250
, 3.5090637207
, 3.5162990093
, 3.5231533051
, 3.5303885937
, 3.5372428894
, 3.5452396870
, 3.5513324738
, 3.5581867695
, 3.5654220581
, 3.5722763538
, 3.5795116425
, 3.5863659382
, 3.5932204723
, 3.6004555225
, 3.6073100567
, 3.6141643524
, 3.6213996410
, 3.6282539368
, 3.6351082325
, 3.6423435211
, 3.6491978168
, 3.6564331055
, 3.6636681557
, 3.6705226898
, 3.6773769855
, 3.6846122742
, 3.6914665699
, 3.6983208656
, 3.7055561543
, 3.7124104500
, 3.7196457386
, 3.7265000343
, 3.7333545685
, 3.7405896187
, 3.7474441528
, 3.7554407120
, 3.7615334988
, 3.7691495419
, 3.7752423286
