velocity=[0.0000000000
, 0.0024208946
, 0.0145537592
, 0.0403701700
, 0.0897379890
, 0.1683120430
, 0.2773464322
, 0.4108960927
, 0.5672959685
, 0.7476491332
, 0.9502167106
, 1.1671701670
, 1.3960186243
, 1.6379426718
, 1.8944195509
, 2.1637508869
, 2.4383411407
, 2.7159612179
, 2.9957599640
, 3.2743690014
, 3.5514426231
, 3.8299462795
, 4.1136121750
, 4.4028563499
, 4.6916794777
, 4.9793400764
, 5.2665729523
, 5.5515751839
, 5.8406744003
, 6.1314010620
, 6.4208946228
, 6.7041192055
, 6.9831609726
, 7.2611918449
, 7.5406394005
, 7.8200092316
, 8.0958337784
, 8.3615331650
, 8.6111392975
, 8.8471965790
, 9.0671844482
, 9.2702722549
, 9.4591770172
, 9.6287403107
, 9.7799310684
, 9.9089126587
, 10.0223608017
, 10.1214742661
, 10.2020072937
, 10.2686033249
, 10.3191547394
, 10.3517427444
, 10.3671665192
, 10.3617658615
, 10.3374423981
, 10.2987318039
, 10.2518653870
, 10.2009248734
, 10.1393041611
, 10.0630025864
, 9.9778108597
, 9.8857316971
, 9.7900323868
, 9.6882619858
, 9.5816822052
, 9.4727287292
, 9.3620929718
, 9.2480688095
, 9.1347818375
, 9.0244426727
, 8.9139003754
, 8.8088073730
, 8.7068910599
, 8.6081542969
, 8.5124425888
, 8.4166364670
, 8.3264598846
, 8.2391090393
, 8.1542587280
, 8.0736503601
, 7.9992561340
, 7.9320311546
, 7.8700437546
, 7.8081450462
, 7.7443966866
, 7.6864147186
, 7.6341657639
, 7.5912976265
, 7.5522799492
, 7.5141286850
, 7.4766402245
, 7.4408173561
, 7.4100027084
, 7.3901948929
, 7.3752012253
, 7.3609542847
, 7.3465771675
, 7.3315057755
, 7.3157935143
, 7.3031034470
, 7.2909302711
, 7.2798719406
, 7.2705626488
, 7.2651453018
, 7.2687258720
, 7.2748246193
, 7.2794046402
, 7.2811326981
, 7.2801179886
, 7.2773165703
, 7.2733616829
, 7.2687973976
, 7.2640409470
, 7.2604603767
, 7.2607111931
, 7.2620573044
, 7.2632260323
, 7.2640547752
, 7.2635927200
, 7.2610197067
, 7.2577929497
, 7.2541284561
, 7.2510576248
, 7.2491407394
, 7.2469754219
, 7.2449121475
, 7.2442154884
, 7.2435917854
, 7.2368006706
, 7.2278308868
, 7.2199592590
, 7.2130427361
, 7.2013735771
, 7.1906256676
, 7.1839985847
, 7.1793198586
, 7.1705136299
, 7.1627869606
, 7.1594295502
, 7.1581087112
, 7.1525506973
, 7.1453905106
, 7.1346426010
, 7.1267666817
, 7.1224093437
, 7.1157112122
, 7.1110424995
, 7.1100826263
, 7.1070380211
, 7.1041512489
, 7.0985798836
, 7.0934500694
, 7.0864996910
, 7.0812053680
, 7.0747294426
, 7.0703530312
, 7.0650863647
, 7.0618543625
, 7.0578012466
, 7.0558438301
, 7.0528874397
, 7.0514769554
, 7.0481309891
, 7.0474529266
, 7.0436434746
, 7.0366673470
, 7.0322175026
, 7.0281963348
, 7.0276436806
, 7.0270805359
, 7.0289750099
, 7.0299072266
, 7.0325570107
, 7.0337243080
, 7.0362715721
, 7.0346670151
, 7.0290484428
, 7.0269064903
, 7.0263628960
, 7.0241265297
, 7.0249977112
, 7.0264673233
, 7.0296225548
, 7.0289845467
, 7.0253071785
, 7.0227952003
, 7.0197649002
, 7.0196738243
, 7.0173993111
, 7.0127410889
, 7.0115604401
, 7.0100235939
, 7.0085768700
, 7.0106863976
, 7.0093793869
, 7.0061783791
, 7.0059947968
, 7.0063109398
, 7.0099272728
, 7.0130777359
, 7.0180673599
, 7.0189995766
, 7.0160274506
, 7.0151267052
, 7.0141863823
, 7.0161266327
, 7.0150728226
, 7.0109648705
, 7.0097088814
, 7.0085096359
, 7.0096020699
, 7.0113224983
, 7.0156459808
, 7.0188598633
, 7.0228219032
, 7.0228152275
, 7.0189929008
, 7.0173039436
, 7.0158782005
, 7.0174922943
, 7.0163884163
, 7.0122961998
, 7.0109229088
, 7.0097260475
, 7.0112233162
, 7.0124187469
, 7.0147447586
, 7.0143308640
, 7.0086956024
, 7.0011401176
, 6.9979019165
, 6.9964075089
, 6.9991040230
, 6.9997501373
, 6.9976139069
, 6.9981985092
, 6.9990510941
, 7.0030164719
, 7.0040450096
, 7.0019593239
, 7.0024557114
, 7.0025215149
, 7.0038914680
, 7.0036845207
, 7.0010623932
, 7.0012078285
, 7.0020780563
, 7.0060315132
, 7.0069808960
, 7.0046381950
, 7.0047078133
, 7.0048685074
, 7.0081048012
, 7.0108394623
, 7.0152840614
, 7.0182304382
, 7.0230450630
, 7.0253515244
, 7.0278286934
, 7.0320053101
, 7.0326085091
, 7.0275287628
, 7.0191597939
, 7.0132660866
, 7.0086126328
, 7.0080356598
, 7.0057678223
, 7.0020046234
, 7.0016479492
, 7.0003428459
, 6.9975781441
, 6.9994554520
, 7.0010962486
, 7.0000166893
, 6.9996681213
, 6.9977421761
, 6.9945650101
, 6.9954810143
, 6.9947257042
, 6.9918870926
, 6.9925112724
, 6.9938216209
, 6.9982500076
, 7.0001225471
, 6.9989080429
, 7.0001196861
, 6.9988999367
, 6.9952368736
, 6.9949378967
, 6.9946346283
, 6.9960064888
, 6.9964389801
, 6.9951534271
, 6.9971127510
, 6.9991512299
, 7.0034670830
, 7.0048990250
, 7.0031900406
, 7.0038132668
, 7.0021643639
, 6.9982962608
, 6.9977035522
, 6.9980039597
, 7.0017776489
, 7.0029392242
, 7.0001959801
, 6.9982023239
, 6.9976558685
, 7.0013604164
, 7.0031571388
, 7.0021386147
, 7.0035181046
, 7.0023503304
, 6.9986963272
, 6.9981994629
, 6.9956831932
, 6.9915413857
, 6.9912104607
, 6.9920363426
, 6.9961099625
, 6.9977736473
, 6.9977931976
, 7.0039758682
, 7.0075435638
, 7.0082478523
, 7.0116987228
, 7.0147252083
, 7.0195670128
, 7.0204424858
, 7.0162305832
, 7.0137710571
, 7.0098385811
, 7.0044870377
, 7.0038585663
, 7.0023860931
, 6.9976902008
, 6.9928908348
, 6.9920692444
, 6.9909133911
, 6.9948577881
, 6.9973745346
, 6.9973340034
, 6.9998321533
, 6.9997091293
, 6.9968795776
, 6.9970321655
, 6.9977021217
, 7.0015125275
, 7.0026488304
, 7.0008130074
, 7.0014047623
, 6.9993720055
, 6.9953331947
, 6.9942369461
, 6.9923686981
, 6.9947929382
, 6.9961361885
, 6.9929528236
, 6.9872198105
, 6.9851369858
, 6.9850616455
, 6.9893288612
, 6.9939670563
, 7.0012578964
, 7.0049595833
, 7.0021910667
, 6.9959020615
, 6.9929761887
, 6.9917769432
, 6.9941930771
, 6.9928026199
, 6.9901204109
, 6.9913916588
, 6.9916443825
, 6.9896526337
, 6.9900584221
, 6.9916801453
, 6.9969201088
, 6.9994416237
, 6.9986524582
, 7.0001249313
, 6.9990491867
, 6.9954576492
, 6.9952206612
, 6.9956707954
, 6.9984827042
, 6.9985656738
, 6.9986734390
, 6.9988069534
, 7.0031843185
, 7.0052037239
, 7.0040597916
, 7.0053210258
, 7.0053272247
, 7.0077757835
, 7.0075988770
, 7.0047230721
, 7.0057291985
, 7.0051708221
, 7.0013499260
, 6.9970245361
, 6.9961638451
, 6.9925494194
, 6.9887709618
, 6.9896702766
, 6.9894118309
, 6.9872455597
, 6.9883723259
, 6.9903249741
, 6.9956288338
, 6.9979515076
, 6.9969248772
, 6.9997382164
, 7.0056710243
, 7.0103206635
, 7.0095057487
, 7.0050158501
, 7.0027132034
, 7.0001125336
, 7.0025420189
, 7.0031599998
, 7.0012621880
, 7.0022330284
, 7.0009665489
, 6.9973425865
, 6.9969444275
, 6.9971914291
, 7.0008296967
, 7.0043692589
, 7.0100970268
, 7.0119829178
, 7.0098600388
, 7.0098476410
, 7.0091729164
, 7.0100212097
, 7.0093240738
, 7.0062055588
, 7.0061550140
, 7.0041918755
, 7.0000233650
, 6.9990892410
, 6.9989976883
, 7.0024948120
, 7.0034079552
, 7.0012388229
, 7.0015230179
, 6.9995651245
, 6.9954915047
, 6.9950408936
, 6.9946241379
, 6.9966001511
, 7.0015130043
, 7.0061211586
, 7.0135607719
, 7.0175428391
, 7.0169920921
, 7.0182719231
, 7.0155692101
, 7.0098586082
, 7.0065002441
, 7.0018734932
, 6.9971060753
, 6.9966678619
, 6.9963593483
, 6.9965596199
, 6.9921278954
, 6.9879274368
, 6.9846253395
, 6.9815917015
, 6.9832592010
, 6.9837222099
, 6.9822854996
, 6.9842114449
, 6.9867553711
, 6.9923338890
, 6.9949269295
, 6.9942145348
, 6.9958834648
, 6.9973268509
, 7.0010490417
, 7.0024757385
, 7.0004267693
, 7.0002641678
, 7.0004162788
, 6.9961743355
, 6.9941082001
, 6.9927611351
, 6.9953880310
, 6.9960064888
, 6.9941716194
, 6.9952015877
, 6.9964146614
, 7.0004782677
, 7.0010457039
, 6.9989175797
, 6.9998607635
, 7.0010919571
, 7.0047254562
, 7.0041899681
, 7.0025959015
, 7.0048913956
, 7.0073170662
, 7.0119624138
, 7.0143055916
, 7.0173635483
, 7.0174636841
, 7.0149459839
, 7.0149788857
, 7.0122513771
, 7.0069923401
, 7.0054860115
, 7.0024952888
, 6.9975180626
, 6.9957146645
, 6.9928421974
, 6.9936895370
, 7.0003733635
, 7.0050768852
, 7.0062627792
, 7.0092949867
, 7.0094132423
, 7.0058989525
, 7.0048799515
, 7.0036673546
, 7.0056314468
, 7.0062966347
, 7.0047869682
, 7.0070576668
, 7.0090346336
, 7.0094375610
, 7.0085978508
