torque=[5.0000000000
, 5.0000000000
, 5.0000000000
, 5.0000000000
, 5.0000000000
, 5.0000000000
, 5.0000000000
, 5.0000000000
, 5.0000000000
, 5.0000000000
, 5.0000000000
, 5.0000000000
, 5.0000000000
, 5.0000000000
, 5.0000000000
, 5.0000000000
, 5.0000000000
, 5.0000000000
, 5.0000000000
, 5.0000000000
, 5.0000000000
, 5.0000000000
, 5.0000000000
, 5.0000000000
, 5.0000000000
, 5.0000000000
, 5.0000000000
, 5.0000000000
, 5.0000000000
, 4.8929014206
, 4.5337176323
, 4.1752195358
, 3.8142044544
, 3.4465012550
, 3.0667834282
, 2.6849300861
, 2.2963902950
, 1.9131042957
, 1.5438544750
, 1.1850805283
, 0.8410121202
, 0.5130405426
, 0.1980380118
, -0.0968132094
, -0.3723855317
, -0.6225345135
, -0.8559461236
, -1.0735505819
, -1.2694585323
, -1.4516459703
, -1.6123764515
, -1.7501376867
, -1.8661795855
, -1.9550893307
, -2.0193440914
, -2.0638589859
, -2.0956723690
, -2.1213812828
, -2.1307339668
, -2.1202931404
, -2.0951693058
, -2.0576450825
, -2.0126638412
, -1.9571199417
, -1.8930076361
, -1.8234058619
, -1.7569898367
, -1.6643913984
, -1.5781211853
, -1.4930758476
, -1.4046057463
, -1.3201482296
, -1.2369718552
, -1.1550147533
, -1.0743496418
, -0.9907122254
, -0.9118251801
, -0.8340722919
, -0.7571605444
, -0.6834387779
, -0.6156398058
, -0.5554725528
, -0.5034749508
, -0.4430052042
, -0.3817450106
, -0.3262275755
, -0.2766925395
, -0.2380527407
, -0.2032878995
, -0.1685787886
, -0.1336334795
, -0.0998424292
, -0.0716387406
, -0.0571462251
, -0.0484623462
, -0.0403194316
, -0.0316059850
, -0.0216976162
, -0.0115789035
, -0.0025420093
, 0.0049143364
, 0.0112496838
, 0.0155586144
, 0.0149936322
, 0.0026633453
, -0.0130842533
, -0.0270086434
, -0.0372949764
, -0.0439781621
, -0.0482801795
, -0.0509747677
, -0.0527493432
, -0.0541449822
, -0.0571618192
, -0.0649490654
, -0.0741690919
, -0.0831737667
, -0.0917933211
, -0.0987960547
, -0.1028965563
, -0.1061142012
, -0.1086226180
, -0.1117764488
, -0.1164606288
, -0.1207189560
, -0.1250210255
, -0.1310206801
, -0.1371215731
, -0.1351069808
, -0.1300358027
, -0.1260868013
, -0.1232243925
, -0.1138564423
, -0.1053844169
, -0.1020613909
, -0.1011286452
, -0.0946012586
, -0.0892428756
, -0.0894530341
, -0.0922637954
, -0.0894302651
, -0.0843086690
, -0.0742355362
, -0.0676578060
, -0.0655137822
, -0.0601735152
, -0.0572797433
, -0.0591845885
, -0.0582991131
, -0.0575329810
, -0.0531394370
, -0.0491640307
, -0.0426317416
, -0.0380972624
, -0.0318432674
, -0.0281857233
, -0.0232257042
, -0.0208062772
, -0.0172085818
, -0.0162698813
, -0.0139524583
, -0.0136097725
, -0.0106411595
, -0.0111211045
, -0.0074320487
, 0.0005560062
, 0.0053993589
, 0.0098030064
, 0.0097283609
, 0.0096834116
, 0.0064004352
, 0.0043374016
, -0.0000265241
, -0.0025032731
, -0.0068406207
, -0.0057541803
, 0.0006938946
, 0.0026792600
, 0.0026263325
, 0.0048358110
, 0.0029982608
, 0.0003336358
, -0.0046018567
, -0.0045966483
, -0.0005630625
, 0.0020392626
, 0.0053987829
, 0.0049555083
, 0.0074049146
, 0.0130755743
, 0.0142766908
, 0.0159846134
, 0.0176143553
, 0.0145725012
, 0.0160004050
, 0.0199701674
, 0.0200366862
, 0.0194469355
, 0.0144780558
, 0.0100226076
, 0.0030414129
, 0.0012907695
, 0.0046827737
, 0.0054170657
, 0.0062295231
, 0.0032543412
, 0.0041884696
, 0.0091969753
, 0.0105464347
, 0.0118544428
, 0.0101671023
, 0.0076136529
, 0.0015662261
, -0.0031403638
, -0.0089236721
, -0.0095675392
, -0.0051594009
, -0.0034654115
, -0.0020728381
, -0.0046637794
, -0.0037024140
, 0.0012473811
, 0.0027140845
, 0.0039850655
, 0.0017259686
, -0.0001823647
, -0.0036138676
, -0.0034878547
, 0.0035651731
, 0.0133206965
, 0.0175757911
, 0.0196145419
, 0.0161468107
, 0.0153169222
, 0.0181526504
, 0.0174468625
, 0.0163694564
, 0.0111459689
, 0.0096979029
, 0.0123438723
, 0.0116306255
, 0.0114721153
, 0.0095692398
, 0.0097493809
, 0.0131159108
, 0.0128930695
, 0.0117062088
, 0.0064120046
, 0.0049824254
, 0.0078847427
, 0.0076598017
, 0.0073124934
, 0.0028880776
, -0.0009652096
, -0.0071610590
, -0.0114977062
, -0.0183941424
, -0.0221224502
, -0.0261342023
, -0.0324556977
, -0.0341650769
, -0.0283696186
, -0.0180797018
, -0.0108231660
, -0.0050413590
, -0.0045240964
, -0.0017501009
, 0.0030675968
, 0.0034828519
, 0.0051638079
, 0.0088143358
, 0.0063977004
, 0.0042407215
, 0.0056388057
, 0.0060997726
, 0.0086592985
, 0.0129302312
, 0.0118729044
, 0.0130022541
, 0.0169114992
, 0.0163170509
, 0.0147964936
, 0.0091094431
, 0.0066800630
, 0.0082846833
, 0.0067115766
, 0.0083232494
, 0.0132048605
, 0.0137370806
, 0.0142859900
, 0.0126212342
, 0.0121627869
, 0.0139666004
, 0.0115108714
, 0.0088943988
, 0.0032043788
, 0.0012093099
, 0.0033319832
, 0.0024156310
, 0.0044899345
, 0.0095498292
, 0.0103833079
, 0.0100512169
, 0.0051116017
, 0.0035226524
, 0.0070708310
, 0.0097044250
, 0.0104793999
, 0.0056413822
, 0.0032235088
, 0.0044818423
, 0.0025940954
, 0.0040397276
, 0.0088107437
, 0.0095060971
, 0.0128890760
, 0.0184969027
, 0.0191765912
, 0.0183351729
, 0.0131687745
, 0.0110771442
, 0.0111164665
, 0.0029920519
, -0.0018441820
, -0.0029912957
, -0.0077959104
, -0.0121385828
, -0.0189689118
, -0.0206925962
, -0.0157010499
, -0.0129062664
, -0.0080933766
, -0.0012879234
, -0.0005839927
, 0.0012556394
, 0.0074044541
, 0.0138253551
, 0.0151203591
, 0.0168741625
, 0.0119111286
, 0.0087256460
, 0.0088543380
, 0.0056227855
, 0.0057904823
, 0.0095454101
, 0.0094326129
, 0.0086304583
, 0.0036508548
, 0.0021030779
, 0.0044581345
, 0.0036512075
, 0.0063025597
, 0.0116683096
, 0.0132558132
, 0.0158929247
, 0.0129006160
, 0.0112707522
, 0.0155963507
, 0.0233902317
, 0.0265121609
, 0.0270370003
, 0.0218140166
, 0.0159774888
, 0.0064962585
, 0.0015588790
, 0.0050828275
, 0.0133476350
, 0.0173386410
, 0.0191272572
, 0.0161661580
, 0.0181705821
, 0.0219283886
, 0.0205264539
, 0.0204380210
, 0.0233164877
, 0.0230732169
, 0.0212102234
, 0.0145098623
, 0.0112592094
, 0.0123201134
, 0.0104089510
, 0.0118297935
, 0.0166124348
, 0.0170561410
, 0.0165972319
, 0.0129983397
, 0.0129324943
, 0.0128306653
, 0.0126915891
, 0.0069297138
, 0.0041646296
, 0.0055309730
, 0.0037434460
, 0.0035830566
, 0.0001891382
, 0.0002006214
, 0.0037922845
, 0.0023248426
, 0.0029015748
, 0.0078133596
, 0.0135021461
, 0.0147284418
, 0.0196209941
, 0.0248371363
, 0.0239672419
, 0.0246048793
, 0.0277763847
, 0.0266489163
, 0.0243957378
, 0.0176497065
, 0.0146992691
, 0.0161172170
, 0.0124801807
, 0.0046351696
, -0.0016833748
, -0.0008992766
, 0.0047738068
, 0.0076783788
, 0.0110443681
, 0.0078240866
, 0.0069332626
, 0.0093558114
, 0.0080342228
, 0.0096473033
, 0.0144181494
, 0.0150214303
, 0.0147817656
, 0.0100446809
, 0.0053342176
, -0.0023748807
, -0.0051610670
, -0.0026926249
, -0.0029582062
, -0.0023499606
, -0.0037316915
, -0.0030958876
, 0.0007669566
, 0.0006565597
, 0.0030799180
, 0.0084795542
, 0.0097157601
, 0.0098630069
, 0.0052611316
, 0.0039806874
, 0.0067553367
, 0.0063436036
, 0.0088924915
, 0.0142986951
, 0.0150242923
, 0.0157211777
, 0.0132596241
, 0.0068518934
, 0.0007078567
, -0.0093160598
, -0.0149786659
, -0.0147474986
, -0.0169328973
, -0.0138749499
, -0.0067607057
, -0.0025957043
, 0.0033451193
, 0.0096040759
, 0.0102673937
, 0.0107725086
, 0.0106081543
, 0.0165795088
, 0.0223589446
, 0.0270765256
, 0.0315321833
, 0.0298507232
, 0.0297164395
, 0.0320843346
, 0.0300408229
, 0.0271242745
, 0.0201165564
, 0.0169023629
, 0.0179907344
, 0.0159463678
, 0.0141533632
, 0.0093014641
, 0.0073823724
, 0.0100244423
, 0.0102265356
, 0.0100192986
, 0.0156240603
, 0.0184695330
, 0.0204215031
, 0.0171502624
, 0.0164631698
, 0.0190069359
, 0.0178100802
, 0.0163409933
, 0.0110628325
, 0.0102979373
, 0.0130858282
, 0.0118679190
, 0.0102417050
, 0.0053974288
, 0.0059538255
, 0.0079565952
, 0.0048427652
, 0.0014912259
, -0.0048712334
, -0.0083183823
, -0.0127732288
, -0.0134003125
, -0.0105657484
, -0.0110374615
, -0.0078546731
, -0.0012408944
, 0.0005536543
, 0.0043566506
, 0.0108756302
, 0.0133358324
, 0.0172650758
, 0.0163473748
, 0.0076778340
, 0.0014393469
, -0.0002759412
, -0.0044688992
