StateVariable_6=[7.0000000000
, 6.9975790977
, 6.9854464531
, 6.9596300125
, 6.9102621078
, 6.8316879272
, 6.7226533890
, 6.5891036987
, 6.4327039719
, 6.2523508072
, 6.0497832298
, 5.8328299522
, 5.6039814949
, 5.3620572090
, 5.1055803299
, 4.8362493515
, 4.5616588593
, 4.2840385437
, 4.0042400360
, 3.7256309986
, 3.4485573769
, 3.1700537205
, 2.8863878250
, 2.5971436501
, 2.3083205223
, 2.0206599236
, 1.7334270477
, 1.4484248161
, 1.1593255997
, 0.8685989380
, 0.5791053772
, 0.2958807945
, 0.0168390274
, -0.2611918449
, -0.5406394005
, -0.8200092316
, -1.0958337784
, -1.3615331650
, -1.6111392975
, -1.8471965790
, -2.0671844482
, -2.2702722549
, -2.4591770172
, -2.6287403107
, -2.7799310684
, -2.9089126587
, -3.0223608017
, -3.1214742661
, -3.2020072937
, -3.2686033249
, -3.3191547394
, -3.3517427444
, -3.3671665192
, -3.3617658615
, -3.3374423981
, -3.2987318039
, -3.2518653870
, -3.2009248734
, -3.1393041611
, -3.0630025864
, -2.9778108597
, -2.8857316971
, -2.7900323868
, -2.6882619858
, -2.5816822052
, -2.4727287292
, -2.3620929718
, -2.2480688095
, -2.1347818375
, -2.0244426727
, -1.9139003754
, -1.8088073730
, -1.7068910599
, -1.6081542969
, -1.5124425888
, -1.4166364670
, -1.3264598846
, -1.2391090393
, -1.1542587280
, -1.0736503601
, -0.9992561340
, -0.9320311546
, -0.8700437546
, -0.8081450462
, -0.7443966866
, -0.6864147186
, -0.6341657639
, -0.5912976265
, -0.5522799492
, -0.5141286850
, -0.4766402245
, -0.4408173561
, -0.4100027084
, -0.3901948929
, -0.3752012253
, -0.3609542847
, -0.3465771675
, -0.3315057755
, -0.3157935143
, -0.3031034470
, -0.2909302711
, -0.2798719406
, -0.2705626488
, -0.2651453018
, -0.2687258720
, -0.2748246193
, -0.2794046402
, -0.2811326981
, -0.2801179886
, -0.2773165703
, -0.2733616829
, -0.2687973976
, -0.2640409470
, -0.2604603767
, -0.2607111931
, -0.2620573044
, -0.2632260323
, -0.2640547752
, -0.2635927200
, -0.2610197067
, -0.2577929497
, -0.2541284561
, -0.2510576248
, -0.2491407394
, -0.2469754219
, -0.2449121475
, -0.2442154884
, -0.2435917854
, -0.2368006706
, -0.2278308868
, -0.2199592590
, -0.2130427361
, -0.2013735771
, -0.1906256676
, -0.1839985847
, -0.1793198586
, -0.1705136299
, -0.1627869606
, -0.1594295502
, -0.1581087112
, -0.1525506973
, -0.1453905106
, -0.1346426010
, -0.1267666817
, -0.1224093437
, -0.1157112122
, -0.1110424995
, -0.1100826263
, -0.1070380211
, -0.1041512489
, -0.0985798836
, -0.0934500694
, -0.0864996910
, -0.0812053680
, -0.0747294426
, -0.0703530312
, -0.0650863647
, -0.0618543625
, -0.0578012466
, -0.0558438301
, -0.0528874397
, -0.0514769554
, -0.0481309891
, -0.0474529266
, -0.0436434746
, -0.0366673470
, -0.0322175026
, -0.0281963348
, -0.0276436806
, -0.0270805359
, -0.0289750099
, -0.0299072266
, -0.0325570107
, -0.0337243080
, -0.0362715721
, -0.0346670151
, -0.0290484428
, -0.0269064903
, -0.0263628960
, -0.0241265297
, -0.0249977112
, -0.0264673233
, -0.0296225548
, -0.0289845467
, -0.0253071785
, -0.0227952003
, -0.0197649002
, -0.0196738243
, -0.0173993111
, -0.0127410889
, -0.0115604401
, -0.0100235939
, -0.0085768700
, -0.0106863976
, -0.0093793869
, -0.0061783791
, -0.0059947968
, -0.0063109398
, -0.0099272728
, -0.0130777359
, -0.0180673599
, -0.0189995766
, -0.0160274506
, -0.0151267052
, -0.0141863823
, -0.0161266327
, -0.0150728226
, -0.0109648705
, -0.0097088814
, -0.0085096359
, -0.0096020699
, -0.0113224983
, -0.0156459808
, -0.0188598633
, -0.0228219032
, -0.0228152275
, -0.0189929008
, -0.0173039436
, -0.0158782005
, -0.0174922943
, -0.0163884163
, -0.0122961998
, -0.0109229088
, -0.0097260475
, -0.0112233162
, -0.0124187469
, -0.0147447586
, -0.0143308640
, -0.0086956024
, -0.0011401176
, 0.0020980835
, 0.0035924911
, 0.0008959770
, 0.0002498627
, 0.0023860931
, 0.0018014908
, 0.0009489059
, -0.0030164719
, -0.0040450096
, -0.0019593239
, -0.0024557114
, -0.0025215149
, -0.0038914680
, -0.0036845207
, -0.0010623932
, -0.0012078285
, -0.0020780563
, -0.0060315132
, -0.0069808960
, -0.0046381950
, -0.0047078133
, -0.0048685074
, -0.0081048012
, -0.0108394623
, -0.0152840614
, -0.0182304382
, -0.0230450630
, -0.0253515244
, -0.0278286934
, -0.0320053101
, -0.0326085091
, -0.0275287628
, -0.0191597939
, -0.0132660866
, -0.0086126328
, -0.0080356598
, -0.0057678223
, -0.0020046234
, -0.0016479492
, -0.0003428459
, 0.0024218559
, 0.0005445480
, -0.0010962486
, -0.0000166893
, 0.0003318787
, 0.0022578239
, 0.0054349899
, 0.0045189857
, 0.0052742958
, 0.0081129074
, 0.0074887276
, 0.0061783791
, 0.0017499924
, -0.0001225471
, 0.0010919571
, -0.0001196861
, 0.0011000633
, 0.0047631264
, 0.0050621033
, 0.0053653717
, 0.0039935112
, 0.0035610199
, 0.0048465729
, 0.0028872490
, 0.0008487701
, -0.0034670830
, -0.0048990250
, -0.0031900406
, -0.0038132668
, -0.0021643639
, 0.0017037392
, 0.0022964478
, 0.0019960403
, -0.0017776489
, -0.0029392242
, -0.0001959801
, 0.0017976761
, 0.0023441315
, -0.0013604164
, -0.0031571388
, -0.0021386147
, -0.0035181046
, -0.0023503304
, 0.0013036728
, 0.0018005371
, 0.0043168068
, 0.0084586143
, 0.0087895393
, 0.0079636574
, 0.0038900375
, 0.0022263527
, 0.0022068024
, -0.0039758682
, -0.0075435638
, -0.0082478523
, -0.0116987228
, -0.0147252083
, -0.0195670128
, -0.0204424858
, -0.0162305832
, -0.0137710571
, -0.0098385811
, -0.0044870377
, -0.0038585663
, -0.0023860931
, 0.0023097992
, 0.0071091652
, 0.0079307556
, 0.0090866089
, 0.0051422119
, 0.0026254654
, 0.0026659966
, 0.0001678467
, 0.0002908707
, 0.0031204224
, 0.0029678345
, 0.0022978783
, -0.0015125275
, -0.0026488304
, -0.0008130074
, -0.0014047623
, 0.0006279945
, 0.0046668053
, 0.0057630539
, 0.0076313019
, 0.0052070618
, 0.0038638115
, 0.0070471764
, 0.0127801895
, 0.0148630142
, 0.0149383545
, 0.0106711388
, 0.0060329437
, -0.0012578964
, -0.0049595833
, -0.0021910667
, 0.0040979385
, 0.0070238113
, 0.0082230568
, 0.0058069229
, 0.0071973801
, 0.0098795891
, 0.0086083412
, 0.0083556175
, 0.0103473663
, 0.0099415779
, 0.0083198547
, 0.0030798912
, 0.0005583763
, 0.0013475418
, -0.0001249313
, 0.0009508133
, 0.0045423508
, 0.0047793388
, 0.0043292046
, 0.0015172958
, 0.0014343262
, 0.0013265610
, 0.0011930466
, -0.0031843185
, -0.0052037239
, -0.0040597916
, -0.0053210258
, -0.0053272247
, -0.0077757835
, -0.0075988770
, -0.0047230721
, -0.0057291985
, -0.0051708221
, -0.0013499260
, 0.0029754639
, 0.0038361549
, 0.0074505806
, 0.0112290382
, 0.0103297234
, 0.0105881691
, 0.0127544403
, 0.0116276741
, 0.0096750259
, 0.0043711662
, 0.0020484924
, 0.0030751228
, 0.0002617836
, -0.0056710243
, -0.0103206635
, -0.0095057487
, -0.0050158501
, -0.0027132034
, -0.0001125336
, -0.0025420189
, -0.0031599998
, -0.0012621880
, -0.0022330284
, -0.0009665489
, 0.0026574135
, 0.0030555725
, 0.0028085709
, -0.0008296967
, -0.0043692589
, -0.0100970268
, -0.0119829178
, -0.0098600388
, -0.0098476410
, -0.0091729164
, -0.0100212097
, -0.0093240738
, -0.0062055588
, -0.0061550140
, -0.0041918755
, -0.0000233650
, 0.0009107590
, 0.0010023117
, -0.0024948120
, -0.0034079552
, -0.0012388229
, -0.0015230179
, 0.0004348755
, 0.0045084953
, 0.0049591064
, 0.0053758621
, 0.0033998489
, -0.0015130043
, -0.0061211586
, -0.0135607719
, -0.0175428391
, -0.0169920921
, -0.0182719231
, -0.0155692101
, -0.0098586082
, -0.0065002441
, -0.0018734932
, 0.0028939247
, 0.0033321381
, 0.0036406517
, 0.0034403801
, 0.0078721046
, 0.0120725632
, 0.0153746605
, 0.0184082985
, 0.0167407990
, 0.0162777901
, 0.0177145004
, 0.0157885551
, 0.0132446289
, 0.0076661110
, 0.0050730705
, 0.0057854652
, 0.0041165352
, 0.0026731491
, -0.0010490417
, -0.0024757385
, -0.0004267693
, -0.0002641678
, -0.0004162788
, 0.0038256645
, 0.0058917999
, 0.0072388649
, 0.0046119690
, 0.0039935112
, 0.0058283806
, 0.0047984123
, 0.0035853386
, -0.0004782677
, -0.0010457039
, 0.0010824203
, 0.0001392365
, -0.0010919571
, -0.0047254562
, -0.0041899681
, -0.0025959015
, -0.0048913956
, -0.0073170662
, -0.0119624138
, -0.0143055916
, -0.0173635483
, -0.0174636841
, -0.0149459839
, -0.0149788857
, -0.0122513771
