StateVariable_7=[0.0000000000
, 0.0070444630
, 0.0150085706
, 0.0208998974
, 0.0278219059
, 0.0346535929
, 0.0413701981
, 0.0479817055
, 0.0543873906
, 0.0606447421
, 0.0666896924
, 0.0725371018
, 0.0781315491
, 0.0834893212
, 0.0885989815
, 0.0934352353
, 0.0979968905
, 0.1023203433
, 0.1068623587
, 0.1100533605
, 0.1135019213
, 0.1166694313
, 0.1195558161
, 0.1221529618
, 0.1244670525
, 0.1264861077
, 0.1282179654
, 0.1296652257
, 0.1308245510
, 0.1317353696
, 0.1322897524
, 0.1325841248
, 0.1326010376
, 0.1323383003
, 0.1317196488
, 0.1310227960
, 0.1299315691
, 0.1285654008
, 0.1269610375
, 0.1251092255
, 0.1230436936
, 0.1207754612
, 0.1183182448
, 0.1156895086
, 0.1129026264
, 0.1099986658
, 0.1069763005
, 0.1038573161
, 0.1006553099
, 0.0973017365
, 0.0939716250
, 0.0906309411
, 0.0872721896
, 0.0839188248
, 0.0805703700
, 0.0772604272
, 0.0740251467
, 0.0708187744
, 0.0677005127
, 0.0646093264
, 0.0616288334
, 0.0587699413
, 0.0560078025
, 0.0533399805
, 0.0507539064
, 0.0482522473
, 0.0455629937
, 0.0436357260
, 0.0415205844
, 0.0394961424
, 0.0375822410
, 0.0357748829
, 0.0340666249
, 0.0324597582
, 0.0309447441
, 0.0295293834
, 0.0282029230
, 0.0269648060
, 0.0258105472
, 0.0247368980
, 0.0237376411
, 0.0227962881
, 0.0218065288
, 0.0211170185
, 0.0203713607
, 0.0196861085
, 0.0190513711
, 0.0184606053
, 0.0179087687
, 0.0173942279
, 0.0169179700
, 0.0164767988
, 0.0160671249
, 0.0156766176
, 0.0153010786
, 0.0149404490
, 0.0145938722
, 0.0142576266
, 0.0138997063
, 0.0136408573
, 0.0133501571
, 0.0130707612
, 0.0127997389
, 0.0125345932
, 0.0122656543
, 0.0119912950
, 0.0117118908
, 0.0114305047
, 0.0111508630
, 0.0108735468
, 0.0106001850
, 0.0103313876
, 0.0100671351
, 0.0097994618
, 0.0095385415
, 0.0092771379
, 0.0090152295
, 0.0087513858
, 0.0084856050
, 0.0082256813
, 0.0079670129
, 0.0077133146
, 0.0074639409
, 0.0072133285
, 0.0069663534
, 0.0067224707
, 0.0064811357
, 0.0062395660
, 0.0060023875
, 0.0057733958
, 0.0055549098
, 0.0053416947
, 0.0051406655
, 0.0049500396
, 0.0047660409
, 0.0045867213
, 0.0044160541
, 0.0042534135
, 0.0040939841
, 0.0039358754
, 0.0037831874
, 0.0036379278
, 0.0035032851
, 0.0033765186
, 0.0032541093
, 0.0031374251
, 0.0030271264
, 0.0029170439
, 0.0028100924
, 0.0027061175
, 0.0026073707
, 0.0025140047
, 0.0024275738
, 0.0023463038
, 0.0022716338
, 0.0022012808
, 0.0021361427
, 0.0020743373
, 0.0020165362
, 0.0019606922
, 0.0019078049
, 0.0018558960
, 0.0018081306
, 0.0017606351
, 0.0017170655
, 0.0016803690
, 0.0016481515
, 0.0016199775
, 0.0015923339
, 0.0015652534
, 0.0015362783
, 0.0015063711
, 0.0014738141
, 0.0014400898
, 0.0014038183
, 0.0013691237
, 0.0013400753
, 0.0013124691
, 0.0012859952
, 0.0012619486
, 0.0012371606
, 0.0012105613
, 0.0011809148
, 0.0011521969
, 0.0011266569
, 0.0011038617
, 0.0010840633
, 0.0010644387
, 0.0010470533
, 0.0010343236
, 0.0010228406
, 0.0010129433
, 0.0010043947
, 0.0009935920
, 0.0009843147
, 0.0009781208
, 0.0009721309
, 0.0009658307
, 0.0009559034
, 0.0009428257
, 0.0009247440
, 0.0009057595
, 0.0008897320
, 0.0008746053
, 0.0008604189
, 0.0008442795
, 0.0008292067
, 0.0008182505
, 0.0008085416
, 0.0007999537
, 0.0007904400
, 0.0007790892
, 0.0007634823
, 0.0007444961
, 0.0007217519
, 0.0006989366
, 0.0006799267
, 0.0006626520
, 0.0006467612
, 0.0006292828
, 0.0006128944
, 0.0006005982
, 0.0005896753
, 0.0005799007
, 0.0005687334
, 0.0005561581
, 0.0005415373
, 0.0005271951
, 0.0005185429
, 0.0005174028
, 0.0005195008
, 0.0005230933
, 0.0005239886
, 0.0005242386
, 0.0005266247
, 0.0005284277
, 0.0005293758
, 0.0005263569
, 0.0005223152
, 0.0005203558
, 0.0005179021
, 0.0005153405
, 0.0005108614
, 0.0005077859
, 0.0005067217
, 0.0005055179
, 0.0005034382
, 0.0004974066
, 0.0004904257
, 0.0004857875
, 0.0004810760
, 0.0004762114
, 0.0004681066
, 0.0004572487
, 0.0004419386
, 0.0004237701
, 0.0004007251
, 0.0003748409
, 0.0003467787
, 0.0003149364
, 0.0002824911
, 0.0002550313
, 0.0002357276
, 0.0002224842
, 0.0002138569
, 0.0002058077
, 0.0002000739
, 0.0001980625
, 0.0001964255
, 0.0001960827
, 0.0001984903
, 0.0001990293
, 0.0001979340
, 0.0001979170
, 0.0001982456
, 0.0002004995
, 0.0002059161
, 0.0002104391
, 0.0002157134
, 0.0002238191
, 0.0002313079
, 0.0002374966
, 0.0002392422
, 0.0002391197
, 0.0002402116
, 0.0002400919
, 0.0002411929
, 0.0002459521
, 0.0002510184
, 0.0002564738
, 0.0002604070
, 0.0002639680
, 0.0002688065
, 0.0002716937
, 0.0002725460
, 0.0002690904
, 0.0002641957
, 0.0002610028
, 0.0002571929
, 0.0002550303
, 0.0002567355
, 0.0002590301
, 0.0002610261
, 0.0002592498
, 0.0002563083
, 0.0002561092
, 0.0002578859
, 0.0002602300
, 0.0002588742
, 0.0002557196
, 0.0002535810
, 0.0002500629
, 0.0002477126
, 0.0002490153
, 0.0002508217
, 0.0002551277
, 0.0002635933
, 0.0002723686
, 0.0002803585
, 0.0002842388
, 0.0002864652
, 0.0002887257
, 0.0002847129
, 0.0002772204
, 0.0002690139
, 0.0002573351
, 0.0002425848
, 0.0002230823
, 0.0002024701
, 0.0001862123
, 0.0001725223
, 0.0001626750
, 0.0001582180
, 0.0001543629
, 0.0001519868
, 0.0001542696
, 0.0001613787
, 0.0001694428
, 0.0001784077
, 0.0001835452
, 0.0001861663
, 0.0001888301
, 0.0001889979
, 0.0001892888
, 0.0001924092
, 0.0001953770
, 0.0001976768
, 0.0001961655
, 0.0001935188
, 0.0001927058
, 0.0001912964
, 0.0001919228
, 0.0001965896
, 0.0002024397
, 0.0002100200
, 0.0002152052
, 0.0002190624
, 0.0002261096
, 0.0002389334
, 0.0002537456
, 0.0002686840
, 0.0002793551
, 0.0002853780
, 0.0002841211
, 0.0002791615
, 0.0002769704
, 0.0002810754
, 0.0002880872
, 0.0002963037
, 0.0003022129
, 0.0003093139
, 0.0003192091
, 0.0003277744
, 0.0003361300
, 0.0003465551
, 0.0003564302
, 0.0003647500
, 0.0003678274
, 0.0003683858
, 0.0003697333
, 0.0003696084
, 0.0003705600
, 0.0003750986
, 0.0003798779
, 0.0003842219
, 0.0003857581
, 0.0003872142
, 0.0003885351
, 0.0003897202
, 0.0003865384
, 0.0003813306
, 0.0003772879
, 0.0003719173
, 0.0003665901
, 0.0003588345
, 0.0003512226
, 0.0003465393
, 0.0003408049
, 0.0003356774
, 0.0003343423
, 0.0003373228
, 0.0003412134
, 0.0003485583
, 0.0003597873
, 0.0003701079
, 0.0003806961
, 0.0003934618
, 0.0004050792
, 0.0004147462
, 0.0004191210
, 0.0004211695
, 0.0004242446
, 0.0004245119
, 0.0004189504
, 0.0004086379
, 0.0003991406
, 0.0003941203
, 0.0003913753
, 0.0003912642
, 0.0003887158
, 0.0003855609
, 0.0003842998
, 0.0003820668
, 0.0003811003
, 0.0003837577
, 0.0003868160
, 0.0003896245
, 0.0003887956
, 0.0003844263
, 0.0003743293
, 0.0003623358
, 0.0003524844
, 0.0003426368
, 0.0003333410
, 0.0003234540
, 0.0003141066
, 0.0003079111
, 0.0003017616
, 0.0002975697
, 0.0002975463
, 0.0002984570
, 0.0002994585
, 0.0002969637
, 0.0002935557
, 0.0002923158
, 0.0002907928
, 0.0002912277
, 0.0002957321
, 0.0003006913
, 0.0003061800
, 0.0003096196
, 0.0003081116
, 0.0003020216
, 0.0002885287
, 0.0002709120
, 0.0002540475
, 0.0002356077
, 0.0002201036
, 0.0002101791
, 0.0002036840
, 0.0002018262
, 0.0002047201
, 0.0002080633
, 0.0002117498
, 0.0002150749
, 0.0002231188
, 0.0002349279
, 0.0002503026
, 0.0002686794
, 0.0002854202
, 0.0003016980
, 0.0003194125
, 0.0003352011
, 0.0003484566
, 0.0003561227
, 0.0003611958
, 0.0003669813
, 0.0003710978
, 0.0003737867
, 0.0003727447
, 0.0003702689
, 0.0003698364
, 0.0003695372
, 0.0003691814
, 0.0003730039
, 0.0003789058
, 0.0003861382
, 0.0003907502
, 0.0003947404
, 0.0004005688
, 0.0004053754
, 0.0004089576
, 0.0004084765
, 0.0004074352
, 0.0004085158
, 0.0004086552
, 0.0004075642
, 0.0004027712
, 0.0003979696
, 0.0003957897
, 0.0003908940
, 0.0003835834
, 0.0003715410
, 0.0003571507
, 0.0003399038
, 0.0003225136
, 0.0003075795
, 0.0002925764
, 0.0002803142
, 0.0002733455
, 0.0002678595
, 0.0002653601
, 0.0002678420
, 0.0002721741
, 0.0002794455
, 0.0002857402
, 0.0002853681
, 0.0002802955
, 0.0002740381
, 0.0002647817
, 0.0002553213
, 0.0002494321
, 0.0002445322
, 0.0002408552
, 0.0002352760
, 0.0002289794
, 0.0002242164
, 0.0002172302
, 0.0002068313
, 0.0001987157
, 0.0001889634
, 0.0001864376
